time(yyyymm) ts_cwv ts_sst ts_tlt ts_tmt
198001 41.129156 300.590406 276.129969 270.223342
198002 40.962789 300.606826 276.125107 270.262119
198003 41.071936 300.700653 275.300541 269.438926
198004 41.018521 300.780814 276.143230 270.075185
198005 41.412739 300.737924 274.406208 268.547003
198006 40.826557 300.458865 276.007165 269.845051
198007 40.168913 300.107294 275.282579 269.216897
198008 40.191220 299.898223 274.589309 268.644508
198009 40.216501 299.957959 274.605370 268.689276
198010 39.867255 300.223693 276.291003 270.070264
198011 40.291289 300.337636 275.823121 269.748695
198012 39.623330 300.315921 276.273088 270.142693
198101 39.920300 300.310908 275.088673 269.196991
198102 39.752692 300.386812 274.896190 269.090068
198103 39.006604 300.562694 275.877671 269.881372
198104 40.529931 300.750412 276.217921 270.031711
198105 40.945491 300.769647 275.626519 269.506618
198106 40.089802 300.548982 276.071341 269.796742
198107 39.989478 300.272770 275.573964 269.424747
198108 40.501566 300.107907 275.314057 269.261234
198109 40.499022 300.247418 275.694143 269.554449
198110 40.921142 300.506371 276.321219 270.176049
198111 40.837400 300.676796 275.288887 269.426365
198112 40.352806 300.726242 276.937302 270.781408
198201 41.086398 300.722238 276.050945 270.089955
198202 41.170442 300.760417 275.754931 269.928761
198203 41.059900 300.981326 276.192810 270.237550
198204 41.173044 301.113227 276.770671 270.600271
198205 42.320689 301.089184 276.576058 270.370759
198206 41.669306 300.738170 276.704859 270.472203
198207 41.206451 300.432789 276.042739 269.847932
198208 41.361950 300.221692 275.053335 269.121638
198209 40.413629 300.291399 275.247233 269.266051
198210 40.504558 300.458500 274.814459 268.910636
198211 41.152796 300.579472 275.411589 269.462932
198212 40.894532 300.540956 276.844651 270.726816
198301 40.341418 300.409299 276.021615 270.112142
198302 39.519632 300.413130 275.257109 269.443138
198303 39.312943 300.447096 275.347292 269.404020
198304 40.670649 300.611457 275.627866 269.552946
198305 40.996342 300.569187 275.764640 269.622503
198306 40.070209 300.312860 275.110506 268.979517
198307 39.815744 299.959652 275.011403 268.891146
198308 39.899561 299.810902 275.244503 269.114772
198309 39.771398 299.830584 275.081895 269.026970
198310 39.592614 300.034577 275.668312 269.545596
198311 39.320955 300.094782 275.516818 269.431056
198312 39.053040 299.978209 274.672974 268.768640
198401 38.659622 299.798552 273.964117 268.190638
198402 39.080428 299.853669 273.758271 268.023601
198403 38.343783 300.067476 274.409733 268.502626
198404 38.455943 300.279507 275.159366 269.081906
198405 39.569407 300.287493 274.722289 268.668213
198406 38.509914 300.017352 275.308131 269.056532
198407 38.867727 299.764179 274.479576 268.412513
198408 38.349223 299.625398 274.978993 268.817332
198409 39.060766 299.792266 275.420270 269.168817
198410 39.595181 300.009767 274.847470 268.838536
198411 39.757357 300.156670 275.315747 269.219646
198412 39.704832 300.179623 275.764596 269.593974
198501 39.769558 300.147587 275.215680 269.244211
198502 39.992133 300.283504 275.469636 269.502731
198503 40.426767 300.558696 275.455913 269.495631
198504 41.346526 300.796247 276.197119 270.072426
198505 41.743392 300.866292 276.483943 270.261221
198506 40.604292 300.618983 276.263045 270.105517
198507 41.095244 300.333321 275.361241 269.345292
198508 39.900437 300.268752 274.787552 268.855658
198509 41.166949 300.424459 275.767778 269.706365
198510 41.568351 300.688421 276.545494 270.425085
198511 41.743599 300.867351 277.219700 271.077905
198512 41.510422 300.886139 276.796947 270.721010
198601 41.299356 300.859866 276.826238 270.819608
198602 41.019924 300.931865 276.654581 270.765748
198603 41.847281 301.104280 276.584829 270.700624
198604 42.150480 301.323766 277.607891 271.467681
198605 43.160839 301.328795 277.431163 271.260298
198606 42.942805 301.043008 277.075324 270.895506
198607 42.029724 300.603121 275.794842 269.857915
198608 41.245147 300.356725 275.161070 269.304632
198609 41.431388 300.325719 274.699136 268.935271
198610 40.976590 300.464994 275.729199 269.807360
198611 40.816657 300.576167 276.637212 270.526394
198612 40.631252 300.539585 276.163688 270.078340
198701 40.061948 300.448609 275.253573 269.405253
198702 39.885987 300.438694 275.773882 269.800176
198703 40.430721 300.619592 275.884067 269.881306
198704 40.844702 300.835260 275.470522 269.457635
198705 41.723400 300.805823 276.618652 270.357866
198706 40.589833 300.499186 275.458332 269.417932
198707 40.426405 300.237446 275.659960 269.518965
198708 40.492763 300.117618 275.605597 269.530425
198709 40.585128 300.190846 274.703594 268.845382
198710 40.331907 300.421762 276.431233 270.264586
198711 40.642745 300.513547 276.442984 270.303376
198712 40.830772 300.458169 276.515392 270.383083
198801 40.759813 300.388803 275.655624 269.783724
198802 39.518362 300.422320 274.969318 269.146526
198803 40.480021 300.572095 274.802228 268.958034
198804 40.644411 300.688279 275.520081 269.490576
198805 41.423592 300.693213 276.014417 269.904131
198806 40.236134 300.469458 275.854767 269.743758
198807 40.339880 300.218107 275.572526 269.432550
198808 40.670747 300.045508 274.649247 268.738986
198809 40.603647 300.118182 275.649574 269.590605
198810 40.648950 300.454304 276.250142 270.080562
198811 40.241563 300.645131 276.810944 270.628416
198812 40.554466 300.627064 276.335362 270.246989
198901 40.997840 300.580309 276.566141 270.579398
198902 40.864763 300.682717 276.204416 270.230535
198903 41.087550 300.851978 275.768587 269.914452
198904 41.976996 301.054167 276.149438 270.085021
198905 41.990930 301.046510 276.484120 270.335491
198906 41.008312 300.773818 276.466436 270.245850
198907 41.727840 300.449799 275.981634 269.915838
198908 41.066428 300.280432 275.338887 269.424345
198909 41.703875 300.389195 275.685654 269.717600
198910 40.560696 300.593672 275.997382 270.005112
198911 41.504494 300.730129 275.771788 269.850639
198912 41.693481 300.704447 275.724729 269.863176
199001 41.166330 300.730248 276.265776 270.343939
199002 41.100016 300.769266 276.233783 270.352314
199003 40.592570 300.880614 276.567587 270.582001
199004 41.585056 301.032074 276.354561 270.308115
199005 42.059758 301.000726 276.863184 270.647536
199006 41.344659 300.742375 276.288868 270.130487
199007 41.019132 300.396953 276.137934 269.993357
199008 41.093718 300.192640 275.949755 269.875245
199009 40.900075 300.289984 275.753915 269.720081
199010 41.367371 300.433559 276.703889 270.560247
199011 41.166527 300.506757 276.584861 270.539839
199012 40.249036 300.391042 276.370912 270.347151
199101 40.538660 300.284067 275.424594 269.540534
199102 39.936517 300.329674 274.299633 268.613096
199103 39.924696 300.496845 275.677086 269.627423
199104 40.135126 300.697405 275.877715 269.796742
199105 40.427777 300.621878 275.767590 269.669848
199106 39.829855 300.328195 275.875345 269.682800
199107 40.582271 300.044037 275.247898 269.127658
199108 40.071824 299.888324 275.615566 269.506357
199109 39.964653 299.958114 275.523910 269.399718
199110 40.258244 300.183977 274.797417 268.821626
199111 40.601331 300.275977 276.145483 269.965369
199112 39.747865 300.201425 275.043080 269.106550
199201 39.377814 300.088265 275.059654 269.126003
199202 40.101328 300.151856 274.887357 268.992051
199203 39.677210 300.377578 274.989125 269.037251
199204 40.649313 300.630907 275.885755 269.716374
199205 40.637767 300.703496 276.241634 269.969702
199206 40.661602 300.502175 276.052023 269.793000
199207 40.218268 300.303643 275.487401 269.360979
199208 40.347858 300.118629 274.874490 268.993937
199209 40.617133 300.173100 275.091696 269.124979
199210 40.277645 300.386227 276.760498 270.540417
199211 40.283212 300.496090 276.151097 270.140665
199212 39.439632 300.420596 276.512317 270.437600
199301 39.251988 300.345067 275.069567 269.188626
199302 39.512740 300.349777 275.820751 269.825000
199303 40.469378 300.477313 275.932780 269.890910
199304 41.295064 300.699779 276.426690 270.260493
199305 41.053684 300.722045 276.432781 270.209813
199306 41.009680 300.460039 275.689718 269.548198
199307 40.426146 300.159876 275.616566 269.434550
199308 39.809844 300.013366 274.861823 268.897528
199309 39.918281 300.107961 274.928449 268.968557
199310 39.820156 300.297330 275.952588 269.883406
199311 40.245158 300.426102 276.133114 270.090119
199312 40.972774 300.350897 276.294875 270.250805
199401 39.535544 300.293449 276.009790 269.982363
199402 39.429835 300.343433 274.785776 269.009935
199403 40.696983 300.534364 275.823150 269.812318
199404 40.001834 300.734874 275.821079 269.753529
199405 40.613248 300.724316 276.408755 270.142870
199406 39.729979 300.437878 275.854459 269.688362
199407 39.900723 300.167827 275.653991 269.521795
199408 40.733889 300.001408 275.444302 269.391706
199409 40.670468 300.073414 274.861612 268.937208
199410 40.625890 300.286550 275.851291 269.737846
199411 40.649586 300.430875 276.507202 270.374853
199412 39.662217 300.409106 276.526825 270.368445
199501 40.435956 300.323066 275.184923 269.375347
199502 39.448938 300.442074 275.992608 269.974169
199503 39.412623 300.635352 275.989963 269.971930
199504 40.596283 300.889308 275.998227 269.865321
199505 41.613454 300.943430 276.691593 270.438081
199506 40.629414 300.705847 275.761051 269.654370
199507 41.558148 300.446529 275.844191 269.723632
199508 40.926831 300.305621 275.661176 269.655356
199509 41.100933 300.399238 275.547966 269.579722
199510 41.311622 300.582911 275.753942 269.784346
199511 41.274600 300.727184 277.229547 271.100171
199512 42.274527 300.687469 275.830090 269.949622
199601 42.336514 300.667501 276.096694 270.202745
199602 41.113444 300.720687 276.280081 270.416202
199603 40.773617 300.808812 276.369555 270.456252
199604 41.324954 300.859260 276.694060 270.652582
199605 41.760073 300.883473 276.429642 270.221290
199606 41.298524 300.563836 275.875895 269.724310
199607 39.666797 300.162576 275.333587 269.261683
199608 40.052813 299.934416 274.905247 268.971864
199609 39.883821 300.002142 275.325109 269.284435
199610 40.535021 300.211180 276.115696 269.977290
199611 39.500154 300.367668 276.305845 270.192844
199612 39.836108 300.305653 276.370826 270.287943
199701 39.904263 300.314351 275.580509 269.626012
199702 39.678361 300.369832 275.030543 269.265407
199703 40.344263 300.631443 275.685957 269.717186
199704 40.387711 300.814613 275.740622 269.699100
199705 40.933958 300.809244 276.461666 270.183560
199706 40.590022 300.540964 276.354656 270.151396
199707 41.211845 300.263140 275.837494 269.687739
199708 40.829442 300.107885 275.411417 269.400623
199709 40.653726 300.187767 275.427517 269.408632
199710 40.275394 300.403637 275.873963 269.811405
199711 40.818646 300.478882 276.053602 270.043115
199712 40.740284 300.420286 276.201950 270.177516
199801 40.552935 300.318776 274.994112 269.165261
199802 40.230396 300.322773 274.593210 268.876440
199803 39.306327 300.470765 275.503591 269.514064
199804 40.753490 300.681968 274.872232 268.970409
199805 40.977205 300.715211 275.098057 269.025531
199806 40.615419 300.496611 275.571838 269.424507
199807 40.222187 300.216984 274.987761 268.937689
199808 40.820682 300.074594 275.017890 269.067864
199809 40.868831 300.209602 275.836600 269.730491
199810 40.377227 300.434162 275.994001 269.900239
199811 40.404265 300.555381 276.018402 269.945340
199812 40.359916 300.506168 275.569062 269.580958
199901 39.611268 300.424629 275.077558 269.257842
199902 40.481620 300.504085 275.399301 269.412555
199903 40.933859 300.665611 275.371377 269.462444
199904 41.612303 300.927766 276.067410 269.937707
199905 41.818309 300.966746 276.467463 270.237548
199906 40.752569 300.738095 275.588691 269.538806
199907 41.502965 300.528287 275.983659 269.848523
199908 41.950798 300.370993 275.421256 269.522893
199909 42.308281 300.425307 275.579692 269.661755
199910 41.614315 300.664775 275.867570 269.916770
199911 42.206559 300.875609 276.961104 270.823199
199912 42.117812 300.896673 276.737197 270.676606
200001 41.437859 300.907334 276.279527 270.350293
200002 41.608247 301.018389 275.690385 269.956001
200003 41.886564 301.158019 277.282473 271.379271
200004 42.940267 301.264463 276.873010 270.823624
200005 43.217892 301.295172 277.020752 270.867661
200006 41.998834 301.055050 277.144545 270.944320
200007 40.841764 300.720458 276.208795 270.107338
200008 42.238810 300.554955 275.516570 269.619649
200009 42.251072 300.653732 275.484049 269.621252
200010 41.779875 300.858383 276.597874 270.558048
200011 41.502297 300.998145 276.965130 270.896739
200012 41.356466 300.961026 277.161965 271.051115
200101 42.285742 300.921539 276.606171 270.680337
200102 40.772028 300.977844 276.650683 270.704915
200103 40.738248 301.113981 276.523057 270.608890
200104 42.233012 301.323582 277.431756 271.255882
200105 42.530534 301.319476 276.796141 270.669781
200106 43.145769 301.019544 277.003071 270.850121
200107 42.265106 300.708115 276.244479 270.199103
200108 41.781691 300.509094 276.204851 270.188481
200109 42.221013 300.517209 276.192206 270.185424
200110 42.375108 300.717030 276.984454 270.825747
200111 42.273919 300.829517 276.940563 270.833635
200112 41.262378 300.789220 277.030408 270.934716
200201 41.054046 300.768562 276.676610 270.713693
200202 41.355354 300.808982 275.908233 270.061327
200203 41.627547 300.939064 276.158057 270.215302
200204 41.891021 301.169422 277.038635 270.849547
200205 42.447060 301.181201 277.083230 270.853703
200206 42.432163 300.885497 275.818254 269.818356
200207 42.031318 300.553514 275.456206 269.512163
200208 40.821459 300.304589 274.873422 269.096874
200209 41.141151 300.371207 274.955830 269.120007
200210 41.653527 300.619715 276.503254 270.401338
200211 41.314178 300.744561 276.695220 270.615022
200212 41.100155 300.703453 276.684726 270.611452
200301 41.430109 300.637008 276.162184 270.229304
200302 41.661509 300.714992 275.501584 269.696444
200303 40.834131 300.835564 275.371011 269.529261
200304 41.612418 300.921103 275.692305 269.742012
200305 42.034748 300.970793 276.786638 270.582617
200306 41.125946 300.740739 275.975865 269.932881
200307 40.610611 300.424798 274.922247 269.012055
200308 41.270526 300.281449 275.664661 269.639735
200309 41.495496 300.391274 275.966034 269.947648
200310 41.670220 300.658768 276.406373 270.347627
200311 41.581286 300.886422 277.142459 271.030988
200312 41.865776 300.868233 277.128884 271.058937
200401 42.862390 300.858519 276.628358 270.691482
200402 42.253081 301.014659 277.073719 271.109143
200403 42.367006 301.173103 276.948320 271.013227
200404 43.271287 301.402754 277.768823 271.723360
200405 43.369107 301.374794 277.582199 271.453583
200406 42.790131 301.138855 277.223107 271.033309
200407 42.098211 300.800973 276.181624 270.153588
200408 41.439030 300.564030 276.224763 270.236854
200409 42.249374 300.619869 276.537667 270.493179
200410 42.715181 300.934842 277.077745 270.966141
200411 42.793586 301.019176 276.994162 270.966571
200412 42.214901 300.966060 277.261450 271.185133
200501 40.657142 300.864456 276.822460 270.851622
200502 40.810841 300.876062 276.871919 270.873053
200503 40.927837 301.020022 276.207238 270.315429
200504 42.092625 301.189445 276.997754 270.904033
200505 43.043213 301.230722 276.995297 270.806316
200506 42.720949 300.918347 276.611419 270.480204
200507 41.561874 300.518975 275.739640 269.782087
200508 41.909377 300.305977 276.050813 270.046845
200509 41.064810 300.388494 275.471290 269.543064
200510 41.057096 300.594483 276.864084 270.720391
200511 41.159792 300.675444 277.137352 271.043934
200512 40.891775 300.629422 276.688744 270.650095
200601 40.800568 300.549307 275.177373 269.430218
200602 40.934307 300.555158 274.895840 269.134408
200603 41.489145 300.653660 275.873568 269.928735
200604 41.485514 300.875444 275.762717 269.746858
200605 41.290213 300.826936 275.642058 269.621395
200606 40.604235 300.537696 276.410578 270.196400
200607 40.787690 300.279691 275.799682 269.676948
200608 40.679391 300.147415 275.570438 269.506968
200609 40.822303 300.220952 275.467515 269.519545
200610 40.237266 300.481078 276.322501 270.193636
200611 41.155296 300.630408 276.495928 270.393001
200612 41.103078 300.583246 276.419561 270.325028
200701 41.426529 300.571591 275.325386 269.474575
200702 42.024761 300.741328 276.533421 270.544586
200703 41.913027 301.004548 276.157630 270.212762
200704 42.028351 301.184546 277.267456 271.096403
200705 42.522179 301.193951 277.081913 270.859212
200706 42.598013 300.928880 276.792149 270.649985
200707 42.076347 300.625791 276.671610 270.552389
200708 41.669589 300.492375 276.466537 270.348092
200709 42.241580 300.577933 276.231332 270.225798
200710 42.412500 300.742685 276.409693 270.409042
200711 41.901983 300.908280 277.091991 270.973243
200712 41.706983 300.900620 276.978166 270.924361
200801 42.076648 300.873671 276.675997 270.700935
200802 41.771388 300.918076 276.732345 270.785440
200803 41.452002 301.077656 277.040118 271.010345
200804 42.379221 301.238110 276.483698 270.512121
200805 43.394611 301.150822 277.009887 270.834642
200806 42.378627 300.895617 276.881007 270.694623
200807 41.896350 300.553531 276.185010 270.113104
200808 41.102547 300.390367 276.328824 270.204237
200809 41.457227 300.424079 275.731646 269.772560
200810 41.320917 300.645661 276.096973 270.066789
200811 41.546671 300.764973 276.632723 270.573014
200812 41.913084 300.707877 276.864199 270.796211
200901 40.591728 300.652851 275.997010 270.140256
200902 39.984823 300.611587 275.401872 269.585934
200903 40.453321 300.758803 275.395387 269.517182
200904 41.231009 300.951473 276.395421 270.259333
200905 41.386420 300.927152 276.427364 270.251590
200906 41.238656 300.663011 275.890763 269.792734
200907 40.240257 300.333803 275.536006 269.511370
200908 40.968220 300.107388 275.599266 269.582065
200909 41.066382 300.202086 275.435356 269.416393
200910 41.378537 300.435076 274.711725 268.895160
200911 41.195680 300.528260 276.329016 270.234805
200912 40.628437 300.467992 275.804969 269.890758
201001 40.281669 300.337084 274.930305 269.144026
201002 40.256809 300.363467 274.549216 268.802552
201003 40.137819 300.520310 275.572166 269.592017
201004 40.957664 300.801010 276.040247 269.922389
201005 41.771212 300.868784 276.154434 270.008388
201006 40.325535 300.690430 275.871212 269.727702
201007 40.128987 300.470220 275.951827 269.800111
201008 41.075171 300.384205 276.123451 269.982795
201009 41.392416 300.519987 276.205216 270.125652
201010 41.444612 300.827176 276.836477 270.641932
201011 42.544035 300.989984 277.283018 271.164626
201012 42.082955 300.985270 277.309273 271.217837
201101 41.831041 300.871493 277.034966 271.079572
201102 41.361899 300.960031 276.720962 270.800628
201103 41.623791 301.136547 276.983311 271.004593
201104 41.642202 301.255895 277.070631 270.974125
201105 42.991126 301.323995 277.180904 270.988213
201106 42.852789 301.110547 276.996128 270.840658
201107 42.104314 300.750173 276.493850 270.416194
201108 41.831696 300.538048 276.100149 270.101644
201109 42.069456 300.621152 276.387671 270.304647
201110 42.522484 300.828012 275.856264 269.936046
201111 42.279885 300.952206 277.177683 271.055802
201112 41.386811 300.958519 277.508776 271.423297
201201 41.817242 300.936923 277.085901 271.099878
201202 41.582460 301.014800 276.946097 270.964759
201203 41.572008 301.231409 277.043634 271.102880
201204 42.002524 301.409082 277.424128 271.343146
201205 43.050435 301.380657 277.030848 270.927153
201206 42.738872 301.174319 276.997952 270.811751
201207 42.151470 300.904094 276.120177 270.121690
201208 42.394790 300.757427 276.426479 270.434939
201209 42.634449 300.866442 276.314414 270.396804
201210 43.515319 301.149162 276.397460 270.488715
201211 43.627661 301.350503 277.955033 271.843879
201212 43.341591 301.355968 277.888077 271.824952
201301 43.613513 301.288775 277.678548 271.737564
201302 42.734664 301.254644 276.718620 271.022120
201303 43.090241 301.369594 276.435715 270.750554
201304 43.428445 301.569769 277.686545 271.630798
201305 44.531003 301.528860 277.280324 271.165559
201306 43.613881 301.248801 277.102729 271.015943
201307 43.343487 300.967332 276.388493 270.386735
201308 42.570284 300.809155 275.726919 269.900486
201309 42.945451 300.818105 276.357432 270.425109
201310 42.733066 301.065072 277.191886 271.139604
201311 43.093466 301.275227 277.700518 271.562728
201312 42.208042 301.350539 277.416699 271.341666
201401 43.520934 301.302687 276.418242 270.646993
201402 43.775926 301.333171 277.424226 271.579716
201403 43.019944 301.511495 277.378460 271.542381
201404 43.309647 301.652902 277.850509 271.808435
201405 44.179041 301.629943 278.026401 271.886471
201406 43.999941 301.317200 277.471589 271.385961
201407 42.972183 300.940684 276.720499 270.710608
201408 42.654804 300.713702 275.589810 269.798030
201409 42.778305 300.785730 276.740289 270.717719
201410 43.192191 301.001239 276.946419 270.924808
201411 43.300238 301.132133 277.622337 271.560783
201412 42.390768 301.133374 277.221318 271.241307
201501 41.623367 301.071177 276.730389 270.868285
201502 42.913152 301.121472 276.742272 270.862438
201503 42.072017 301.266840 276.792094 270.922138
201504 43.048137 301.468872 276.876419 270.834013
201505 43.970384 301.477519 277.347226 271.207321
201506 42.576368 301.235770 276.707232 270.668329
201507 43.371282 300.947042 276.611199 270.579550
201508 42.937556 300.771463 276.276225 270.337873
201509 43.436036 300.843514 276.280166 270.368622
201510 42.642108 300.987778 276.350378 270.431505
201511 43.241320 301.145964 277.321137 271.236315
201512 43.001549 301.075683 277.206246 271.256658
201601 42.415048 300.961146 276.676447 270.813770
201602 42.450259 301.061353 275.071155 269.439141
201603 42.504971 301.188437 275.723394 269.955490
201604 43.123512 301.334485 276.801571 270.766995
201605 43.948313 301.354502 277.014740 270.898722
201606 42.101370 301.090918 277.216923 271.031759
201607 42.383827 300.829007 276.619961 270.531191
201608 42.656536 300.761422 275.994392 270.123829
201609 43.283683 300.877718 276.384122 270.468294
201610 43.778882 301.122832 277.241448 271.242447
201611 43.823865 301.301847 277.447416 271.459875
201612 42.893193 301.288255 277.750120 271.754399
201701 42.700911 301.173855 277.357830 271.432257
201702 42.769003 301.182170 276.517178 270.785293
201703 43.249808 301.307769 277.318789 271.406671
201704 43.026956 301.451352 277.260990 271.249716
201705 43.059242 301.416747 277.214846 271.042686
201706 42.648057 301.150837 276.524168 270.449479
201707 42.369407 300.872665 276.561983 270.490585
201708 42.767462 300.692938 276.120438 270.171736
201709 42.676520 300.758064 276.460835 270.454669
201710 42.846859 300.941933 276.726014 270.653224
201711 42.649931 301.082581 277.253155 271.173557
201712 41.988488 300.979865 277.276419 271.222424
201801 42.287333 300.860123 276.473598 270.592928
201802 41.573121 300.874793 276.485538 270.612677
201803 41.934666 301.001409 275.724274 269.899742
201804 42.711989 301.281648 277.152814 271.015192
201805 42.562228 301.320123 277.139134 270.931584
201806 42.911614 301.073613 276.857421 270.670612
201807 42.466060 300.845605 275.796132 269.817239
201808 42.199332 300.696421 275.832741 269.909039
201809 42.950128 300.769078 276.255697 270.263602
201810 42.861767 301.011677 276.930327 270.835131
201811 43.084094 301.189383 277.378004 271.313260
201812 41.950934 301.232246 277.822308 271.754303
201901 43.073439 301.183835 277.131319 271.222522
201902 43.598315 301.277667 277.148271 271.272798
201903 43.221192 301.533261 277.594879 271.602536
201904 44.097992 301.740568 278.077837 272.019753
201905 44.604034 301.727810 278.040892 271.893404
201906 43.981219 301.484650 277.963196 271.875696
201907 43.965451 301.179652 277.302099 271.294993
201908 43.989066 301.042403 276.922204 270.975423
201909 44.457420 301.106166 276.644637 270.815226
201910 43.306034 301.345627 277.957840 271.814248
201911 43.828826 301.445051 278.302803 272.192968
201912 43.740767 301.444879 278.337455 272.265728
202001 43.989640 301.413249 277.953692 272.004071
202002 44.104292 301.504193 277.697021 271.821592
202003 43.116834 301.677296 277.747120 271.839244
202004 43.929386 301.780590 277.749411 271.791725
202005 45.233471 301.851968 277.930680 271.778903
202006 44.800143 301.577705 277.408135 271.331118
202007 43.802043 301.241701 276.809059 270.805435
202008 42.955277 301.057653 276.461136 270.560566
202009 44.286230 301.075999 276.804743 270.955313
202010 43.535291 301.253217 277.317710 271.376298
202011 43.885445 301.362696 277.813492 271.815039
202012 42.948119 301.284237 277.769700 271.769384
202101 42.888482 301.295298 277.639252 271.693187
202102 42.466867 301.302913 276.751027 271.028015
202103 43.038394 301.429153 277.437815 271.541832
202104 43.268096 301.626516 277.622408 271.566489
202105 44.353034 301.673698 277.838205 271.671884
202106 43.504790 301.423908 277.011189 270.979996
202107 43.642065 301.114587 276.585486 270.629970
202108 43.985925 300.940386 276.492681 270.607882
202109 43.679058 300.997981 276.982159 271.014650
202110 43.976433 301.233398 277.526237 271.516775
202111 42.863095 301.432020 278.093238 271.988105
202112 43.375134 301.419213 277.988158 271.921892
202201 43.671886 301.393837 277.581887 271.651562
202202 43.623191 301.462824 277.124128 271.279250
202203 43.752355 301.648708 277.289551 271.521849
202204 43.898931 301.871985 277.997051 271.928424
202205 44.916317 301.899032 278.067135 271.906997
202206 44.792302 301.594270 277.495667 271.490971
202207 43.987569 301.223346 276.429090 270.603165
202208 43.777569 300.990929 276.434495 270.594588
202209 44.114190 301.035360 276.698499 270.822021
202210 43.544835 301.212563 276.891971 270.976245
202211 43.523507 301.369168 277.435606 271.490422
202212 43.221177 301.382498 277.846307 271.836531
202301 42.384908 301.379442 277.329139 271.425188
202302 43.152758 301.344355 277.192895 271.371667
202303 43.300047 301.490967 277.140868 271.301064
202304 43.984257 301.696182 277.196650 271.230880
202305 44.382156 301.643391 277.678849 271.538776
202306 43.592295 301.382176 277.361198 271.271170
202307 43.820122 301.097838 276.732063 270.769620
202308 44.053015 300.962103 276.676781 270.767467
202309 44.014642 301.040259 277.141650 271.191080
202310 44.047116 301.264585 277.626956 271.628798
202311 44.182401 301.346271 277.976161 271.953481
202312 44.519494 301.287495 277.710333 271.719367
202401 43.028286 301.227621 277.359362 271.498039
202402 42.549320 301.274766 277.048622 271.199367
202403 42.195091 301.424358 276.905523 271.042160
202404 44.293535 301.609950 277.335288 271.342767
202405 44.629755 301.623874 277.798032 271.658055
202406 43.744567 301.354669 276.998543 270.973817
202407 43.947745 301.061721 276.907036 270.918744
202408 43.965771 300.919711 276.741856 270.803106
202409 43.224484 300.988057 276.975594 270.971504
202410 44.308057 301.200633 277.080825 271.087948
202411 43.279434 301.291956 277.388454 271.390162
202412 42.763895 301.209181 277.554016 271.522340
