time(yyyymm) ts_cwv ts_sst ts_tlt ts_tmt
198001 39.788311 300.120262 276.114203 269.796529
198002 39.962603 300.264044 276.177623 269.819918
198003 40.307059 300.473716 276.553369 270.188499
198004 41.581762 300.645031 276.499997 270.072364
198005 41.761586 300.584265 276.349789 269.905628
198006 41.256632 300.342761 276.174753 269.731987
198007 40.913789 300.129895 276.102287 269.698757
198008 40.878212 300.016542 276.379273 270.043968
198009 40.638069 300.172332 276.520834 270.142604
198010 41.171023 300.445603 276.592104 270.173572
198011 41.806560 300.635568 276.695090 270.291937
198012 42.245712 300.575091 276.838823 270.500671
198101 41.495061 300.630375 276.960737 270.659715
198102 41.920962 300.776236 277.220110 270.974810
198103 42.033750 300.901046 277.397869 271.164700
198104 42.261750 300.921098 277.018231 270.705092
198105 42.134435 300.842246 276.513218 270.067004
198106 41.839503 300.512294 276.364765 269.919080
198107 41.965575 300.088211 276.093560 269.752766
198108 40.745187 299.860880 276.152122 269.805214
198109 41.187416 299.946286 276.242281 269.848917
198110 40.233605 300.231377 276.264016 269.850219
198111 41.148385 300.413307 276.525866 270.134672
198112 41.577000 300.501520 276.646710 270.281315
198201 40.855170 300.525871 276.615489 270.345813
198202 41.483533 300.563724 276.915778 270.655830
198203 40.792553 300.737899 277.017452 270.737936
198204 41.938457 300.886648 276.940834 270.593056
198205 42.273417 300.723384 276.593103 270.214677
198206 41.216456 300.364750 276.199258 269.781429
198207 41.015955 299.988178 275.874068 269.488092
198208 39.609487 299.727733 275.820748 269.451754
198209 40.263702 299.805949 275.970082 269.567499
198210 40.283990 300.126104 276.039175 269.591918
198211 40.994874 300.357083 276.301580 269.874026
198212 41.850892 300.376183 276.314016 269.931280
198301 40.746161 300.489010 276.442123 270.089073
198302 40.715934 300.476643 276.894099 270.648147
198303 40.618759 300.628904 276.910884 270.616437
198304 41.672580 300.795158 276.598728 270.235704
198305 42.496960 300.738011 276.634676 270.200125
198306 41.666503 300.478961 276.318110 269.874563
198307 40.944632 300.095403 276.040311 269.670794
198308 40.750308 299.940640 275.979495 269.598432
198309 41.325410 300.017861 276.185588 269.804541
198310 41.213726 300.267489 276.437979 270.028425
198311 41.638571 300.405492 276.554875 270.177744
198312 40.439828 300.480966 276.627645 270.248898
198401 41.274696 300.522440 276.751684 270.472277
198402 41.186888 300.622660 277.109592 270.862088
198403 40.972835 300.879186 277.174872 270.888406
198404 41.756596 300.914104 277.168739 270.853748
198405 42.063247 300.790719 276.692869 270.319684
198406 41.801048 300.487259 276.326837 269.901477
198407 41.053753 300.074630 276.119855 269.760462
198408 40.525308 299.867717 275.988661 269.608612
198409 40.572844 299.930813 276.123765 269.720213
198410 40.186165 300.088926 276.224946 269.816678
198411 40.870541 300.236009 276.315503 269.920076
198412 40.643552 300.249657 276.426874 270.063564
198501 40.533640 300.288337 276.437732 270.123131
198502 40.024953 300.395927 276.654701 270.350418
198503 41.078206 300.611983 276.726178 270.410980
198504 41.936817 300.735570 276.703526 270.347848
198505 42.663141 300.630539 276.624794 270.211202
198506 41.818893 300.285915 276.332615 269.934559
198507 40.892990 299.883437 275.737109 269.365496
198508 40.000528 299.716277 275.798045 269.425813
198509 40.258344 299.739285 276.108209 269.762146
198510 39.574898 299.979872 276.082156 269.650488
198511 40.152198 300.200234 276.152461 269.729318
198512 40.414403 300.260340 276.173136 269.792473
198601 40.415717 300.220913 276.238137 269.915530
198602 39.563424 300.321477 276.328606 270.030914
198603 40.887568 300.512719 276.542152 270.176976
198604 40.888898 300.686136 276.525765 270.139418
198605 41.155126 300.516427 276.210658 269.805179
198606 40.982216 300.213753 275.860662 269.427666
198607 40.996111 299.872502 275.717500 269.327620
198608 40.303153 299.659557 275.834708 269.498912
198609 39.894729 299.753962 276.047008 269.642663
198610 39.589435 300.005673 276.015570 269.588235
198611 40.000050 300.191450 276.277513 269.895451
198612 39.870594 300.232182 276.211835 269.841726
198701 40.521695 300.210015 276.282130 270.002574
198702 40.571727 300.213573 276.603816 270.326523
198703 40.014084 300.475106 276.397275 270.014351
198704 41.365614 300.583381 276.424727 269.992483
198705 41.127212 300.451581 276.173458 269.688315
198706 40.358860 300.192224 275.801876 269.279999
198707 40.352817 299.894013 275.674099 269.225817
198708 39.820732 299.771247 275.873579 269.494329
198709 40.925718 299.794038 276.118905 269.749249
198710 40.126841 300.086802 276.311216 269.917817
198711 40.355932 300.306739 276.296928 269.897163
198712 40.500514 300.361089 276.422087 270.047167
198801 40.756532 300.413429 276.671705 270.349655
198802 41.233770 300.614398 276.759103 270.464740
198803 41.748687 300.825045 277.292698 271.038699
198804 42.563973 300.980503 277.119470 270.767846
198805 42.474073 300.905129 276.861127 270.495886
198806 41.992820 300.472764 276.504586 270.144626
198807 40.674011 300.126919 276.065199 269.702912
198808 40.626824 299.941743 276.193147 269.833883
198809 41.285521 300.000719 276.439332 270.078333
198810 40.644181 300.283481 276.460273 270.063367
198811 40.741751 300.412843 276.630498 270.239880
198812 40.459159 300.441112 276.588322 270.258549
198901 41.310982 300.384676 276.575812 270.292533
198902 40.158957 300.413716 276.787432 270.537072
198903 41.404089 300.510438 276.826058 270.498922
198904 41.488543 300.695165 276.723715 270.295576
198905 41.950915 300.696949 276.455917 269.986774
198906 41.246864 300.345319 276.133349 269.676485
198907 40.976312 300.097793 275.923041 269.475485
198908 41.278771 300.035139 276.161474 269.783234
198909 41.818233 300.082559 276.416212 270.064251
198910 41.358227 300.349498 276.578316 270.199835
198911 41.393206 300.581131 276.680597 270.296784
198912 41.832005 300.617627 276.740676 270.424088
199001 42.422262 300.595357 276.967319 270.680437
199002 40.957375 300.711691 277.045731 270.794591
199003 42.137607 300.920937 277.338090 271.067607
199004 43.688589 301.129680 277.345393 271.013384
199005 44.243629 301.058600 277.126756 270.741544
199006 42.873228 300.687800 276.821811 270.478021
199007 41.536519 300.288030 276.495818 270.147346
199008 41.570205 300.086200 276.474824 270.150574
199009 41.391550 300.140724 276.448276 270.097037
199010 41.599399 300.319993 276.721722 270.351315
199011 41.300569 300.547584 276.755246 270.372915
199012 41.260713 300.587951 276.670961 270.335164
199101 41.659919 300.561538 277.003107 270.750609
199102 41.056465 300.701234 277.159553 270.931816
199103 41.256081 300.967494 277.321444 271.008502
199104 42.068158 301.065196 277.174945 270.839445
199105 43.469088 300.919345 276.964546 270.558986
199106 42.309838 300.576083 276.589636 270.184368
199107 41.116675 300.235324 276.179241 269.818481
199108 40.895898 300.032747 276.137721 269.818321
199109 40.775098 300.127281 276.441710 270.057840
199110 41.253985 300.288006 276.806139 270.453171
199111 40.550666 300.516442 276.648007 270.246795
199112 41.222400 300.499096 276.511493 270.122878
199201 40.448788 300.445137 276.607984 270.298776
199202 40.309108 300.403167 276.805644 270.520869
199203 40.312183 300.688575 276.749611 270.385788
199204 41.759219 300.821410 276.698569 270.271799
199205 41.890293 300.735779 276.534874 270.066465
199206 40.948561 300.404857 276.166302 269.705201
199207 41.122042 300.045217 275.965261 269.586006
199208 40.784383 299.864586 276.176740 269.801084
199209 40.102219 299.961499 276.209504 269.812846
199210 40.598851 300.139279 276.259220 269.847223
199211 40.362938 300.282557 276.504243 270.113712
199212 40.251077 300.331207 276.278339 269.934764
199301 39.907464 300.277821 276.418521 270.088029
199302 39.750163 300.323176 276.408215 270.059854
199303 40.054076 300.440886 276.479049 270.128831
199304 41.122174 300.626748 276.487276 270.087952
199305 41.966446 300.519505 276.215423 269.749687
199306 40.021067 300.225479 275.940570 269.480922
199307 40.626975 299.977112 275.844791 269.424763
199308 40.872214 299.794124 276.156162 269.838905
199309 40.528552 299.856247 276.239075 269.859856
199310 40.720424 300.137863 276.389391 269.997913
199311 40.756442 300.344682 276.529832 270.149653
199312 40.587531 300.370275 276.527172 270.165710
199401 41.656207 300.421254 276.560093 270.280278
199402 41.997107 300.531599 277.037967 270.796741
199403 41.566295 300.758741 277.121033 270.840842
199404 42.390760 300.828743 276.834091 270.476334
199405 42.609382 300.675748 276.621141 270.221118
199406 41.168772 300.412336 276.122923 269.684064
199407 40.862635 300.013262 275.854643 269.460015
199408 40.360966 299.808621 276.053799 269.671347
199409 40.578041 299.819337 276.163966 269.790496
199410 40.043324 300.050898 276.245662 269.860357
199411 40.329716 300.291216 276.252057 269.836974
199412 40.519972 300.304279 276.280223 269.911728
199501 40.230492 300.303812 276.345093 270.033021
199502 39.945268 300.430520 276.664315 270.331293
199503 40.375483 300.718932 276.739549 270.374220
199504 41.879354 300.931015 276.799000 270.392114
199505 42.459567 300.852789 276.648059 270.212736
199506 41.606464 300.536071 276.350653 269.911925
199507 42.291097 300.134892 276.326065 269.966979
199508 41.254471 299.966457 276.376637 270.057139
199509 41.316988 300.017801 276.439898 270.087494
199510 41.335204 300.218172 276.555955 270.155555
199511 41.480767 300.430230 276.568001 270.206284
199512 41.148804 300.478157 276.585493 270.250830
199601 41.698297 300.465320 276.745626 270.466186
199602 41.627763 300.575201 276.849192 270.607958
199603 42.301338 300.717634 277.162235 270.898502
199604 42.445688 300.818586 276.869137 270.482965
199605 41.819894 300.756150 276.494360 270.056705
199606 41.317092 300.373338 276.239871 269.826562
199607 40.568424 300.018904 275.894887 269.495372
199608 41.481800 299.824426 276.061402 269.679648
199609 41.278026 299.944971 276.294872 269.933319
199610 40.589866 300.156414 276.557442 270.197693
199611 40.930417 300.268807 276.372237 270.006910
199612 40.649792 300.296607 276.442202 270.115711
199701 41.128357 300.311727 276.312451 270.016813
199702 40.733862 300.283041 276.500252 270.231219
199703 41.186011 300.479164 276.608742 270.270362
199704 41.291652 300.588163 276.634770 270.242689
199705 41.840106 300.545028 276.236085 269.779181
199706 41.055983 300.248208 275.927446 269.497759
199707 40.314810 299.971960 275.929708 269.522797
199708 40.893138 299.859878 276.021834 269.640347
199709 40.780943 299.939772 276.302984 269.959763
199710 41.188090 300.145509 276.445125 270.096100
199711 40.632452 300.359805 276.490671 270.114520
199712 40.922068 300.386126 276.454998 270.106423
199801 40.678693 300.363746 276.498759 270.196405
199802 40.289260 300.399802 276.819161 270.566185
199803 40.864721 300.601685 276.864105 270.535541
199804 41.836776 300.784536 276.607995 270.206284
199805 42.384550 300.668673 276.642813 270.222192
199806 41.762143 300.326182 276.173812 269.741596
199807 41.033432 300.035395 276.004927 269.601139
199808 40.849941 299.955740 276.070684 269.685473
199809 41.309675 300.057855 276.387779 270.042509
199810 41.104673 300.289343 276.560663 270.175115
199811 41.327317 300.531972 276.642322 270.300557
199812 41.452402 300.539894 276.812412 270.514800
199901 40.926294 300.592478 276.833677 270.538727
199902 41.304178 300.638502 277.122938 270.893818
199903 41.319740 300.827147 277.269739 270.992428
199904 42.321263 301.015515 277.119742 270.764404
199905 42.979005 300.922524 276.761202 270.347128
199906 42.477984 300.636192 276.523991 270.119692
199907 41.306948 300.333566 276.367624 270.009316
199908 41.335011 300.246185 276.525527 270.175286
199909 41.680566 300.411039 276.790743 270.441006
199910 42.281054 300.701187 276.942777 270.562275
199911 42.599434 300.906999 277.114399 270.762512
199912 42.640230 300.921499 277.214436 270.933394
200001 42.969901 300.931407 277.476224 271.264578
200002 42.214791 301.097249 277.561683 271.351379
200003 43.147194 301.280791 277.809914 271.617354
200004 43.638529 301.390138 277.736637 271.457515
200005 44.095733 301.298108 277.433249 271.080897
200006 43.066602 300.918293 277.114628 270.761817
200007 42.930897 300.548366 276.703228 270.394869
200008 42.339852 300.317346 276.680178 270.421833
200009 41.883025 300.368873 276.897286 270.573400
200010 41.799033 300.613975 276.917915 270.574032
200011 41.933672 300.818821 277.035741 270.698023
200012 41.681115 300.849867 276.869821 270.559799
200101 43.084528 300.794324 277.320604 271.111616
200102 42.513463 300.901295 277.468172 271.261305
200103 41.885200 301.110993 277.574684 271.318067
200104 42.709579 301.365902 277.400588 271.072942
200105 44.517498 301.258227 277.496448 271.172114
200106 43.512858 300.982596 277.267436 270.938146
200107 42.329992 300.613841 276.862887 270.587399
200108 43.032690 300.392877 277.005810 270.760021
200109 42.770484 300.554159 277.130741 270.827916
200110 42.761559 300.819291 277.097907 270.744869
200111 42.992442 300.944606 277.259201 270.962236
200112 43.905488 300.867675 277.367021 271.115134
200201 43.274657 300.806847 277.302789 271.074342
200202 41.529639 300.922205 277.443154 271.239578
200203 41.727387 301.141477 277.383354 271.095863
200204 42.922654 301.273594 277.452155 271.109196
200205 43.582920 301.213311 277.147588 270.762196
200206 42.717228 300.838980 276.855756 270.479067
200207 42.345356 300.430945 276.589953 270.230611
200208 42.283468 300.216056 276.457224 270.154282
200209 42.517778 300.276736 276.696340 270.378248
200210 41.756370 300.469436 276.806701 270.461566
200211 41.518440 300.637360 276.912966 270.552947
200212 41.786480 300.682946 276.807382 270.472635
200301 42.226340 300.596588 277.000199 270.774740
200302 41.270765 300.741973 277.075467 270.831784
200303 41.706934 301.100864 277.183209 270.850248
200304 43.522704 301.271514 277.466631 271.143329
200305 43.610053 301.191779 277.258480 270.898724
200306 43.250152 300.876123 276.851251 270.479013
200307 42.949043 300.516697 276.689210 270.352414
200308 42.553654 300.358873 276.794704 270.504499
200309 42.019908 300.465602 276.860493 270.536150
200310 42.398737 300.702380 276.998252 270.655606
200311 42.626529 300.919921 277.080904 270.734387
200312 43.659244 300.858025 277.480622 271.222304
200401 41.887306 300.905597 277.342811 271.136090
200402 42.356073 300.895516 277.476503 271.298338
200403 42.286610 300.994609 277.467731 271.214513
200404 43.176360 301.187742 277.103266 270.719937
200405 43.147935 301.088668 277.109760 270.724541
200406 42.312438 300.785363 276.789850 270.384325
200407 42.023684 300.466914 276.804817 270.472936
200408 41.893435 300.296837 276.564484 270.249797
200409 41.724381 300.410460 276.915430 270.613507
200410 42.571866 300.604998 277.103390 270.789011
200411 42.669207 300.768346 277.143185 270.830052
200412 42.950738 300.767516 277.053255 270.782420
200501 42.429265 300.747735 277.161807 270.914998
200502 41.778142 300.842221 277.222225 271.006540
200503 42.966325 300.983750 277.459398 271.236472
200504 43.179642 301.141061 277.461046 271.134359
200505 44.087105 301.058200 277.218518 270.847746
200506 42.764859 300.818902 276.923760 270.554592
200507 42.341439 300.551798 276.786957 270.468347
200508 42.490941 300.465170 276.905168 270.578112
200509 42.561058 300.579252 277.153830 270.846000
200510 43.106934 300.836777 277.326065 270.995978
200511 42.741991 301.015685 277.441204 271.123047
200512 43.022378 301.072456 277.499305 271.188970
200601 43.609819 301.064711 277.713022 271.516298
200602 43.613401 301.164752 277.871752 271.718088
200603 43.534718 301.392870 277.887610 271.689719
200604 44.760616 301.565401 277.929973 271.675781
200605 44.164100 301.511338 277.731123 271.447919
200606 43.891947 301.085859 277.396150 271.095255
200607 43.003519 300.701817 277.068081 270.816616
200608 42.985424 300.425996 276.984499 270.710705
200609 41.706722 300.448973 276.992570 270.727844
200610 42.856771 300.571029 276.850758 270.497364
200611 41.659369 300.709044 276.941313 270.605549
200612 42.362968 300.742632 276.892534 270.566355
200701 42.012722 300.700664 276.908751 270.632823
200702 41.976389 300.758865 276.970000 270.701627
200703 42.960596 300.921233 277.283879 271.011973
200704 42.461877 301.131763 277.055662 270.677418
200705 43.890594 301.059258 277.006586 270.602583
200706 42.244670 300.769095 276.596431 270.184127
200707 42.231420 300.461945 276.545759 270.193394
200708 41.889535 300.291473 276.739511 270.412926
200709 41.891960 300.433457 276.851174 270.514963
200710 42.178120 300.681929 276.999928 270.657973
200711 42.735306 300.856488 277.072204 270.730079
200712 42.584417 300.970402 277.015321 270.703966
200801 44.181505 300.934787 277.491725 271.307598
200802 42.857857 300.992987 277.669308 271.523011
200803 43.250252 301.092455 277.803832 271.611640
200804 43.556563 301.190591 277.444726 271.148749
200805 43.839941 301.096123 277.203916 270.833066
200806 42.435602 300.790844 276.846272 270.470922
200807 42.672274 300.505364 276.582314 270.204539
200808 42.536860 300.370696 276.749951 270.416180
200809 42.605831 300.492052 276.923903 270.565257
200810 42.751783 300.700527 277.186088 270.842935
200811 41.306223 300.831592 276.996855 270.647258
200812 42.302491 300.835151 277.010513 270.723901
200901 42.178847 300.776187 277.236952 271.015825
200902 42.264268 300.830453 277.320820 271.083267
200903 42.850554 300.978797 277.351764 271.078342
200904 42.911281 301.159997 277.329785 270.958318
200905 43.472461 301.084829 277.181456 270.809656
200906 42.957511 300.772396 276.963370 270.595637
200907 41.838543 300.489642 276.704718 270.366737
200908 43.104986 300.411088 276.874627 270.555893
200909 42.711324 300.549259 277.157563 270.851977
200910 42.241845 300.840675 277.261600 270.933301
200911 43.544735 301.071372 277.265218 270.930389
200912 43.350442 301.086713 277.511296 271.269348
201001 43.060011 301.146316 277.751757 271.560239
201002 43.455026 301.292995 278.070600 271.927997
201003 43.586756 301.486202 278.304429 272.164734
201004 43.667207 301.548237 278.073256 271.871458
201005 44.220936 301.384590 277.614968 271.319376
201006 43.697514 301.017592 277.113463 270.816738
201007 43.434892 300.539219 276.757421 270.489381
201008 42.445417 300.235696 276.752809 270.493459
201009 42.871541 300.315154 276.747669 270.428792
201010 42.475432 300.525813 276.837466 270.501084
201011 41.708131 300.655115 276.770344 270.441507
201012 41.970232 300.565972 276.801465 270.520855
201101 41.364954 300.537694 276.660168 270.364601
201102 41.064774 300.618024 276.809142 270.540578
201103 42.404809 300.844775 277.048960 270.725890
201104 42.992700 301.084758 277.077634 270.699084
201105 43.201761 301.052471 276.909607 270.496384
201106 42.323757 300.740220 276.757346 270.383587
201107 42.288360 300.450126 276.717553 270.361047
201108 42.694801 300.367339 276.832038 270.523777
201109 42.455777 300.512058 277.014229 270.715094
201110 42.733040 300.803052 277.109883 270.771146
201111 42.435697 300.987686 277.308972 270.966733
201112 42.982709 301.046702 277.357637 271.079056
201201 43.885690 301.072096 277.572283 271.362138
201202 43.366751 301.170471 277.832702 271.641471
201203 43.878695 301.340860 277.994737 271.792399
201204 44.476116 301.466471 277.797257 271.514444
201205 44.628268 301.310151 277.449183 271.093022
201206 43.524534 300.946266 276.928925 270.549123
201207 42.960583 300.555018 276.617147 270.260371
201208 42.599147 300.381193 276.745726 270.385817
201209 42.519270 300.453659 276.999535 270.680670
201210 41.609454 300.678752 277.018315 270.659463
201211 42.615106 300.820773 276.987834 270.644207
201212 42.591620 300.743593 276.976923 270.697332
201301 42.006752 300.715196 277.001288 270.744067
201302 41.263482 300.868214 277.186200 270.877902
201303 42.508921 301.125729 277.404905 271.117346
201304 43.495385 301.355352 277.558015 271.210827
201305 44.178221 301.276187 277.304616 270.917930
201306 43.012922 301.003547 277.015106 270.622622
201307 43.397218 300.686073 277.001946 270.692479
201308 42.942144 300.545704 277.145981 270.895738
201309 43.357326 300.607421 277.113248 270.811293
201310 42.989068 300.879905 277.301459 270.955059
201311 43.113972 301.010651 277.407751 271.097132
201312 43.943149 301.077429 277.556565 271.291410
201401 42.692779 301.138380 277.730335 271.510765
201402 43.699763 301.145308 277.677584 271.488689
201403 43.346137 301.246041 277.875762 271.691857
201404 44.173556 301.260588 277.522343 271.225817
201405 43.976821 301.122520 277.212759 270.872178
201406 43.050869 300.811490 276.953129 270.606509
201407 41.488178 300.471841 276.569751 270.239972
201408 42.266474 300.262666 276.739434 270.476966
201409 41.829780 300.327810 276.924503 270.627305
201410 41.528952 300.526086 276.935418 270.614502
201411 42.841686 300.697554 277.018173 270.694701
201412 41.974972 300.762057 276.894061 270.567962
201501 42.570022 300.741865 276.862934 270.592227
201502 42.446887 300.759320 277.050692 270.821992
201503 42.538366 300.939275 277.185859 270.899745
201504 43.084692 301.134173 277.171455 270.784461
201505 44.004514 300.996972 277.003028 270.609690
201506 42.137305 300.704244 276.512447 270.129170
201507 42.014893 300.426232 276.571609 270.207604
201508 42.263000 300.297789 276.671442 270.362796
201509 42.465155 300.436396 276.845381 270.506139
201510 42.493872 300.785663 277.175613 270.854474
201511 42.747090 301.048410 277.262548 270.936877
201512 43.156109 301.105431 277.308886 271.026003
201601 42.698139 301.159571 277.518562 271.253442
201602 43.781920 301.272024 277.856159 271.655860
201603 43.777728 301.407484 278.191129 272.006679
201604 44.280467 301.495850 277.903948 271.635995
201605 45.140970 301.332751 277.596643 271.269951
201606 43.409761 300.990594 277.289343 270.952081
201607 43.587582 300.668092 277.078853 270.787205
201608 43.409065 300.546615 277.280370 271.035377
201609 43.070115 300.675968 277.274576 270.985332
201610 43.351630 300.954962 277.392622 271.058718
201611 43.987009 301.181692 277.608172 271.307059
201612 43.602877 301.248755 277.768898 271.511990
201701 44.232480 301.197002 277.927699 271.719848
201702 42.969991 301.248258 277.902654 271.734500
201703 43.226243 301.516565 277.955876 271.696686
201704 44.114751 301.666685 277.920842 271.629503
201705 45.219586 301.644420 277.628897 271.278999
201706 44.778479 301.273666 277.415678 271.075709
201707 42.998959 300.854082 277.185634 270.905854
201708 43.632241 300.709224 277.206748 270.931050
201709 43.443956 300.832514 277.380833 271.084924
201710 43.651960 301.091849 277.519660 271.224490
201711 43.982019 301.224907 277.798930 271.539994
201712 43.620453 301.283650 277.828569 271.579805
201801 44.002743 301.297655 278.069067 271.894462
201802 44.169324 301.289416 278.176257 272.064797
201803 44.046121 301.339518 278.120203 271.954772
201804 43.620963 301.403651 277.713508 271.413692
201805 43.847066 301.314852 277.261168 270.871528
201806 43.331131 300.927807 276.955890 270.554798
201807 43.301307 300.569931 276.752676 270.427550
201808 42.999005 300.472791 276.796989 270.474437
201809 43.035497 300.491321 277.069235 270.759705
201810 42.147717 300.723303 277.159363 270.808020
201811 42.369594 300.878179 277.045653 270.720498
201812 42.677602 300.887623 277.037595 270.737310
201901 41.673510 300.964009 277.169360 270.882834
201902 41.092330 301.078243 277.271845 271.028693
201903 42.499424 301.290333 277.550517 271.261379
201904 43.617595 301.586469 277.640137 271.311431
201905 45.074315 301.582987 277.572733 271.207980
201906 44.860330 301.377971 277.424165 271.051532
201907 44.521344 301.124815 277.506404 271.230363
201908 44.832568 300.974914 277.737837 271.537118
201909 45.400044 301.088956 278.009411 271.792976
201910 45.352040 301.377767 278.022675 271.769146
201911 45.592528 301.494054 278.171697 271.938275
201912 44.812344 301.495730 278.135635 271.908543
202001 44.979968 301.529702 278.383303 272.222365
202002 45.434792 301.540830 278.665737 272.576279
202003 44.612803 301.603609 278.582143 272.429181
202004 44.750730 301.724067 278.123232 271.878156
202005 45.888383 301.663656 277.758174 271.433134
202006 44.362250 301.310635 277.516874 271.202658
202007 43.813199 300.842966 277.276649 270.984587
202008 44.014126 300.643708 277.228531 270.967347
202009 42.717315 300.652072 277.361720 271.081104
202010 43.016092 300.829706 277.275939 270.971747
202011 43.013368 300.956754 277.461155 271.132631
202012 42.710814 301.001880 277.171377 270.877335
202101 42.300275 301.002821 277.294283 271.061395
202102 42.771414 301.089379 277.434610 271.205919
202103 42.662508 301.210681 277.571775 271.335597
202104 43.198225 301.365689 277.537156 271.237345
202105 44.109849 301.351402 277.304427 270.928674
202106 43.003014 301.114775 277.124824 270.749287
202107 43.590100 300.862830 276.969054 270.622245
202108 43.870895 300.773269 277.298139 270.996977
202109 43.893830 300.930623 277.584212 271.322387
202110 44.884224 301.257060 277.687902 271.381400
202111 43.918629 301.463175 278.015792 271.758009
202112 44.701664 301.481773 278.107681 271.869627
202201 44.759394 301.526722 278.269499 272.069596
202202 44.142373 301.614797 278.397832 272.292547
202203 45.106704 301.803308 278.510846 272.342445
202204 45.961162 301.846247 278.482106 272.290434
202205 45.290272 301.783692 278.104477 271.832448
202206 45.316685 301.536245 277.745601 271.442970
202207 44.668870 301.132267 277.506527 271.263748
202208 44.189276 300.887290 277.563502 271.338896
202209 44.516586 300.900622 277.593947 271.332100
202210 44.056269 301.205333 277.671777 271.369098
202211 44.260228 301.294738 277.827473 271.541383
202212 44.292932 301.268739 277.786923 271.573717
202301 43.657127 301.281423 277.667610 271.428024
202302 42.882993 301.385141 277.866915 271.640940
202303 43.588352 301.661396 278.028095 271.760666
202304 44.859860 301.870698 278.161960 271.877055
202305 46.217316 301.774693 277.977882 271.669114
202306 45.833749 301.440030 277.733179 271.447026
202307 44.335532 301.127856 277.508131 271.228615
202308 44.910380 301.011257 277.708152 271.477212
202309 44.806158 301.108453 277.961242 271.735742
202310 45.092851 301.380335 278.166205 271.914446
202311 45.910259 301.637134 278.161932 271.906754
202312 44.900694 301.664112 278.324343 272.115320
202401 46.126873 301.674185 278.665418 272.526819
202402 45.241402 301.827663 278.717151 272.597132
202403 45.522784 301.988954 278.868753 272.761046
202404 44.724537 302.073227 278.663950 272.456898
202405 46.468600 301.886644 278.241031 272.000183
202406 44.997474 301.589267 277.877787 271.586846
202407 45.380286 301.168406 277.751121 271.534536
202408 44.271106 301.008554 277.598601 271.378400
202409 44.413162 300.996156 277.847614 271.632523
202410 44.110226 301.253213 277.851779 271.562506
202411 44.257252 301.444754 277.906128 271.631468
202412 44.563560 301.498017 277.903724 271.638890
