time(yyyymm) ts_cwv ts_sst ts_tlt ts_tmt
198001 39.319016 299.935139 277.521796 270.935971
198002 39.907616 300.095733 277.603790 270.993193
198003 40.813092 300.398829 277.852609 271.235786
198004 42.006375 300.652466 277.888968 271.196269
198005 41.850087 300.463638 277.836794 271.172403
198006 41.363096 299.947268 277.639286 270.997458
198007 40.477406 299.550398 277.449455 270.825265
198008 41.059711 299.351281 277.544827 270.986237
198009 40.691900 299.454092 277.619311 271.040862
198010 40.408510 299.654250 277.525436 270.915295
198011 40.088921 299.808165 277.367916 270.703538
198012 39.654088 299.791596 277.142249 270.458962
198101 39.442997 299.689731 277.182324 270.574895
198102 39.392780 299.769346 277.413073 270.847042
198103 40.527854 300.167596 277.516576 270.884984
198104 41.516188 300.467749 277.706854 271.034975
198105 42.155322 300.285187 277.923160 271.276826
198106 41.522914 299.746853 277.419247 270.800772
198107 41.212705 299.393367 277.301477 270.703097
198108 39.746602 299.261996 277.267008 270.670243
198109 40.511842 299.376397 277.551945 270.974270
198110 39.843587 299.719177 277.244234 270.592950
198111 40.696424 299.905219 277.490944 270.827513
198112 40.724531 299.851458 277.552422 270.939489
198201 39.273665 299.753198 277.417071 270.837840
198202 39.542240 299.946697 277.512926 270.903145
198203 40.789641 300.360702 277.594026 270.959211
198204 42.119424 300.576589 277.848987 271.200620
198205 42.805178 300.257219 277.931541 271.309808
198206 40.858755 299.706448 277.348058 270.699188
198207 40.207280 299.274297 277.000679 270.370057
198208 39.664823 299.125520 277.288306 270.693383
198209 39.480399 299.268423 277.277502 270.657747
198210 39.161667 299.536284 277.159441 270.490208
198211 39.287633 299.698838 277.146325 270.456681
198212 40.235431 299.647116 277.189460 270.533187
198301 38.938752 299.567423 277.328001 270.754310
198302 38.693904 299.858291 277.086889 270.431069
198303 40.984109 300.170881 277.571611 270.912753
198304 41.615287 300.460159 277.597996 270.906644
198305 42.244168 300.194965 277.691417 271.034139
198306 38.958242 299.741880 277.010641 270.314955
198307 40.266407 299.442362 277.098499 270.452213
198308 40.050749 299.362005 277.355970 270.760062
198309 40.090056 299.496517 277.627576 271.052133
198310 40.569076 299.858079 277.539612 270.908684
198311 40.087994 299.984728 277.503046 270.864804
198312 40.555707 299.913846 277.561239 270.944403
198401 39.923591 299.838708 277.548769 270.983264
198402 39.338154 300.069070 277.598856 271.060113
198403 41.122529 300.402080 277.770317 271.138725
198404 42.501041 300.521648 277.905891 271.268878
198405 41.542964 300.374924 277.799731 271.147289
198406 41.172072 299.834277 277.452880 270.814988
198407 39.934046 299.515477 277.208615 270.558723
198408 39.894613 299.469443 277.320472 270.694159
198409 41.017345 299.629055 277.581750 270.980408
198410 40.389269 299.903193 277.467272 270.834936
198411 40.196174 300.011949 277.642678 271.015169
198412 40.368247 300.109762 277.536357 270.908824
198501 40.438946 300.068020 277.690689 271.122722
198502 40.465279 300.092173 277.909549 271.380152
198503 41.145000 300.525997 278.144555 271.566989
198504 42.424586 300.718356 277.973932 271.334202
198505 42.191682 300.399445 278.047682 271.421251
198506 41.813025 299.847830 277.690717 271.105703
198507 41.566076 299.397941 277.520190 270.943941
198508 40.780078 299.295479 277.440759 270.870139
198509 40.972139 299.437273 277.542272 270.962049
198510 40.344553 299.676849 277.634854 271.035485
198511 40.206903 299.856967 277.330757 270.652392
198512 40.266311 299.825621 277.273189 270.635584
198601 39.325635 299.840436 277.366995 270.788857
198602 40.469165 299.906368 277.689459 271.161257
198603 40.324027 300.207185 277.632177 271.021899
198604 41.759620 300.412840 277.730545 271.045870
198605 41.953674 300.301674 277.621868 270.942832
198606 41.251678 299.787485 277.408939 270.769854
198607 40.780097 299.500615 277.366092 270.742083
198608 40.858352 299.398544 277.492749 270.947663
198609 40.603133 299.653623 277.528690 270.932519
198610 41.578188 300.011687 277.578335 270.933220
198611 41.615484 300.107681 277.839275 271.233135
198612 40.330622 300.083349 277.581751 270.966184
198701 40.158617 300.115747 277.723204 271.144377
198702 40.857706 300.270621 277.818441 271.244368
198703 41.146327 300.517766 278.104883 271.523001
198704 42.936883 300.656469 278.215061 271.588997
198705 42.520708 300.446260 278.203771 271.610517
198706 41.392162 299.889612 277.825830 271.241417
198707 41.050685 299.496236 277.490272 270.919138
198708 40.538281 299.385071 277.554735 270.991518
198709 40.573513 299.414078 277.704310 271.157475
198710 40.411608 299.608718 277.640000 271.033034
198711 40.165593 299.761024 277.416302 270.775450
198712 39.937703 299.729411 277.329081 270.697513
198801 39.388438 299.696870 277.257866 270.649050
198802 39.833054 299.756159 277.489804 270.890586
198803 40.100262 300.117225 277.538392 270.906742
198804 41.327653 300.489191 277.629442 270.925784
198805 41.717095 300.292920 277.769068 271.116365
198806 39.931393 299.828524 277.426119 270.795193
198807 41.131437 299.524173 277.337867 270.731281
198808 42.120931 299.477414 277.606509 271.054102
198809 41.172695 299.481859 277.805076 271.270672
198810 40.987644 299.709048 277.573844 270.962528
198811 40.959691 299.851607 277.478516 270.846882
198812 39.677900 299.942881 277.404419 270.765632
198901 39.120568 299.939280 277.421797 270.816962
198902 39.721495 300.210914 277.531616 270.914386
198903 41.489770 300.545045 278.027528 271.406782
198904 42.566191 300.828608 278.073664 271.424062
198905 44.002373 300.648959 278.389714 271.814717
198906 42.524439 300.162833 277.992002 271.425966
198907 42.614651 299.859907 277.885547 271.320218
198908 42.226977 299.763010 278.046771 271.531115
198909 42.705223 299.917894 278.142862 271.625593
198910 42.274253 300.211833 278.267851 271.729922
198911 42.911449 300.366750 278.154533 271.569184
198912 42.087742 300.374097 278.073728 271.495078
199001 40.884345 300.431506 278.142831 271.591076
199002 41.642235 300.643940 278.364497 271.818981
199003 42.879414 300.955808 278.590026 272.046449
199004 44.399391 301.162380 278.815035 272.252321
199005 44.072553 300.720957 278.804990 272.279091
199006 42.097872 300.119845 278.137599 271.570115
199007 41.418158 299.667667 277.756887 271.178749
199008 40.728346 299.512418 277.782920 271.240957
199009 41.583322 299.511976 277.915832 271.395055
199010 41.441875 299.928232 277.738725 271.118644
199011 40.587417 300.024293 277.648903 271.016226
199012 41.165338 299.896385 277.490634 270.865102
199101 40.163668 299.848601 277.493819 270.920238
199102 40.150997 299.982888 277.620031 271.045393
199103 40.830962 300.380388 277.750278 271.113549
199104 42.688677 300.619545 277.970569 271.306360
199105 42.192085 300.361584 277.927621 271.302555
199106 40.827328 299.842196 277.507230 270.880369
199107 41.088836 299.557018 277.466378 270.847735
199108 41.298222 299.350871 277.638723 271.093666
199109 41.358585 299.399100 277.557444 270.956007
199110 41.255302 299.701868 277.459590 270.796475
199111 40.313888 299.869695 277.380100 270.701283
199112 39.775855 299.827018 277.220453 270.525007
199201 39.688909 299.698099 277.289493 270.671608
199202 39.438545 299.629612 277.384624 270.818347
199203 39.377339 299.924191 277.242623 270.572718
199204 40.378799 300.284065 277.425988 270.701545
199205 41.269715 300.131361 277.392449 270.679694
199206 40.213147 299.685609 277.209330 270.524033
199207 39.735937 299.374458 276.891325 270.202530
199208 40.347763 299.290330 277.173661 270.545679
199209 40.978313 299.419138 277.357653 270.733413
199210 40.250467 299.711878 277.347275 270.690169
199211 40.312685 299.863363 277.220589 270.553506
199212 40.109348 299.830864 277.346483 270.710258
199301 39.757782 299.781496 277.500060 270.906990
199302 39.486909 300.012487 277.523375 270.946448
199303 41.019473 300.330647 277.856121 271.245351
199304 41.969245 300.478337 277.954377 271.307431
199305 42.163268 300.168345 277.811471 271.165902
199306 40.245348 299.578148 277.309961 270.655775
199307 39.944877 299.271985 276.865177 270.193811
199308 40.288803 299.275938 277.138803 270.503454
199309 40.412115 299.485124 277.446108 270.825838
199310 39.641246 299.746696 277.456751 270.824146
199311 39.946956 299.854676 277.317884 270.652364
199312 39.909885 299.869814 277.192541 270.539308
199401 39.868917 299.824284 277.357033 270.765094
199402 39.817291 299.949661 277.520588 270.956508
199403 40.354315 300.415977 277.722192 271.077039
199404 42.304839 300.587765 277.949737 271.316417
199405 42.557295 300.304430 277.845780 271.207600
199406 39.943060 299.868186 277.289271 270.618340
199407 40.721565 299.506624 277.243004 270.611271
199408 40.063318 299.490554 277.539865 270.964836
199409 40.979513 299.623785 277.674617 271.113515
199410 42.001382 300.012944 277.868719 271.268541
199411 41.327024 300.105654 277.824591 271.219444
199412 41.118236 300.107361 277.758234 271.155446
199501 40.022443 300.198986 277.771249 271.177931
199502 40.708106 300.351671 278.009064 271.470523
199503 41.565435 300.785952 278.413979 271.848998
199504 43.315176 301.032733 278.611995 272.037401
199505 44.527747 300.925656 278.721179 272.173808
199506 42.828643 300.358744 278.494955 271.973447
199507 43.008356 299.859436 278.145553 271.634384
199508 41.539924 299.618824 278.073050 271.564381
199509 41.803920 299.685211 278.137899 271.625423
199510 41.289307 300.040178 278.001561 271.415496
199511 41.361633 300.216766 277.886274 271.255021
199512 40.515454 300.181285 277.620728 270.977370
199601 40.823967 300.211244 277.740238 271.154823
199602 40.749641 300.463314 278.034782 271.459259
199603 42.518203 300.831535 278.315223 271.744404
199604 44.078359 301.120471 278.551082 271.957846
199605 44.534578 300.851469 278.661864 272.107352
199606 42.891149 300.318674 278.348850 271.811007
199607 42.812084 299.867824 278.042387 271.501510
199608 41.430079 299.683467 277.935734 271.413273
199609 41.109658 299.716236 277.949122 271.423580
199610 41.821491 299.970116 277.964375 271.369557
199611 41.608384 299.987453 277.709296 271.084471
199612 40.910604 300.003470 277.638933 271.018789
199701 40.721041 299.877353 277.683147 271.111706
199702 41.079547 299.894317 277.666926 271.122979
199703 41.137226 300.183865 277.715920 271.109123
199704 42.003484 300.413372 277.818793 271.169977
199705 42.338881 300.102919 277.802021 271.170112
199706 39.691970 299.597430 277.397983 270.744898
199707 39.985643 299.240346 277.292421 270.687216
199708 39.871687 299.112791 277.235675 270.647418
199709 40.624879 299.272309 277.389063 270.782875
199710 39.985367 299.530004 277.376711 270.719093
199711 39.730397 299.701814 277.276681 270.616981
199712 39.842595 299.694425 277.063862 270.395122
199801 39.346459 299.683752 277.289423 270.688049
199802 39.485926 299.918602 277.302653 270.701568
199803 41.401665 300.423830 277.655647 271.003970
199804 42.609157 300.650544 278.007669 271.359250
199805 41.937796 300.527244 277.927943 271.283617
199806 42.214238 300.116432 277.809039 271.201048
199807 42.528423 299.746733 277.856789 271.323689
199808 41.600271 299.608430 277.850590 271.303493
199809 42.308961 299.642129 277.879528 271.353555
199810 41.730889 299.897050 277.911670 271.322820
199811 41.494661 300.064068 277.755542 271.141161
199812 40.863765 300.027804 277.631756 271.042539
199901 39.711187 300.011414 277.667575 271.105202
199902 41.192092 300.031336 277.840899 271.308793
199903 41.049261 300.278635 277.933404 271.362132
199904 42.411017 300.509275 277.917256 271.271393
199905 41.875885 300.369657 277.944853 271.307803
199906 40.394837 299.773159 277.629563 271.005277
199907 41.304236 299.348041 277.361181 270.765381
199908 40.361977 299.217216 277.403238 270.824395
199909 41.743314 299.308318 277.566397 270.996635
199910 40.113865 299.607823 277.451111 270.833772
199911 41.244666 299.718409 277.452861 270.833808
199912 40.323258 299.888529 277.179898 270.523966
200001 40.410530 299.966751 277.663656 271.102260
200002 40.972742 300.131833 277.800411 271.267472
200003 42.572856 300.546079 278.148243 271.558050
200004 43.048386 300.819592 278.282766 271.679339
200005 43.556535 300.538454 278.276091 271.685427
200006 41.595461 300.011892 277.766774 271.165115
200007 41.739177 299.639206 277.783129 271.228353
200008 41.459894 299.529127 277.697471 271.151496
200009 42.708420 299.648589 278.048420 271.530688
200010 41.646253 299.989034 277.950943 271.382080
200011 42.602663 300.215632 277.998155 271.389525
200012 41.295676 300.152078 277.925740 271.382495
200101 41.414265 300.257901 277.897956 271.335665
200102 40.801231 300.506344 278.175455 271.638312
200103 42.786682 300.922982 278.404387 271.808755
200104 43.710562 301.141496 278.440818 271.839500
200105 44.248194 300.852274 278.694567 272.144445
200106 42.874226 300.195109 278.311019 271.769607
200107 42.136688 299.770622 277.979240 271.438912
200108 41.958888 299.532013 277.855851 271.338752
200109 42.980736 299.595390 277.935566 271.415895
200110 41.284363 299.926786 277.823862 271.254708
200111 41.929795 300.158374 277.816995 271.205012
200112 41.024280 300.017894 277.849650 271.276408
200201 40.088472 299.920382 277.565830 271.009174
200202 40.826998 300.011391 277.699971 271.131125
200203 41.321916 300.309881 277.890513 271.311009
200204 42.379797 300.718528 277.899797 271.260275
200205 42.381121 300.494379 278.129692 271.499382
200206 41.098955 300.011783 277.580217 270.955884
200207 41.638040 299.698472 277.530324 270.937449
200208 41.858292 299.631751 277.871685 271.350912
200209 42.404667 299.738761 278.022331 271.504454
200210 42.116870 300.005361 277.969064 271.392224
200211 42.318010 300.208044 278.038576 271.458553
200212 40.968745 300.244213 277.822393 271.227345
200301 41.159746 300.194169 278.003514 271.465794
200302 40.651477 300.375441 278.177276 271.661404
200303 41.802049 300.798750 278.112383 271.518764
200304 43.447567 301.059286 278.454787 271.857580
200305 44.141563 301.016722 278.724736 272.159017
200306 43.728414 300.499679 278.561708 272.057061
200307 42.972378 300.108740 278.211292 271.682552
200308 43.347938 299.940862 278.441093 271.986059
200309 41.887010 299.979662 278.223016 271.705099
200310 42.297057 300.181599 278.132471 271.556766
200311 41.384658 300.336429 277.965427 271.356225
200312 41.579232 300.293217 278.013136 271.437957
200401 40.727057 300.299546 278.063844 271.565000
200402 40.675862 300.464205 278.103679 271.556664
200403 41.426638 300.912928 278.289361 271.685739
200404 44.046089 301.088145 278.788947 272.247685
200405 44.704189 300.931808 278.673820 272.116270
200406 43.067394 300.399105 278.365371 271.816190
200407 42.133016 299.975829 278.119279 271.580599
200408 41.519833 299.873489 278.359659 271.858470
200409 43.011390 299.773880 278.317450 271.841838
200410 42.704400 299.968968 278.109436 271.551718
200411 42.223454 300.170067 278.102656 271.524214
200412 41.332494 300.162625 277.943187 271.363825
200501 41.796892 299.999645 277.965382 271.456851
200502 40.911701 300.306324 277.958697 271.439802
200503 43.140842 300.618938 278.292758 271.703747
200504 42.784811 300.686244 278.200093 271.598104
200505 43.721009 300.362864 278.043069 271.420043
200506 41.953418 299.849901 277.716415 271.127840
200507 40.813498 299.559363 277.465415 270.854216
200508 40.997461 299.485807 277.580374 271.007903
200509 40.998991 299.596801 277.727251 271.172570
200510 41.118981 299.895984 277.714435 271.106738
200511 41.613819 300.077437 277.807284 271.191280
200512 41.416601 300.108928 277.891418 271.322436
200601 41.441622 300.161714 277.882647 271.360680
200602 41.296201 300.322422 277.966706 271.408970
200603 41.861769 300.480896 278.136781 271.571958
200604 42.664169 300.718683 278.210088 271.565384
200605 42.924785 300.431937 278.048241 271.435275
200606 41.128741 299.969594 277.598722 270.983481
200607 42.027294 299.555957 277.508451 270.934941
200608 41.472854 299.521693 277.622332 271.072964
200609 41.817445 299.697985 277.804469 271.243321
200610 42.269305 300.002097 277.945794 271.354218
200611 41.281563 300.338519 277.867255 271.253494
200612 40.990101 300.351131 277.997502 271.398128
200701 41.679524 300.224400 278.079859 271.562214
200702 41.337112 300.443761 278.306785 271.793555
200703 42.853516 300.822401 278.518902 271.963029
200704 44.141103 301.090599 278.594276 272.008801
200705 44.006073 300.807482 278.590343 272.022660
200706 43.009547 300.392090 278.137438 271.551233
200707 43.610207 300.007933 278.048914 271.522384
200708 42.988235 299.851447 278.491659 272.042661
200709 42.246606 300.043235 278.341037 271.844461
200710 42.695183 300.523756 278.188225 271.602276
200711 43.835652 300.652860 278.515700 271.965692
200712 42.913706 300.693471 278.500327 271.968551
200801 42.979844 300.572532 278.639200 272.174234
200802 42.470326 300.781060 278.634935 272.151360
200803 43.528171 301.133837 278.931912 272.412902
200804 44.910097 301.161506 279.040793 272.520862
200805 44.767893 300.842028 278.938576 272.413989
200806 42.862298 300.377233 278.298670 271.739704
200807 42.421827 299.985015 278.042408 271.485642
200808 42.142516 299.803022 278.187583 271.689488
200809 42.329563 299.906332 278.293454 271.800474
200810 42.272812 300.237022 278.184249 271.617185
200811 42.963749 300.359679 278.200197 271.634894
200812 41.972091 300.312211 278.136251 271.592842
200901 42.330674 300.340545 277.978782 271.437216
200902 41.606672 300.370470 278.370691 271.882297
200903 41.804367 300.848425 278.242415 271.648793
200904 43.384449 301.100823 278.450718 271.843827
200905 44.598366 300.959070 278.533748 271.941361
200906 43.003888 300.466595 278.255838 271.696478
200907 43.458534 300.105840 278.260618 271.739182
200908 43.118268 299.912744 278.343941 271.872184
200909 42.493137 300.086548 278.460349 271.981564
200910 42.873022 300.465813 278.436794 271.898765
200911 42.975836 300.579359 278.384833 271.836983
200912 42.715391 300.639384 278.352914 271.798749
201001 42.645967 300.636817 278.573225 272.096971
201002 42.868378 300.744509 278.707747 272.229145
201003 43.541630 301.108490 278.870509 272.351597
201004 44.570474 301.440943 279.154062 272.633554
201005 45.075544 301.154970 279.300734 272.819742
201006 43.766608 300.566657 278.810211 272.326187
201007 43.621648 300.032389 278.397626 271.904845
201008 42.277101 299.772619 278.143214 271.649156
201009 42.643255 299.782263 278.237388 271.713122
201010 41.823074 299.990376 278.054892 271.498938
201011 42.109216 300.180744 277.882121 271.279806
201012 42.140260 300.129768 277.990969 271.413442
201101 41.864978 300.061352 277.872600 271.352283
201102 40.399733 300.235917 277.994179 271.455825
201103 41.809409 300.569743 278.071589 271.463204
201104 43.109244 300.824957 278.312560 271.688635
201105 42.630326 300.741847 278.176976 271.555925
201106 42.966096 300.149962 278.063162 271.492520
201107 42.638686 299.727740 277.847716 271.306610
201108 41.718994 299.484463 277.915404 271.389251
201109 41.308520 299.610200 277.822489 271.261183
201110 40.398647 299.908793 277.852511 271.233177
201111 41.124646 300.014591 277.580555 270.936818
201112 41.133220 300.065586 277.673533 271.064467
201201 40.686395 300.081410 277.763251 271.212995
201202 40.955425 300.326366 277.948377 271.395364
201203 42.530057 300.741997 278.289781 271.746672
201204 44.042600 301.082961 278.505281 271.885190
201205 44.528084 300.929736 278.550266 271.977441
201206 42.796067 300.421194 278.510372 271.981941
201207 42.251008 300.124305 278.153663 271.597087
201208 42.579772 300.178906 278.470603 271.967566
201209 44.034850 300.234871 278.937322 272.525550
201210 43.464215 300.406975 278.593139 272.095270
201211 43.224542 300.581993 278.420089 271.858255
201212 42.205132 300.633285 278.371700 271.824248
201301 41.799727 300.645280 278.423346 271.913897
201302 42.850236 300.804929 278.725548 272.234353
201303 43.763241 300.991419 279.060707 272.580946
201304 44.336065 301.182921 278.766980 272.224941
201305 44.083324 300.875832 278.812023 272.267380
201306 43.100247 300.351959 278.393562 271.859720
201307 42.455806 299.963438 278.185578 271.650922
201308 42.207892 299.801126 278.483611 272.013861
201309 42.611659 299.994525 278.407976 271.899086
201310 43.135160 300.216319 278.282427 271.740790
201311 42.600323 300.426367 278.167401 271.569586
201312 42.699875 300.318712 278.281528 271.760166
201401 41.234586 300.370868 278.082344 271.562512
201402 41.227129 300.590388 278.165028 271.626058
201403 43.080719 300.845613 278.362701 271.812853
201404 43.889213 301.202603 278.425397 271.799353
201405 45.147170 300.867057 278.673146 272.113083
201406 42.876296 300.342221 278.213558 271.664965
201407 43.101106 300.027794 277.996712 271.454244
201408 43.058820 299.752840 278.329761 271.884218
201409 42.697769 299.803953 278.233548 271.747779
201410 41.381370 300.085255 278.077017 271.504868
201411 42.067215 300.204027 277.895789 271.296977
201412 41.289343 300.117576 277.846312 271.281179
201501 40.955865 300.105102 277.840890 271.299767
201502 41.254455 300.299198 277.947136 271.406675
201503 42.239885 300.653738 278.290898 271.710062
201504 43.861631 300.811132 278.479745 271.888781
201505 43.541091 300.587975 278.437956 271.857067
201506 42.535713 300.122943 277.939278 271.336697
201507 42.040031 299.675175 277.847119 271.290509
201508 42.260813 299.604005 277.752892 271.199176
201509 43.279660 299.745762 278.195578 271.691810
201510 42.949978 300.007448 278.269078 271.734321
201511 42.565845 300.229691 278.007753 271.415983
201512 40.835862 300.353257 278.110109 271.532037
201601 41.606835 300.260573 278.007491 271.495162
201602 41.438281 300.428425 278.147215 271.595031
201603 42.680230 300.868208 278.363697 271.771891
201604 44.031598 301.184079 278.634545 272.043904
201605 44.223556 301.044976 278.759393 272.202392
201606 41.989362 300.435564 278.252737 271.691609
201607 43.539884 300.104793 278.295211 271.779344
201608 43.230670 299.827538 278.371482 271.925119
201609 43.762599 299.929055 278.508103 272.029363
201610 42.414602 300.152121 278.257744 271.727437
201611 42.384731 300.412619 278.191302 271.604884
201612 42.473185 300.458596 278.254106 271.692111
201701 41.488339 300.373204 278.156706 271.648389
201702 41.583056 300.599380 278.197720 271.677008
201703 42.754725 301.048515 278.703453 272.172231
201704 44.984680 301.423990 278.760165 272.172696
201705 45.961821 301.232105 279.301866 272.802270
201706 44.125117 300.796152 278.853868 272.356727
201707 44.812665 300.414228 278.766194 272.312546
201708 44.261249 300.326296 279.017560 272.586155
201709 43.541145 300.517340 279.061535 272.637837
201710 45.152891 300.753905 278.924836 272.440884
201711 45.714020 300.984377 278.884173 272.366053
201712 44.612155 301.003130 278.964988 272.489090
201801 44.444543 301.014313 279.172067 272.747845
201802 43.804117 301.063938 279.357843 272.947866
201803 44.692681 301.326534 279.362422 272.897704
201804 45.872913 301.449094 279.359905 272.868124
201805 45.393139 301.158057 279.175115 272.692036
201806 44.234173 300.535630 278.836781 272.356623
201807 43.807325 300.104846 278.342056 271.843383
201808 43.239799 299.944378 278.455163 271.992448
201809 42.395807 299.947506 278.552712 272.091835
201810 42.846233 300.162239 278.409545 271.889437
201811 42.579210 300.388007 278.144942 271.542040
201812 41.895213 300.322497 278.190494 271.647585
201901 41.228435 300.388440 277.954114 271.410288
201902 42.040133 300.544027 278.199917 271.675128
201903 43.065207 300.888174 278.529168 271.977444
201904 44.495475 301.056560 278.739748 272.176672
201905 44.389401 300.865368 278.758607 272.229924
201906 42.351517 300.256328 278.283372 271.744594
201907 42.283713 299.895922 277.963791 271.420382
201908 43.072871 299.670184 278.299454 271.845196
201909 42.563033 299.792375 278.275670 271.768527
201910 42.104074 300.048998 278.169742 271.630275
201911 41.962426 300.253233 278.073012 271.486131
201912 42.099190 300.151077 278.056858 271.503886
202001 41.397819 300.285979 277.922185 271.354900
202002 41.933053 300.372500 278.151780 271.619071
202003 42.463577 300.687257 278.299749 271.715783
202004 43.105807 301.004682 278.481894 271.881021
202005 43.197728 300.701063 278.543533 271.984573
202006 42.538914 300.044549 278.064095 271.510504
202007 42.139498 299.715796 277.802509 271.255505
202008 41.905532 299.507111 277.927659 271.413100
202009 41.311014 299.689897 277.978886 271.430832
202010 42.359623 299.981646 278.012695 271.433570
202011 41.634154 300.173561 277.991351 271.405385
202012 41.830532 300.279522 277.948284 271.368568
202101 41.314190 300.263128 277.985865 271.455580
202102 41.591354 300.491449 278.324078 271.809352
202103 42.492528 300.926986 278.492086 271.911126
202104 43.515311 301.037245 278.745491 272.182422
202105 43.828899 300.811789 278.546927 271.974648
202106 43.248967 300.254666 278.245652 271.699698
202107 42.721705 299.851540 278.033328 271.509311
202108 42.377086 299.673481 278.168921 271.680869
202109 42.498075 299.846785 278.117320 271.593908
202110 42.452547 300.151943 278.206072 271.658804
202111 42.452225 300.294069 278.201749 271.635998
202112 41.534731 300.416054 278.015099 271.435270
202201 42.266179 300.288443 278.464209 271.988320
202202 41.816404 300.518043 278.362459 271.875248
202203 43.429740 301.049397 278.522153 271.935883
202204 44.850469 301.342505 279.064114 272.527760
202205 46.027047 301.089223 279.100367 272.593055
202206 44.229130 300.507544 278.674222 272.188188
202207 42.836146 300.122489 278.273299 271.749859
202208 43.593184 299.988609 278.583334 272.121904
202209 42.809756 300.179462 278.662420 272.189161
202210 43.612773 300.497851 278.690021 272.181817
202211 43.101770 300.721817 278.459849 271.902908
202212 42.975639 300.687071 278.568921 272.053607
202301 42.189445 300.699180 278.561153 272.032510
202302 42.621735 300.751279 278.657610 272.175838
202303 43.664638 301.061171 278.827017 272.307833
202304 44.540599 301.306950 278.853051 272.288776
202305 44.627480 301.007018 279.033123 272.514651
202306 43.314194 300.489161 278.509643 271.981838
202307 43.386005 300.128302 278.376528 271.871704
202308 43.394459 299.951616 278.540262 272.083170
202309 43.629038 300.146883 278.597059 272.126582
202310 43.556235 300.509900 278.679387 272.175712
202311 43.678641 300.756170 278.563445 272.019409
202312 43.849915 300.698453 278.697229 272.203454
202401 42.902349 300.778743 278.636895 272.148705
202402 43.111671 300.910046 279.170362 272.747925
202403 44.430863 301.321556 279.309552 272.817313
202404 46.092694 301.640809 279.395529 272.895454
202405 46.909080 301.373170 279.636023 273.198204
202406 45.094252 300.854195 279.137802 272.696133
202407 44.631834 300.490120 278.891640 272.433089
202408 43.806835 300.353167 279.104206 272.706350
202409 45.155732 300.464104 279.176927 272.764870
202410 44.697431 300.822296 279.079353 272.620310
202411 45.652202 301.040071 279.057097 272.562233
202412 44.101723 301.130603 279.145222 272.684109
