time(yyyymm) ts_cwv ts_sst ts_tlt ts_tmt
198001 46.009002 301.033769 278.210410 271.616203
198002 45.740692 301.145051 278.765322 272.261162
198003 46.337579 301.397849 278.687438 272.107616
198004 48.321503 301.473763 278.552644 271.910790
198005 47.452448 301.257125 278.121027 271.448709
198006 45.940370 300.566098 277.496347 270.814767
198007 44.490744 300.047045 277.224155 270.563354
198008 43.038129 299.714510 277.181896 270.568768
198009 42.375918 299.848488 277.024142 270.336246
198010 43.353377 300.215279 277.099840 270.371537
198011 43.530065 300.632754 277.342028 270.595562
198012 44.784619 300.674439 277.672363 271.019113
198101 44.378915 300.746815 277.753411 271.142276
198102 44.710783 300.850010 278.151173 271.560169
198103 46.200892 301.123471 278.433058 271.809377
198104 46.552131 301.255288 278.168384 271.490370
198105 47.135853 301.032835 277.829435 271.118434
198106 45.222162 300.631949 277.419718 270.717644
198107 43.821389 300.118659 277.244060 270.591830
198108 43.348455 299.886054 277.167578 270.514623
198109 43.022295 299.891775 277.102052 270.434641
198110 43.548845 300.251732 277.203273 270.484632
198111 44.829928 300.587280 277.329488 270.613145
198112 44.637377 300.789583 277.687212 271.016383
198201 44.170618 300.860191 277.994998 271.404008
198202 44.387179 300.997642 278.309996 271.737307
198203 45.481312 301.203122 278.301860 271.659178
198204 47.482421 301.285012 278.185120 271.494587
198205 46.270348 301.017640 277.727401 270.981936
198206 45.191195 300.425270 277.439059 270.779599
198207 42.806547 299.923843 276.900747 270.212256
198208 43.170518 299.692919 277.024901 270.386166
198209 42.617999 299.800734 276.839696 270.140803
198210 43.759248 300.073070 277.112969 270.399964
198211 44.191828 300.401322 277.107450 270.343253
198212 43.638583 300.576064 277.257361 270.541870
198301 44.435316 300.607392 277.588593 270.963217
198302 44.193014 300.870741 277.956627 271.324159
198303 46.009188 301.133712 278.258166 271.635909
198304 46.601173 301.422062 278.097451 271.407394
198305 46.410183 301.326505 277.968331 271.269008
198306 46.137462 300.797412 277.843362 271.212078
198307 44.541867 300.339267 277.422726 270.802973
198308 44.875953 300.004539 277.316746 270.688848
198309 43.843114 300.041241 277.352566 270.738666
198310 44.260025 300.371117 277.250712 270.545324
198311 45.844112 300.706406 277.683095 271.008964
198312 45.816893 300.881782 277.951791 271.335423
198401 46.549244 300.977801 278.544191 272.030440
198402 46.315532 301.110701 278.801322 272.293642
198403 46.701770 301.269154 278.721828 272.142402
198404 47.617877 301.264879 278.314917 271.630439
198405 45.592438 300.919925 277.670670 270.970228
198406 43.778948 300.417747 277.002017 270.263096
198407 43.036052 299.777162 276.880369 270.166020
198408 41.670048 299.528262 276.727867 270.026594
198409 41.294461 299.624572 276.501314 269.740146
198410 42.072576 299.902692 276.659696 269.864964
198411 43.250500 300.049854 276.897500 270.120975
198412 41.867900 300.118667 276.763230 269.969786
198501 41.945118 300.019233 276.855243 270.165164
198502 42.285778 300.153191 276.977730 270.260655
198503 43.605078 300.482916 277.393139 270.651946
198504 44.216696 300.659239 277.292789 270.504713
198505 44.005521 300.456462 277.038701 270.258178
198506 42.724370 300.006440 276.624858 269.875752
198507 42.055627 299.644428 276.350319 269.605986
198508 41.824884 299.626701 276.437473 269.700480
198509 42.883406 299.678583 276.919786 270.250352
198510 42.755044 300.019656 276.860697 270.108524
198511 43.453710 300.427664 277.112796 270.349577
198512 44.221501 300.694616 277.388210 270.675583
198601 44.559638 300.762143 277.688053 271.079737
198602 45.336956 300.833492 278.178869 271.611198
198603 46.142372 301.160181 278.411245 271.785934
198604 47.556094 301.392329 278.300340 271.635356
198605 47.429558 301.113769 278.043849 271.371759
198606 45.194159 300.565545 277.502369 270.818965
198607 43.639232 300.153523 277.049517 270.386386
198608 44.049063 299.932238 277.341242 270.722358
198609 43.524067 300.088355 277.080728 270.402169
198610 44.072842 300.519986 277.326723 270.596791
198611 45.052352 300.877379 277.640790 270.916497
198612 46.111124 301.013796 278.045084 271.424840
198701 46.298699 301.104595 278.364862 271.835208
198702 46.664123 301.305563 278.791182 272.295705
198703 47.849868 301.442488 279.184070 272.690281
198704 47.855989 301.459656 278.576000 271.954684
198705 46.242875 301.291768 277.804374 271.075641
198706 45.931506 300.552162 277.405245 270.715632
198707 43.682795 300.013119 277.171192 270.523156
198708 42.928559 299.781981 277.180841 270.550146
198709 42.844325 299.805057 277.101032 270.414276
198710 43.085733 300.213610 277.192683 270.456574
198711 43.593085 300.539917 277.316287 270.585781
198712 44.430697 300.638993 277.430055 270.727328
198801 44.225238 300.606812 277.722671 271.113238
198802 44.623869 300.681709 277.976013 271.399394
198803 45.386887 300.911249 278.074470 271.424011
198804 46.017673 300.933822 277.938365 271.211622
198805 44.704401 300.739209 277.477048 270.734030
198806 44.208634 300.290900 276.868798 270.130693
198807 42.452822 299.891918 276.740698 270.038898
198808 41.811619 299.624160 276.759876 270.099355
198809 42.805106 299.761595 276.891485 270.215802
198810 43.761263 300.179916 277.080928 270.348559
198811 44.994379 300.600913 277.407933 270.686469
198812 45.322938 300.810137 277.844048 271.206438
198901 45.707379 300.945829 278.097300 271.537054
198902 45.572768 301.116765 278.500608 271.941791
198903 47.175240 301.301947 278.662294 272.079618
198904 47.280450 301.285290 278.462169 271.808411
198905 45.680276 301.006326 277.845712 271.144702
198906 44.717655 300.591765 277.254635 270.531486
198907 44.465506 300.108042 277.289095 270.657652
198908 43.415692 299.899853 277.298424 270.662634
198909 43.567809 299.999940 277.265151 270.610807
198910 43.690803 300.348109 277.368100 270.663622
198911 45.238236 300.669012 277.570328 270.856265
198912 45.367087 300.758869 277.919498 271.293160
199001 44.801629 300.846255 277.907549 271.316257
199002 45.265642 301.140138 278.421283 271.850580
199003 46.731617 301.335909 278.617474 272.030489
199004 47.024553 301.359026 278.510999 271.850971
199005 46.008120 301.060425 277.929116 271.217446
199006 44.556357 300.560442 277.388848 270.691663
199007 44.619432 300.043061 277.147190 270.507058
199008 43.022850 299.860332 277.220150 270.582048
199009 43.230880 300.006734 277.308890 270.644388
199010 43.711858 300.424423 277.443887 270.738733
199011 45.680090 300.651827 277.657659 270.974055
199012 45.870885 300.843451 277.885278 271.241603
199101 45.083999 300.929021 278.184101 271.629826
199102 45.384612 301.043162 278.385941 271.813118
199103 46.590093 301.276932 278.617622 272.030271
199104 47.409791 301.399902 278.335195 271.682378
199105 47.006928 301.193017 278.039963 271.338413
199106 45.799937 300.714091 277.627225 270.979417
199107 44.419475 300.172379 277.321267 270.665893
199108 44.314440 299.900803 277.191650 270.542156
199109 42.984474 299.964019 277.170968 270.495917
199110 42.839548 300.267284 277.070149 270.312620
199111 43.326911 300.594508 277.134439 270.353579
199112 44.354225 300.692432 277.568695 270.873455
199201 43.958245 300.783036 277.701466 271.086244
199202 44.694730 300.962554 278.144394 271.534574
199203 46.249320 301.038696 278.447159 271.845682
199204 45.971737 301.125429 278.052938 271.336791
199205 45.401217 300.945844 277.506178 270.752787
199206 44.423470 300.326902 277.136688 270.421109
199207 42.417549 299.875999 276.633548 269.912795
199208 42.024051 299.665757 276.789820 270.101609
199209 42.106175 299.787651 276.643747 269.909085
199210 43.541164 300.106535 276.895127 270.139569
199211 44.111306 300.369807 277.201778 270.462423
199212 44.441441 300.495686 277.598390 270.957984
199301 43.220968 300.640276 277.752793 271.158180
199302 43.800267 300.883823 277.919138 271.280740
199303 45.616519 300.912493 278.209346 271.605706
199304 45.815547 301.012087 277.788986 271.069537
199305 44.839456 300.790737 277.396778 270.662004
199306 44.036479 300.179541 276.983015 270.260209
199307 42.871790 299.693164 276.694040 269.992434
199308 42.352028 299.476021 276.896200 270.245846
199309 42.225775 299.624997 276.784478 270.084346
199310 42.811304 300.046899 277.001231 270.265012
199311 43.327556 300.414066 277.146639 270.397173
199312 44.350597 300.514340 277.400944 270.711362
199401 44.472232 300.548563 277.558275 270.942927
199402 43.814883 300.802545 277.656603 270.996113
199403 45.669705 301.104861 278.176382 271.536692
199404 46.787373 301.162375 278.196270 271.543148
199405 46.807951 301.058279 277.846056 271.153455
199406 45.112367 300.492751 277.536043 270.890580
199407 43.739118 300.023186 276.987385 270.317490
199408 42.446150 299.767273 277.051823 270.409756
199409 43.338423 299.850912 277.006681 270.331774
199410 44.216738 300.218875 277.240947 270.530293
199411 44.726458 300.489025 277.551409 270.864623
199412 44.127345 300.719643 277.381264 270.689492
199501 44.729858 300.754408 278.090298 271.531001
199502 44.836489 300.914705 278.184629 271.615859
199503 47.121306 301.162496 278.468663 271.874655
199504 47.372261 301.243771 278.388237 271.740289
199505 46.826540 301.162339 277.959206 271.262297
199506 45.501727 300.548606 277.627483 270.988228
199507 44.063432 300.105412 277.028432 270.352114
199508 44.047568 299.746614 277.280301 270.664499
199509 42.891799 299.767206 277.219761 270.565133
199510 42.724458 300.065634 277.116667 270.393308
199511 43.896579 300.353621 277.317633 270.596041
199512 43.231249 300.529366 277.345875 270.654142
199601 43.207338 300.545904 277.514381 270.867243
199602 43.792089 300.578468 277.836485 271.236768
199603 44.076805 300.945644 277.865665 271.188839
199604 45.866174 301.144672 278.041989 271.341087
199605 46.247661 300.978735 277.799116 271.094456
199606 44.341652 300.536768 277.262725 270.567169
199607 43.497021 300.150616 277.150601 270.471996
199608 44.255087 299.873660 277.314288 270.705012
199609 43.094093 299.957966 277.206802 270.545608
199610 42.765603 300.293730 277.134014 270.405785
199611 45.344773 300.710243 277.468930 270.733774
199612 44.536784 300.945083 277.720757 271.039270
199701 45.601566 301.030193 278.438535 271.928678
199702 46.103795 301.181193 278.750732 272.243619
199703 47.486976 301.329653 278.990691 272.468821
199704 47.705755 301.452395 278.385120 271.731045
199705 47.872136 301.287265 278.131761 271.454280
199706 46.413860 300.649667 277.755503 271.120761
199707 44.471808 300.059421 277.485367 270.888550
199708 42.945959 299.850394 277.233415 270.595089
199709 42.611307 299.991263 277.119073 270.434952
199710 43.865898 300.401763 277.420869 270.729277
199711 45.243720 300.735974 277.675800 270.997411
199712 45.698186 300.959078 277.748022 271.089475
199801 46.952488 301.216881 278.549041 272.025063
199802 47.696277 301.440769 279.080718 272.602388
199803 48.547989 301.620765 279.100067 272.586318
199804 48.962308 301.682586 278.771434 272.177228
199805 48.302292 301.375803 278.464440 271.839855
199806 46.031275 300.786004 277.601419 270.933566
199807 44.713294 300.202716 277.494125 270.887456
199808 43.526868 299.966431 277.399347 270.775251
199809 44.366680 299.995431 277.390935 270.756984
199810 43.945207 300.303239 277.439055 270.770127
199811 44.624796 300.640710 277.631890 270.952143
199812 45.759079 300.750042 277.790283 271.142585
199901 44.285757 300.945604 277.765440 271.112059
199902 45.443113 301.049793 278.297528 271.713217
199903 46.507440 301.165610 278.544284 271.944639
199904 47.695149 301.325268 278.380357 271.719505
199905 47.731046 301.019140 278.064099 271.409742
199906 44.906756 300.420122 277.424753 270.753205
199907 43.219403 300.030228 277.043639 270.356872
199908 42.475391 299.905843 276.953670 270.268817
199909 43.061021 299.965616 277.260530 270.609630
199910 43.792028 300.361937 277.200083 270.472238
199911 44.978261 300.670653 277.631530 270.956879
199912 46.368784 300.803411 277.936512 271.333459
200001 45.196056 300.927844 278.231001 271.678693
200002 46.654567 301.144546 278.630206 272.096640
200003 47.187713 301.286049 278.875702 272.333789
200004 47.854583 301.378658 278.518618 271.890645
200005 46.489572 301.023031 277.989227 271.322269
200006 44.982089 300.528298 277.391049 270.703153
200007 44.269251 300.032988 277.289438 270.670542
200008 43.062467 299.707247 277.190415 270.574407
200009 42.026569 299.880045 276.957947 270.256436
200010 43.354562 300.232724 277.133818 270.394802
200011 44.408851 300.656823 277.525859 270.818425
200012 44.997588 300.744735 277.662336 270.993082
200101 44.686172 300.813237 277.888091 271.290780
200102 45.531712 301.041249 278.302513 271.733508
200103 46.736161 301.145937 278.512194 271.916634
200104 46.923240 301.209928 278.369927 271.716187
200105 44.989682 300.966667 277.770700 271.053399
200106 44.012596 300.466309 277.242011 270.536937
200107 44.796071 299.980711 277.036348 270.370857
200108 43.513802 299.688850 277.143366 270.521718
200109 42.813045 299.870799 277.058309 270.381434
200110 43.244684 300.242776 277.053665 270.312955
200111 43.851575 300.592677 277.370427 270.634300
200112 44.381072 300.759838 277.536965 270.828865
200201 45.536097 300.800188 277.976279 271.387289
200202 45.432893 300.981793 278.328274 271.783162
200203 46.732890 301.345320 278.541311 271.932734
200204 48.023257 301.399631 278.537734 271.916507
200205 47.139223 301.290846 278.074921 271.409459
200206 46.689589 300.801500 277.737028 271.084012
200207 44.796184 300.391547 277.391278 270.742219
200208 44.179346 300.117278 277.422393 270.798145
200209 44.145003 300.251306 277.535405 270.884448
200210 45.502731 300.710399 277.858896 271.208436
200211 46.975422 301.075993 277.985616 271.341693
200212 47.721818 301.203784 278.438315 271.878145
200301 47.315991 301.354376 278.774124 272.277720
200302 47.586603 301.267582 279.252483 272.823416
200303 47.859399 301.587381 278.914844 272.377259
200304 48.158094 301.623604 278.621397 271.997497
200305 47.502978 301.328201 278.299126 271.637174
200306 45.931267 300.760819 277.712712 271.060846
200307 44.709483 300.178234 277.526110 270.926187
200308 43.711998 299.950966 277.349572 270.757065
200309 43.620912 299.991972 277.434907 270.809200
200310 43.944216 300.362405 277.341620 270.631223
200311 44.735674 300.796181 277.555904 270.824050
200312 46.045768 301.047659 278.056545 271.409168
200401 46.117929 301.147103 278.307137 271.737035
200402 46.555040 301.381648 278.658099 272.092810
200403 48.445302 301.710596 279.264719 272.746815
200404 49.613501 301.875458 278.883845 272.285030
200405 49.507308 301.570893 278.782847 272.175872
200406 47.034256 301.123975 278.143682 271.524023
200407 46.051327 300.474665 277.969703 271.407803
200408 44.619128 300.168619 277.727060 271.148155
200409 44.390493 300.365166 277.522250 270.866444
200410 45.166044 300.705641 277.762667 271.098999
200411 46.730189 300.951871 277.999556 271.345597
200412 45.961687 301.131331 278.060853 271.424780
200501 46.712543 301.199332 278.513670 271.985247
200502 47.374497 301.404503 278.985545 272.497996
200503 48.612182 301.503438 279.191692 272.717173
200504 48.869710 301.684244 278.813011 272.219369
200505 47.736037 301.436375 278.442052 271.820845
200506 47.100027 300.894634 278.008484 271.401279
200507 46.598920 300.321705 277.633306 271.041675
200508 43.911292 300.037696 277.561957 270.981732
200509 44.110690 300.195826 277.495235 270.861323
200510 45.017017 300.579972 277.723074 271.067985
200511 45.574531 300.967593 277.980609 271.311139
200512 46.914644 301.085998 278.305947 271.723791
200601 45.794828 300.976008 278.446153 271.912205
200602 45.996146 301.135330 278.551358 272.025073
200603 47.493558 301.384671 278.787356 272.220391
200604 47.939056 301.410771 278.493268 271.848373
200605 47.451241 301.059851 278.128070 271.446994
200606 45.601684 300.606983 277.469319 270.779894
200607 44.580037 300.216793 277.302397 270.649049
200608 43.954642 299.923070 277.468659 270.877367
200609 43.216269 300.050320 277.269441 270.587187
200610 43.754122 300.459388 277.550243 270.862114
200611 45.340794 300.758123 277.709988 271.020383
200612 45.224135 300.899617 277.879802 271.252667
200701 44.917477 300.898625 278.109701 271.536565
200702 46.346753 300.953258 278.578291 272.054362
200703 46.435815 301.232601 278.508085 271.890466
200704 47.260781 301.478608 278.342834 271.676739
200705 48.257939 301.232975 278.201232 271.548350
200706 45.167396 300.744521 277.618364 270.956521
200707 44.297201 300.344268 277.118570 270.447092
200708 44.466931 300.154347 277.607581 271.020113
200709 44.909437 300.265174 277.704958 271.095670
200710 44.740452 300.526318 277.765953 271.114797
200711 45.778593 300.913032 277.831945 271.160280
200712 46.847546 301.009639 278.228006 271.640657
200801 45.418682 301.066558 278.297537 271.754809
200802 45.766112 301.199294 278.665212 272.132921
200803 46.920653 301.321459 278.721135 272.152351
200804 47.384517 301.376922 278.458022 271.806835
200805 46.263107 301.215893 278.096919 271.437567
200806 45.007655 300.679540 277.478012 270.796071
200807 44.403436 300.247332 277.093649 270.402619
200808 44.059601 300.052294 277.342308 270.715332
200809 43.651531 300.212781 277.381265 270.716641
200810 45.385926 300.600889 277.518256 270.826778
200811 46.300909 300.927129 277.988552 271.333041
200812 46.578967 301.095667 278.276675 271.673120
200901 47.033104 301.112280 278.556474 272.055532
200902 46.537483 301.369671 278.755818 272.230193
200903 47.456963 301.536769 279.064995 272.545328
200904 48.978885 301.407585 278.770253 272.157596
200905 47.050656 301.156204 278.065671 271.391959
200906 45.634798 300.511132 277.567845 270.901704
200907 43.574590 299.948819 277.170439 270.508711
200908 42.383534 299.765360 277.058820 270.394791
200909 42.807034 299.837058 277.103948 270.439427
200910 42.976320 300.181645 277.227387 270.484956
200911 43.530881 300.555012 277.215148 270.465532
200912 44.299774 300.591697 277.506766 270.846737
201001 43.708571 300.733093 277.583327 270.960529
201002 44.376980 301.001041 278.059184 271.444036
201003 45.115157 301.295199 278.171570 271.519430
201004 47.302716 301.392958 278.417675 271.754410
201005 46.284649 301.188073 277.965930 271.273829
201006 45.570777 300.747689 277.654358 271.005027
201007 44.549052 300.396246 277.272029 270.603315
201008 44.587969 300.199880 277.681129 271.105589
201009 44.454371 300.281351 277.687421 271.065245
201010 44.623779 300.613496 277.713624 271.047671
201011 45.951255 300.937686 277.820906 271.123240
201012 46.607772 301.097495 278.312670 271.728908
201101 46.369790 301.102880 278.552980 272.045317
201102 46.877503 301.266332 278.820617 272.314452
201103 47.369291 301.319972 278.940485 272.411819
201104 47.404392 301.242667 278.388927 271.738080
201105 46.502519 300.998436 277.970306 271.278700
201106 44.897153 300.447914 277.317387 270.628555
201107 43.716433 299.982835 277.126324 270.471556
201108 42.898637 299.741776 277.084132 270.451947
201109 42.988432 299.825238 277.100498 270.434349
201110 42.724971 300.199687 277.086973 270.365962
201111 44.080732 300.539222 277.506949 270.800779
201112 44.234343 300.757009 277.592031 270.914394
201201 44.850526 300.970949 277.845552 271.230603
201202 45.383522 301.206193 278.366554 271.795232
201203 46.429335 301.530966 278.706809 272.108363
201204 47.664049 301.604430 278.577940 271.929992
201205 47.172315 301.335443 278.094612 271.415695
201206 45.603209 300.816015 277.670976 271.004895
201207 44.345201 300.313731 277.437905 270.799270
201208 43.946464 300.122316 277.303581 270.702233
201209 44.770165 300.342903 277.500342 270.843495
201210 45.838489 300.802341 277.859259 271.199724
201211 47.087155 301.156159 278.217308 271.583347
201212 47.966855 301.296452 278.682498 272.151847
201301 47.403800 301.429066 278.940047 272.457239
201302 47.754749 301.559846 279.321173 272.874916
201303 48.125644 301.669185 279.365141 272.882724
201304 49.105834 301.622651 278.735250 272.109981
201305 47.718353 301.352007 278.367240 271.733658
201306 45.887278 300.749609 277.833006 271.193094
201307 44.934913 300.281990 277.434194 270.798381
201308 43.961652 300.147199 277.464628 270.825882
201309 44.945608 300.246957 277.724248 271.111793
201310 44.825160 300.662365 277.752106 271.082915
201311 46.183641 300.935706 277.972180 271.295879
201312 46.068121 301.100486 278.208453 271.575601
201401 46.222840 301.107942 278.359797 271.795278
201402 47.369538 301.075878 278.787621 272.283873
201403 47.385723 301.248784 278.832533 272.307267
201404 48.382588 301.403827 278.380764 271.737386
201405 47.975725 301.228350 278.430782 271.796899
201406 45.105991 300.693710 277.642141 270.984260
201407 45.160716 300.179726 277.451844 270.813941
201408 43.678424 299.997676 277.425305 270.811143
201409 43.689600 300.123103 277.513212 270.880519
201410 44.696811 300.473596 277.552068 270.877446
201411 46.341365 300.841175 277.837632 271.159358
201412 46.663986 301.030561 278.331168 271.736209
201501 46.557844 301.098092 278.350051 271.813763
201502 46.216423 301.223099 278.842761 272.360558
201503 47.178432 301.372227 278.901062 272.350341
201504 47.686484 301.354035 278.556032 271.929392
201505 46.863206 301.106135 278.039260 271.349061
201506 45.846643 300.717431 277.560348 270.872737
201507 45.076308 300.335248 277.333503 270.674414
201508 44.407581 300.011413 277.512299 270.910328
201509 44.675849 300.015681 277.505852 270.869878
201510 43.579051 300.406908 277.367083 270.678541
201511 45.533153 300.824735 277.683955 270.979259
201512 45.845242 301.043395 277.878433 271.208738
201601 46.022055 301.251537 278.404399 271.830191
201602 47.544277 301.321262 279.018824 272.537064
201603 47.868812 301.540220 278.906080 272.370475
201604 49.258751 301.624474 278.829282 272.223413
201605 47.915649 301.414422 278.424400 271.765447
201606 46.858778 300.880760 277.795882 271.171234
201607 44.949381 300.358159 277.734453 271.168746
201608 44.509916 300.159026 277.636136 271.065096
201609 44.314561 300.323237 277.646294 271.011581
201610 46.076254 300.686783 277.893986 271.257451
201611 46.421957 301.052164 278.063881 271.411998
201612 47.799518 301.189787 278.526289 271.968355
201701 47.201353 301.314262 278.759548 272.265554
201702 47.008771 301.456311 279.120161 272.650334
201703 48.383872 301.633103 279.332501 272.813505
201704 48.369900 301.677063 278.928791 272.352555
201705 48.288318 301.466020 278.454588 271.818103
201706 46.519564 300.969440 278.113287 271.513446
201707 45.028247 300.444056 277.718356 271.124292
201708 44.781203 300.266070 277.670457 271.060581
201709 44.778265 300.450242 277.765491 271.122149
201710 46.508884 300.873826 278.011205 271.363815
201711 46.829541 301.167103 278.336151 271.712369
201712 47.921779 301.263341 278.509516 271.930237
201801 47.159106 301.340106 278.923904 272.441014
201802 46.653505 301.412244 279.013636 272.520975
201803 48.627123 301.554233 279.059976 272.501704
201804 48.403399 301.607622 278.888692 272.267416
201805 47.933337 301.400809 278.577937 271.945520
201806 46.525280 300.828584 277.989371 271.379698
201807 44.867975 300.393300 277.601395 270.981152
201808 44.350944 300.200166 277.498639 270.882811
201809 44.595048 300.309171 277.679023 271.054374
201810 44.881598 300.803016 277.793007 271.119929
201811 46.191004 301.119440 278.130143 271.487294
201812 46.776925 301.272929 278.428717 271.847641
201901 48.130529 301.373676 278.869027 272.377617
201902 47.242470 301.459700 279.434679 273.028182
201903 48.280696 301.712416 279.278265 272.777774
201904 49.836609 301.990076 279.096638 272.501062
201905 49.787095 301.686907 279.000802 272.427984
201906 46.406673 301.167464 278.298090 271.710646
201907 45.826016 300.564938 277.899455 271.306989
201908 44.261865 300.328811 277.591085 270.964839
201909 44.751617 300.374909 277.815886 271.196760
201910 45.000848 300.657952 277.767790 271.095099
201911 46.836589 300.924736 278.059239 271.403844
201912 46.397553 301.136057 278.032312 271.396275
202001 47.404718 301.229079 278.684232 272.171758
202002 47.383648 301.444424 279.035514 272.563371
202003 46.906233 301.817908 279.115813 272.569534
202004 49.208264 301.903275 278.915703 272.311486
202005 48.627468 301.604534 278.500909 271.854779
202006 46.283735 300.990123 277.945946 271.322362
202007 44.674766 300.447183 277.815315 271.244594
202008 44.087299 300.254840 277.737100 271.140822
202009 44.553253 300.333646 277.767921 271.141610
202010 45.322675 300.650559 277.657120 270.976796
202011 45.382176 300.938535 277.967287 271.308486
202012 46.042533 301.132707 278.070279 271.425057
202101 47.031402 301.157623 278.649599 272.126550
202102 46.458608 301.351774 278.903638 272.391709
202103 47.874128 301.575545 278.998125 272.461545
202104 49.004740 301.639148 278.875743 272.268460
202105 47.603082 301.346240 278.426001 271.799749
202106 45.895323 300.705622 277.967683 271.360221
202107 44.236845 300.210986 277.501010 270.888206
202108 43.497154 300.032938 277.405910 270.792017
202109 43.685151 300.115559 277.492979 270.862830
202110 44.360205 300.563998 277.565360 270.870553
202111 46.207005 300.886756 278.001055 271.344207
202112 46.234305 301.054951 278.147857 271.522494
202201 46.647678 301.210402 278.425205 271.868720
202202 47.025762 301.421902 279.128466 272.617382
202203 48.006786 301.642232 279.210103 272.695294
202204 49.867372 301.909935 279.076768 272.503980
202205 49.282645 301.606973 278.760876 272.151038
202206 47.497308 301.031446 278.220742 271.627009
202207 46.115669 300.464808 277.733756 271.140366
202208 44.937389 300.327835 277.892791 271.305004
202209 45.815987 300.391676 277.996035 271.418939
202210 46.019276 300.779195 278.082126 271.464302
202211 46.366499 301.183036 278.153192 271.493765
202212 47.199541 301.271749 278.498027 271.910826
202301 47.017008 301.337534 278.792735 272.288827
202302 47.356201 301.471918 279.042248 272.564519
202303 48.570513 301.698235 279.262285 272.742703
202304 49.166684 301.870796 279.057265 272.481562
202305 48.681967 301.806027 278.667405 272.051249
202306 48.374930 301.164706 278.585442 272.030144
202307 46.186020 300.748929 277.929631 271.331369
202308 45.760676 300.491260 277.892639 271.335229
202309 46.029991 300.600384 278.082992 271.500519
202310 46.636920 300.958668 278.196350 271.588532
202311 47.933174 301.445053 278.250792 271.604093
202312 48.117133 301.633358 278.922181 272.401934
202401 48.248179 301.725887 279.393013 272.951590
202402 48.266278 301.806251 279.759142 273.349015
202403 50.316998 301.972969 279.617108 273.174212
202404 51.347731 302.097213 279.475536 272.938640
202405 50.657931 302.034930 279.016808 272.439231
202406 49.125578 301.408036 278.803814 272.267014
202407 46.871530 300.875326 278.339679 271.791859
202408 45.655249 300.609159 277.963930 271.377942
202409 46.498023 300.696280 278.219913 271.647277
202410 46.730497 300.959384 278.175739 271.554968
202411 47.743226 301.261197 278.544789 271.946449
202412 47.006183 301.353176 278.583936 272.037911
