time(yyyymm) ts_cwv ts_sst ts_tlt ts_tmt
198001 39.931436 300.485181 277.833048 271.414311
198002 39.939427 300.590607 278.093543 271.690552
198003 40.620170 300.985295 278.299951 271.881737
198004 41.568565 301.347517 278.735310 272.304415
198005 42.484838 301.299653 278.599066 272.178845
198006 41.604542 300.828135 278.211293 271.824189
198007 40.786506 300.400263 277.828134 271.438185
198008 40.436811 300.209556 277.913396 271.548656
198009 40.982269 300.364462 278.058503 271.673135
198010 41.418904 300.625831 278.317705 271.902404
198011 42.332118 300.794360 278.363049 271.941202
198012 41.357516 300.819049 278.293394 271.881164
198101 41.669729 300.692030 278.369497 272.009482
198102 40.530606 300.640950 278.299681 271.925642
198103 40.564903 300.944827 278.435722 272.038007
198104 41.645356 301.373797 278.661340 272.229018
198105 42.829335 301.356860 278.794843 272.401938
198106 42.096638 300.854348 278.362812 271.978485
198107 41.071096 300.398071 277.961701 271.597064
198108 40.422193 300.184415 277.896513 271.535340
198109 40.494572 300.329226 278.103302 271.736721
198110 41.085447 300.653843 278.228415 271.815373
198111 41.664879 300.840238 278.347564 271.927680
198112 42.608235 300.833982 278.396107 271.994892
198201 41.131609 300.690219 278.375412 272.014141
198202 40.805015 300.636858 278.301464 271.932891
198203 41.195830 300.925048 278.492790 272.095601
198204 42.452575 301.233618 278.691453 272.260964
198205 42.807117 301.116614 278.716095 272.297628
198206 41.160156 300.597094 278.086444 271.673144
198207 40.089305 300.045061 277.581072 271.167604
198208 38.903793 299.794397 277.361135 270.950578
198209 39.973367 299.865852 277.593297 271.166643
198210 39.907250 300.095722 277.824600 271.379426
198211 39.749567 300.234339 277.740154 271.260706
198212 38.612680 300.174602 277.488330 271.009030
198301 38.824167 300.076482 277.322187 270.846125
198302 39.407040 300.172786 277.388542 270.921885
198303 39.316778 300.558236 277.824210 271.340315
198304 40.144293 300.860105 278.162856 271.681331
198305 41.161074 300.784494 278.026105 271.548490
198306 39.652942 300.336853 277.571043 271.108939
198307 39.505186 299.904751 277.253701 270.811879
198308 39.125952 299.640542 277.066674 270.639682
198309 39.614236 299.713998 277.164491 270.718644
198310 38.941301 300.045486 277.316641 270.811332
198311 39.155740 300.257881 277.561914 271.063183
198312 39.547340 300.192136 277.504525 271.019218
198401 39.535038 300.142881 277.423903 270.967391
198402 39.588733 300.304016 277.741648 271.323691
198403 40.013801 300.698320 277.973515 271.527191
198404 41.179756 301.022443 278.395194 271.951319
198405 42.179345 300.900691 278.376263 271.967336
198406 40.917350 300.506525 277.884283 271.459779
198407 39.859909 300.116943 277.496735 271.090487
198408 39.798019 299.935085 277.566689 271.160403
198409 40.464416 300.081072 277.778665 271.374614
198410 40.804722 300.363673 278.044633 271.628189
198411 40.610453 300.498794 278.142841 271.694669
198412 40.384154 300.386504 277.855677 271.420744
198501 39.722978 300.248420 277.738980 271.335391
198502 39.495839 300.285612 277.857873 271.455587
198503 40.163314 300.523986 278.136683 271.695709
198504 40.805694 300.765829 278.286314 271.828454
198505 40.666250 300.644352 277.963442 271.502321
198506 39.554553 300.100296 277.334580 270.862229
198507 38.490401 299.707426 276.986286 270.511210
198508 38.798626 299.516949 277.035864 270.592598
198509 38.718552 299.676622 277.224515 270.777756
198510 39.232399 300.001243 277.497600 271.031479
198511 39.442511 300.198792 277.561030 271.073144
198512 38.705031 300.172985 277.442448 270.958792
198601 39.067779 300.162859 277.482503 271.021623
198602 39.677328 300.263459 277.582618 271.119090
198603 40.449604 300.644602 277.999224 271.531132
198604 41.035344 301.000583 278.335740 271.881373
198605 42.051354 300.898698 278.399542 271.971888
198606 41.051760 300.457896 277.812488 271.405420
198607 39.720593 300.026976 277.446688 271.039264
198608 38.988676 299.845244 277.417920 271.037515
198609 39.582570 299.942901 277.573012 271.152363
198610 40.163619 300.210798 277.752822 271.302249
198611 40.178881 300.486410 277.893425 271.436178
198612 40.532210 300.493319 277.769906 271.305106
198701 41.202208 300.344403 277.970022 271.559155
198702 39.955227 300.459992 277.819663 271.404472
198703 39.875475 300.846392 278.084041 271.633082
198704 41.674640 301.247024 278.410459 271.962158
198705 42.024985 301.076122 278.447883 272.028646
198706 41.899263 300.652710 278.176415 271.798261
198707 41.171285 300.238697 277.796743 271.426188
198708 41.014770 300.052032 277.880232 271.521286
198709 40.295146 300.229442 278.016856 271.619321
198710 41.449993 300.547994 278.227157 271.807408
198711 41.181784 300.792158 278.305020 271.881091
198712 41.518819 300.842810 278.332492 271.909736
198801 40.796770 300.745906 278.244421 271.864515
198802 41.293996 300.893453 278.368150 271.995266
198803 41.952984 301.223289 278.780384 272.407649
198804 43.817540 301.446475 279.198913 272.835092
198805 43.853388 301.295853 278.927087 272.565531
198806 41.604643 300.856641 278.284726 271.910553
198807 40.741824 300.487698 277.882184 271.503895
198808 41.085370 300.264508 278.000389 271.655748
198809 41.651581 300.295737 278.142339 271.784500
198810 41.668360 300.604698 278.209808 271.793756
198811 40.869271 300.811391 278.284702 271.847748
198812 41.297283 300.887520 278.344793 271.923894
198901 42.142814 300.862307 278.536677 272.175490
198902 42.508966 300.982057 278.790527 272.462416
198903 42.069135 301.231480 279.030409 272.677895
198904 42.435052 301.473108 279.013561 272.618476
198905 43.039446 301.333581 278.936039 272.539812
198906 42.285652 300.876969 278.326312 271.942042
198907 40.776125 300.349978 277.922020 271.559856
198908 40.829581 300.126695 277.880224 271.522434
198909 41.323584 300.223943 278.151034 271.803500
198910 40.688398 300.491335 278.185565 271.770993
198911 41.343781 300.706834 278.287314 271.853251
198912 40.810924 300.802672 278.108870 271.678300
199001 41.012850 300.866657 278.277270 271.895944
199002 41.370256 301.078145 278.633502 272.287488
199003 42.397639 301.337781 278.959328 272.610130
199004 43.814827 301.641474 279.258500 272.886395
199005 44.339641 301.536990 279.191282 272.823241
199006 42.835418 301.149697 278.677221 272.321884
199007 41.786974 300.718703 278.368827 272.040474
199008 42.313444 300.496579 278.343027 272.040066
199009 43.088671 300.585588 278.599837 272.282818
199010 42.629167 300.950649 278.817614 272.457303
199011 43.411860 301.137119 278.803039 272.416497
199012 42.580784 301.156594 278.782414 272.394238
199101 43.344449 301.160309 278.905484 272.582405
199102 42.838375 301.229257 279.002870 272.734652
199103 43.514771 301.529805 279.438303 273.143248
199104 44.662537 301.825281 279.680648 273.355640
199105 44.500827 301.631351 279.400457 273.089132
199106 42.906835 301.099027 278.814199 272.479849
199107 42.157948 300.596191 278.340133 271.994321
199108 41.464912 300.289647 278.318736 271.973029
199109 40.807003 300.310631 278.246959 271.876568
199110 41.688974 300.475896 278.277218 271.859928
199111 41.104437 300.633486 278.278606 271.830863
199112 40.566872 300.510608 278.047342 271.606089
199201 39.945535 300.407967 277.769082 271.350734
199202 40.556716 300.458718 278.002832 271.590203
199203 41.239010 300.674494 278.291705 271.843338
199204 41.255303 300.931833 278.399256 271.922702
199205 40.763510 300.792301 278.015465 271.537628
199206 39.996184 300.279834 277.515457 271.049990
199207 38.776311 299.795691 277.042083 270.589802
199208 38.878995 299.599729 277.096629 270.653917
199209 39.342779 299.716401 277.212080 270.751686
199210 39.224992 300.039331 277.483184 271.005206
199211 39.596720 300.239890 277.513925 270.998969
199212 39.308881 300.286724 277.585230 271.090195
199301 39.664950 300.238449 277.729921 271.282023
199302 39.304873 300.436244 277.789526 271.349305
199303 40.838699 300.787496 278.248915 271.800249
199304 42.100665 301.055857 278.520267 272.068368
199305 41.398481 301.005577 278.442809 272.007746
199306 41.031264 300.597928 277.948425 271.519703
199307 40.288015 300.247784 277.643144 271.224172
199308 40.772655 300.122490 277.675907 271.270585
199309 40.666108 300.321906 278.029739 271.629862
199310 40.436124 300.688514 278.327679 271.934857
199311 42.190559 300.949095 278.652534 272.258029
199312 42.388638 300.945133 278.603002 272.247973
199401 42.121636 300.720804 278.594091 272.291851
199402 40.919381 300.770636 278.564817 272.231106
199403 41.722228 301.012008 278.621090 272.242670
199404 42.153854 301.332314 278.928675 272.522681
199405 43.230554 301.267625 278.897573 272.508549
199406 41.871585 300.726253 278.292025 271.940796
199407 40.940961 300.230028 277.880766 271.522593
199408 40.530973 299.979931 277.768480 271.399888
199409 40.472728 300.060844 277.819483 271.435647
199410 40.055461 300.360171 278.059851 271.638838
199411 40.453588 300.581516 278.179395 271.756579
199412 39.956878 300.527000 277.968003 271.546506
199501 40.381148 300.341510 277.865543 271.460497
199502 40.672633 300.431555 277.987078 271.591091
199503 41.493585 300.743395 278.332991 271.921789
199504 41.137337 301.029034 278.472559 272.023498
199505 41.069143 300.866321 278.338430 271.913492
199506 40.154591 300.367697 277.705776 271.267896
199507 38.912026 299.991499 277.253666 270.807445
199508 40.058175 299.836358 277.440542 271.031486
199509 40.519618 300.006081 277.599327 271.182921
199510 40.448216 300.313372 277.853778 271.418280
199511 39.832020 300.491391 278.023220 271.561625
199512 39.518357 300.468093 277.835116 271.397636
199601 40.741500 300.408904 277.904845 271.509087
199602 40.081375 300.613205 278.087648 271.714263
199603 41.000643 300.980755 278.465495 272.053314
199604 41.518830 301.334616 278.698613 272.281839
199605 42.246140 301.215254 278.678402 272.286758
199606 42.177391 300.839910 278.423021 272.054716
199607 40.161908 300.413011 277.916869 271.547980
199608 40.703865 300.197696 277.977306 271.633602
199609 42.078239 300.281872 278.135826 271.773816
199610 41.611716 300.628305 278.413682 272.028601
199611 41.226950 300.831377 278.419266 272.007767
199612 41.457252 300.868333 278.320922 271.903479
199701 41.148446 300.802643 278.355948 271.989567
199702 41.011033 300.868529 278.510958 272.169078
199703 42.387683 301.214446 278.947661 272.577220
199704 43.325419 301.504698 279.206589 272.830474
199705 43.229187 301.443742 279.009023 272.636392
199706 42.636728 301.028216 278.538206 272.172522
199707 42.354231 300.593175 278.237570 271.910257
199708 42.492160 300.341751 278.255662 271.933582
199709 41.864571 300.540361 278.536086 272.203462
199710 42.290916 300.777656 278.726749 272.379297
199711 43.003270 300.982931 278.788480 272.401652
199712 42.353487 301.023359 278.652395 272.275783
199801 42.828532 300.851557 278.756532 272.446518
199802 41.492420 300.885663 278.659174 272.318336
199803 41.968663 301.077230 279.002103 272.652241
199804 42.789458 301.350454 279.162543 272.794979
199805 42.324959 301.235833 278.851832 272.458224
199806 41.460425 300.701586 278.252786 271.877369
199807 40.109077 300.224072 277.838005 271.467612
199808 40.415444 299.997958 277.807960 271.434150
199809 40.180687 300.103803 277.978675 271.597019
199810 40.813599 300.419328 278.071121 271.645274
199811 41.349246 300.553799 278.127856 271.688399
199812 40.973081 300.544311 278.096963 271.666134
199901 40.817319 300.514443 278.102114 271.728788
199902 40.835982 300.599121 278.189919 271.829335
199903 41.273461 301.019028 278.518810 272.105770
199904 42.724195 301.295083 278.833897 272.409587
199905 42.592919 301.250525 278.771631 272.368511
199906 41.956830 300.781765 278.285325 271.907047
199907 41.532975 300.385957 277.975565 271.601863
199908 41.043970 300.224276 277.988047 271.626803
199909 40.634970 300.426307 278.171107 271.789878
199910 41.958012 300.704071 278.496278 272.114485
199911 41.602753 300.979872 278.554048 272.147001
199912 43.045856 301.019598 278.678004 272.308264
200001 42.426149 300.934852 278.614310 272.265798
200002 42.785282 301.057538 278.963280 272.643689
200003 42.766388 301.392453 279.267836 272.960501
200004 43.254731 301.648198 279.396197 273.053950
200005 44.263798 301.519649 279.295252 272.967271
200006 43.596942 301.051613 278.905905 272.588494
200007 42.164131 300.628692 278.428969 272.094162
200008 41.148073 300.377908 278.166953 271.829737
200009 41.282000 300.511840 278.415284 272.064914
200010 41.901765 300.828799 278.553560 272.161909
200011 41.316883 301.063950 278.601945 272.192734
200012 42.126359 301.054478 278.701696 272.327043
200101 42.741246 300.868905 278.685124 272.347621
200102 41.103491 300.984938 278.768719 272.437660
200103 41.056608 301.379465 278.968827 272.598857
200104 43.539373 301.663372 279.340886 272.975592
200105 43.813386 301.594750 279.201926 272.843099
200106 43.862367 301.144694 278.883859 272.562280
200107 42.408564 300.676233 278.418623 272.101442
200108 41.903672 300.457749 278.387581 272.072019
200109 42.130016 300.626694 278.517814 272.180157
200110 42.977466 300.925999 278.791817 272.426442
200111 42.232026 301.167915 278.897342 272.523085
200112 43.054760 301.137670 278.793587 272.431347
200201 42.076140 300.974370 278.735806 272.430152
200202 42.332067 301.054811 278.845404 272.533181
200203 42.744828 301.443165 279.199812 272.861655
200204 44.153663 301.805377 279.518047 273.180337
200205 43.882710 301.621388 279.345647 273.018173
200206 43.245867 301.142066 279.006161 272.705422
200207 42.194933 300.659002 278.492059 272.190311
200208 42.406688 300.451926 278.508952 272.204123
200209 42.635030 300.515161 278.582889 272.266606
200210 42.611867 300.813703 278.852309 272.494647
200211 41.532674 301.036904 278.710115 272.300462
200212 41.857099 300.922814 278.594194 272.227875
200301 41.836212 300.762659 278.446403 272.093160
200302 41.303290 300.849168 278.490548 272.149249
200303 42.054218 301.157994 278.957654 272.596458
200304 42.772715 301.431146 279.021961 272.644185
200305 43.179940 301.283678 278.890868 272.517967
200306 41.590652 300.711381 278.202000 271.818152
200307 40.399695 300.281559 277.741564 271.340099
200308 41.108250 300.094525 277.898548 271.548416
200309 41.661006 300.247156 278.287955 271.936410
200310 41.669702 300.544337 278.354073 271.961487
200311 41.692950 300.649289 278.393789 271.977477
200312 41.107984 300.657291 278.296471 271.886659
200401 40.204740 300.585372 278.136099 271.747758
200402 40.646789 300.709894 278.251665 271.847674
200403 41.202180 301.152837 278.644025 272.224563
200404 42.420197 301.506591 278.983159 272.575884
200405 42.836426 301.501096 278.991286 272.604563
200406 42.513582 301.046539 278.578859 272.235768
200407 41.630088 300.641602 278.252365 271.893823
200408 41.342511 300.507948 278.302223 271.977480
200409 42.338197 300.637030 278.539981 272.201531
200410 42.981795 300.922251 278.793586 272.434503
200411 43.588388 301.177494 278.964693 272.594508
200412 42.596520 301.218795 278.853361 272.468658
200501 43.151863 301.144422 278.953802 272.652074
200502 43.360907 301.233230 279.313427 273.040879
200503 44.324337 301.627656 279.713108 273.447928
200504 45.510522 302.001028 279.885918 273.579323
200505 45.247189 301.926238 279.829002 273.553324
200506 44.134687 301.540630 279.174802 272.875579
200507 43.364342 301.098235 279.007247 272.749368
200508 43.815588 300.763682 278.864179 272.599039
200509 43.989753 300.951582 279.056000 272.765286
200510 43.476119 301.258594 279.227399 272.900966
200511 42.607706 301.469531 279.170795 272.808574
200512 43.918251 301.502420 279.174710 272.827228
200601 43.127121 301.382505 279.235684 272.954531
200602 42.688255 301.548543 279.316421 273.024450
200603 43.872534 301.855200 279.686039 273.401404
200604 46.087815 302.071693 279.994298 273.712869
200605 44.479430 301.915602 279.734860 273.438279
200606 44.633193 301.395144 279.193358 272.896069
200607 43.023448 300.863693 278.848123 272.574740
200608 41.796904 300.635382 278.681811 272.402948
200609 41.767518 300.759925 278.821645 272.522552
200610 42.664429 301.021111 278.962273 272.623280
200611 43.208164 301.232181 278.976972 272.604360
200612 42.253687 301.262844 278.919012 272.573126
200701 41.805083 301.194097 278.976589 272.663135
200702 42.306291 301.343575 279.044375 272.727466
200703 42.988851 301.721716 279.352526 273.037235
200704 44.950008 302.024437 279.868902 273.572136
200705 45.841805 301.820560 279.744232 273.467404
200706 43.896819 301.288832 279.269460 273.014243
200707 43.372787 300.761762 278.830527 272.576221
200708 42.823078 300.488598 278.591065 272.319656
200709 42.437843 300.542062 278.747876 272.454985
200710 42.114634 300.832384 278.886939 272.549326
200711 42.359881 301.052975 278.804707 272.425837
200712 42.040116 301.021814 278.803170 272.439234
200801 41.860460 301.005641 278.775352 272.420992
200802 42.544340 301.176173 279.042373 272.725182
200803 43.368309 301.402340 279.254401 272.943793
200804 43.817145 301.578649 279.391749 273.049160
200805 44.189053 301.411448 279.191580 272.850459
200806 42.631660 300.829379 278.563356 272.220792
200807 41.063217 300.428621 277.960639 271.594369
200808 41.953965 300.307969 278.098275 271.767639
200809 41.922339 300.447051 278.472626 272.155471
200810 42.106730 300.776689 278.639819 272.280465
200811 42.801951 301.000994 278.856637 272.484555
200812 42.315207 301.051568 278.674374 272.314931
200901 41.389152 301.086671 278.766116 272.442865
200902 42.188522 301.269075 279.011311 272.703696
200903 42.729925 301.609590 279.370417 273.050966
200904 44.758555 301.881423 279.655116 273.322563
200905 45.078482 301.756570 279.617217 273.302810
200906 43.047859 301.357637 278.924217 272.598709
200907 42.110641 300.904595 278.627699 272.317469
200908 42.778099 300.709315 278.684817 272.393880
200909 43.653791 300.801972 278.924685 272.630381
200910 42.683899 301.047159 279.003001 272.676485
200911 43.174370 301.266670 279.033383 272.688719
200912 42.960507 301.300656 278.997849 272.659372
201001 43.494931 301.229384 279.091243 272.813568
201002 42.182438 301.401164 279.236707 272.966325
201003 43.621182 301.749444 279.588656 273.278989
201004 44.819318 301.999718 279.891625 273.577082
201005 45.168668 301.899589 279.724125 273.444300
201006 44.671032 301.502360 279.320122 273.019383
201007 43.679924 301.133837 279.042570 272.795251
201008 43.951452 300.919704 279.178597 272.933054
201009 44.095310 301.082564 279.336463 273.061720
201010 43.916770 301.393018 279.418519 273.110856
201011 43.995962 301.567766 279.329385 272.986373
201012 44.371443 301.578474 279.349897 273.006681
201101 44.784614 301.535093 279.574542 273.333541
201102 43.937258 301.614796 279.665785 273.443387
201103 44.615540 301.871400 279.946185 273.679129
201104 46.458184 302.042840 280.200926 273.940085
201105 45.745853 301.971990 279.990545 273.718055
201106 44.075886 301.402827 279.309268 273.021024
201107 42.852185 300.932924 278.834153 272.536827
201108 43.014681 300.744514 278.815699 272.534070
201109 43.533734 300.799454 279.007876 272.728797
201110 42.993458 300.974176 278.988405 272.655766
201111 42.255466 301.168735 279.113267 272.779633
201112 42.746857 301.191181 278.890243 272.554628
201201 42.243615 301.093476 278.899671 272.580246
201202 41.372708 301.242996 278.895381 272.568426
201203 42.627001 301.549992 279.275563 272.918764
201204 44.370257 301.880975 279.580376 273.241800
201205 44.034003 301.714375 279.404865 273.096725
201206 43.970969 301.219676 279.067306 272.747483
201207 42.903600 300.808853 278.555813 272.244272
201208 43.103061 300.661460 278.578437 272.294248
201209 43.840101 300.826667 278.990056 272.700331
201210 43.208819 301.162425 279.123402 272.797558
201211 43.272870 301.318765 279.160284 272.804902
201212 44.089536 301.340350 279.078527 272.749846
201301 43.883886 301.319173 279.232113 272.941578
201302 42.640987 301.371669 279.282404 272.979720
201303 43.360898 301.693484 279.553590 273.239795
201304 44.919974 302.018692 279.792333 273.470086
201305 45.400250 301.886349 279.815644 273.527043
201306 43.406899 301.368209 279.105736 272.810616
201307 43.384217 300.855355 278.832892 272.565482
201308 43.024808 300.651583 278.704195 272.425200
201309 43.266430 300.830459 278.895638 272.603271
201310 44.042738 301.100555 279.101489 272.776313
201311 43.396436 301.322851 279.162575 272.792888
201312 43.647575 301.295636 279.127986 272.796682
201401 43.020334 301.225229 279.114418 272.818112
201402 42.451231 301.413252 279.104849 272.789209
201403 43.897255 301.759493 279.670972 273.379812
201404 45.482414 301.982763 279.993149 273.699173
201405 45.642853 301.920264 279.847980 273.580292
201406 44.238154 301.468305 279.209017 272.919615
201407 43.220310 301.061402 278.891311 272.619657
201408 43.418893 300.894199 278.904181 272.633551
201409 43.430609 301.087642 279.184973 272.902731
201410 43.618517 301.501802 279.401006 273.105554
201411 44.859488 301.706672 279.551041 273.228169
201412 44.518500 301.781470 279.553541 273.242222
201501 44.578201 301.777555 279.696821 273.448260
201502 44.993905 301.899289 279.928363 273.729968
201503 45.829155 302.163020 280.463579 274.268206
201504 46.537587 302.495164 280.535727 274.310936
201505 47.639242 302.366145 280.465093 274.273970
201506 47.017880 301.823746 279.974158 273.777310
201507 44.810642 301.271407 279.559878 273.352027
201508 44.100840 300.939105 279.288536 273.057216
201509 44.635578 300.959840 279.343993 273.095487
201510 44.159479 301.176587 279.431307 273.145290
201511 43.217170 301.296515 279.318778 272.978988
201512 42.856162 301.280716 279.165138 272.837220
201601 43.295325 301.151294 279.014871 272.705766
201602 42.453742 301.311926 279.129575 272.814885
201603 43.475831 301.666572 279.516309 273.186625
201604 44.709345 301.869531 279.742248 273.420005
201605 44.972657 301.635709 279.607288 273.296106
201606 42.975637 301.103023 278.876874 272.560921
201607 41.523318 300.628970 278.431099 272.107500
201608 42.353430 300.408654 278.479606 272.181082
201609 42.272629 300.528814 278.572060 272.261713
201610 43.124424 300.861461 278.780941 272.418845
201611 43.669056 301.149838 278.892686 272.493891
201612 42.826045 301.125132 278.937181 272.564795
201701 41.822009 301.072067 278.707247 272.376715
201702 43.396550 301.233371 278.986652 272.649797
201703 44.394401 301.702817 279.558268 273.258903
201704 45.526387 302.016834 279.909336 273.614593
201705 45.607164 301.954591 279.921896 273.649823
201706 44.616705 301.543109 279.423106 273.157981
201707 44.527671 301.101457 279.169434 272.937561
201708 44.000772 300.928975 279.121935 272.891498
201709 44.230134 301.002958 279.283325 273.036036
201710 44.258047 301.263686 279.426605 273.125419
201711 44.569456 301.428991 279.431692 273.105242
201712 44.498343 301.417964 279.257459 272.934177
201801 44.198888 301.383332 279.442046 273.183268
201802 43.965610 301.530244 279.671656 273.421527
201803 45.067467 301.804065 279.833200 273.550817
201804 46.252668 302.103506 280.116344 273.838273
201805 45.817249 301.844320 279.966042 273.682294
201806 44.132377 301.264139 279.269855 273.012403
201807 43.527878 300.859032 278.820396 272.530153
201808 42.902590 300.712624 278.839485 272.576831
201809 43.278656 300.824768 279.074526 272.790622
201810 43.776860 301.151205 279.302240 272.984535
201811 43.279775 301.373355 279.350727 273.028639
201812 42.905861 301.363011 279.230857 272.911139
201901 42.915926 301.310962 279.059673 272.757574
201902 43.105361 301.529031 279.417020 273.149423
201903 44.475659 301.911527 279.816616 273.532560
201904 46.348867 302.246475 280.303244 274.041885
201905 46.541178 302.076158 280.099076 273.863917
201906 45.863456 301.630907 279.654115 273.419344
201907 44.118767 301.223960 279.307738 273.066444
201908 43.502609 301.017113 279.344035 273.132768
201909 45.062396 301.150854 279.424732 273.164975
201910 44.433324 301.528452 279.686734 273.415583
201911 45.078757 301.662787 279.863962 273.594925
201912 44.435313 301.671171 279.629593 273.332114
202001 44.337665 301.638853 279.740975 273.480592
202002 44.838496 301.684652 279.890546 273.669095
202003 44.857476 301.990207 280.127676 273.873719
202004 45.632710 302.203793 280.202862 273.918838
202005 45.423007 302.024255 279.981811 273.710635
202006 44.408476 301.526999 279.527959 273.251987
202007 44.098843 301.018025 278.978957 272.703805
202008 44.082324 300.788418 278.992757 272.744419
202009 44.026765 300.866737 279.263201 273.026987
202010 43.349955 301.093832 279.305771 273.017540
202011 44.630539 301.237937 279.353163 273.027986
202012 43.707968 301.281692 279.272191 272.954602
202101 43.110758 301.245720 279.238899 272.955435
202102 42.900445 301.308019 279.322577 273.041846
202103 42.999645 301.618728 279.447223 273.147913
202104 44.575161 301.860786 279.820873 273.526272
202105 44.167273 301.638444 279.523310 273.222251
202106 44.075616 301.081482 278.998872 272.701832
202107 42.127289 300.689584 278.503806 272.181080
202108 41.883645 300.575994 278.607346 272.307958
202109 42.937430 300.723389 278.972390 272.682964
202110 43.163545 300.999973 279.074275 272.742423
202111 43.110046 301.211731 279.099132 272.747017
202112 43.067262 301.169537 279.141353 272.812901
202201 42.864536 301.172383 279.041100 272.730878
202202 44.109090 301.327234 279.336780 273.058608
202203 44.164190 301.708683 279.700619 273.417405
202204 45.001094 302.076559 279.875166 273.544840
202205 45.175211 302.120609 279.729307 273.426294
202206 44.791484 301.656557 279.544747 273.255692
202207 43.878480 301.254394 279.178211 272.918705
202208 45.176712 301.088055 279.199140 272.964931
202209 45.632860 301.307503 279.522524 273.283453
202210 45.309250 301.664293 279.761777 273.493143
202211 45.102244 301.851689 279.809067 273.490013
202212 46.108554 301.790170 279.830985 273.567219
202301 44.945606 301.660242 279.821809 273.593909
202302 43.711037 301.722261 279.809019 273.587904
202303 44.759661 302.045166 280.127156 273.875152
202304 47.051865 302.345370 280.441905 274.188415
202305 46.798203 302.249313 280.294410 274.046085
202306 45.728768 301.767443 279.769431 273.524148
202307 44.718627 301.279356 279.368378 273.119118
202308 44.227805 301.036930 279.321250 273.085681
202309 44.649857 301.142883 279.428263 273.180977
202310 44.599196 301.477494 279.585850 273.290268
202311 44.903509 301.693848 279.620004 273.275968
202312 44.370435 301.702693 279.605499 273.299788
202401 45.095422 301.673514 279.753509 273.502489
202402 44.340691 301.714908 279.722786 273.480324
202403 44.980910 302.073773 280.169037 273.905979
202404 46.432327 302.450438 280.468237 274.212937
202405 47.819029 302.260692 280.385560 274.149098
202406 45.422979 301.741758 279.803397 273.589264
202407 45.115402 301.257124 279.343776 273.111064
202408 44.696259 301.120125 279.389913 273.156861
202409 45.230968 301.272469 279.662048 273.439382
202410 45.753015 301.536952 279.792780 273.514786
202411 45.610110 301.797001 279.764831 273.446291
202412 44.545841 301.770593 279.632558 273.325621
