time(yyyymm) ts_cwv ts_sst ts_tlt ts_tmt
198001 42.098530 300.684862 272.225709 266.740185
198002 41.647071 300.786531 272.164180 266.665204
198003 42.373778 300.981267 272.092504 266.715163
198004 43.385015 301.250801 275.650488 269.497926
198005 43.755763 301.224249 275.649523 269.469486
198006 42.881660 300.921108 274.501669 268.554482
198007 42.424958 300.423785 274.022021 268.177812
198008 41.206318 300.206263 274.699839 268.653044
198009 41.498391 300.213186 274.419267 268.477858
198010 41.622212 300.368207 274.377455 268.345590
198011 41.145134 300.540396 275.119059 268.915253
198012 41.413758 300.601969 270.995874 265.620647
198101 40.798692 300.577559 271.801479 266.253976
198102 41.592123 300.615606 268.693703 263.819844
198103 41.946419 300.756244 271.153746 265.852016
198104 42.056058 300.944731 274.949417 268.868772
198105 42.615014 300.922549 273.772959 267.766742
198106 42.105210 300.660386 273.405611 267.515687
198107 41.888345 300.265683 274.072297 268.051572
198108 41.155856 300.049013 274.128918 268.174015
198109 41.314686 299.998910 273.219195 267.426095
198110 41.175766 300.218842 273.061630 267.212468
198111 40.811077 300.363778 273.742003 267.754330
198112 40.559398 300.274775 269.956666 264.714957
198201 40.274527 300.153754 269.744474 264.531089
198202 39.602762 300.270055 269.880456 264.617985
198203 40.837567 300.526380 271.346470 265.827486
198204 41.205592 300.867310 273.437748 267.457658
198205 42.708451 300.888059 274.408014 268.280629
198206 41.944597 300.614489 272.964790 267.080914
198207 40.836309 300.257134 273.234534 267.315848
198208 41.611314 300.016292 272.531077 266.834838
198209 41.417204 299.989856 271.185531 265.748835
198210 40.546185 300.181973 271.949277 266.257058
198211 40.823497 300.389195 270.710576 265.222842
198212 39.860701 300.403638 271.063755 265.595063
198301 40.338374 300.291436 268.732543 263.826144
198302 39.904101 300.451802 273.229704 267.304049
198303 41.432401 300.663464 271.804888 266.215120
198304 41.602846 300.989437 274.806337 268.603716
198305 42.760979 301.055986 274.829642 268.638721
198306 43.628553 300.777603 274.260902 268.271974
198307 41.991693 300.337738 274.125507 268.153826
198308 41.728582 300.142134 273.515707 267.648128
198309 41.818554 300.158496 274.526906 268.396005
198310 41.915579 300.301629 272.860639 267.065944
198311 40.753148 300.426117 274.745128 268.559984
198312 40.632230 300.477853 273.074175 267.254754
198401 40.485263 300.476642 267.959264 263.120845
198402 40.748264 300.571339 272.047605 266.475327
198403 40.769103 300.841128 273.521732 267.651587
198404 43.625801 301.020635 272.107418 266.530734
198405 43.364816 301.124271 274.599821 268.459701
198406 42.772849 300.930253 274.390831 268.390702
198407 42.039077 300.493261 273.778072 267.957726
198408 42.243410 300.232588 273.635457 267.890358
198409 42.063174 300.243776 273.706988 267.846313
198410 41.141291 300.427524 274.304059 268.305235
198411 41.318514 300.650101 273.325532 267.459705
198412 41.435865 300.763324 274.849102 268.698468
198501 42.580153 300.689583 268.561043 263.787698
198502 41.761792 300.848991 273.565694 267.797765
198503 42.691631 301.074939 275.487427 269.448390
198504 44.243760 301.304694 276.308356 270.156482
198505 44.410621 301.408807 275.984890 269.835472
198506 43.415476 301.238869 275.064074 269.092678
198507 44.683268 300.795045 273.947473 268.320957
198508 43.206279 300.532739 275.127583 269.215365
198509 42.693709 300.587134 274.400771 268.518119
198510 42.764924 300.809539 275.407566 269.265614
198511 43.851658 300.983994 273.263418 267.581500
198512 42.795780 301.006472 275.345113 269.258694
198601 42.243380 300.944861 274.683712 268.760801
198602 42.428136 301.009660 270.208342 265.108663
198603 42.831793 301.193359 274.189375 268.371115
198604 43.603961 301.503922 276.237510 270.063734
198605 44.266617 301.527983 275.866161 269.732645
198606 44.836201 301.234018 275.233033 269.279118
198607 43.891831 300.810771 275.039635 269.107217
198608 43.773542 300.556932 274.341619 268.583739
198609 43.020302 300.522963 274.098592 268.301363
198610 42.311575 300.760454 275.698334 269.518640
198611 43.104526 301.015466 275.455551 269.273950
198612 42.819414 301.098740 275.399524 269.230875
198701 43.063322 301.064777 271.578661 266.249989
198702 42.429290 301.207998 272.178873 266.796132
198703 43.519288 301.369683 274.869996 268.951567
198704 44.923839 301.524327 274.788590 268.983934
198705 44.883979 301.569332 275.571112 269.448182
198706 44.007222 301.225979 274.748969 268.851293
198707 44.311143 300.700794 274.118954 268.365943
198708 42.598346 300.411738 274.455467 268.610674
198709 41.798528 300.445867 274.135783 268.253960
198710 42.067985 300.633223 274.875565 268.824550
198711 41.528476 300.852569 275.203286 269.032411
198712 41.977177 300.925921 275.111332 268.984986
198801 42.196050 300.913893 270.547484 265.303783
198802 41.537949 300.924657 272.201678 266.687685
198803 42.888116 301.114824 270.829555 265.570162
198804 43.786118 301.431278 275.458229 269.241198
198805 44.365836 301.516182 274.715987 268.714398
198806 44.475950 301.158000 274.287999 268.518268
198807 43.211808 300.738217 274.631456 268.699925
198808 42.210691 300.495778 274.177609 268.371095
198809 43.040990 300.448082 272.837423 267.300226
198810 42.298229 300.715258 275.743546 269.576457
198811 42.666966 300.940787 275.292923 269.102930
198812 42.829958 300.995567 273.758507 267.919809
198901 42.892834 300.982538 269.724608 264.797276
198902 42.658227 301.087885 275.618319 269.605311
198903 43.683869 301.424272 275.628565 269.582541
198904 44.540864 301.641403 276.255046 270.181701
198905 45.049544 301.597690 276.260979 270.161647
198906 44.479355 301.215222 275.125451 269.211308
198907 43.652108 300.757410 274.519199 268.662260
198908 42.598344 300.504795 274.568247 268.637654
198909 42.228977 300.435820 273.933576 268.151702
198910 41.898455 300.568614 274.681050 268.656466
198911 41.640051 300.728038 274.822432 268.733243
198912 41.829450 300.742569 272.251125 266.694306
199001 41.698578 300.615432 270.899953 265.576784
199002 41.313742 300.654682 269.949076 264.782114
199003 41.440535 300.860315 272.274167 266.631348
199004 42.610700 301.198737 275.111024 268.985426
199005 43.950092 301.257172 275.046959 268.937270
199006 44.023511 301.011909 273.449884 267.712374
199007 42.895703 300.580325 273.890200 268.087110
199008 42.221728 300.385479 273.575623 267.811896
199009 41.927702 300.374036 274.113831 268.233032
199010 42.070223 300.647322 274.701160 268.660626
199011 42.144054 300.933688 275.326754 269.169792
199012 41.788528 300.940901 272.633182 267.059811
199101 42.588579 300.933105 274.232671 268.389772
199102 42.077568 301.097259 269.939386 264.931597
199103 42.870228 301.273025 272.765409 267.260488
199104 44.437365 301.448673 274.820718 268.901037
199105 43.664060 301.509803 275.981295 269.768827
199106 44.564624 301.237772 275.099839 269.120977
199107 43.415079 300.841000 274.923651 268.979414
199108 42.673122 300.625220 274.447448 268.558743
199109 42.690537 300.610104 274.650484 268.686113
199110 42.567907 300.779291 275.658126 269.478568
199111 42.624216 301.042623 275.562553 269.360922
199112 42.781321 301.130428 273.869299 268.117699
199201 42.630647 301.202662 276.220297 270.119389
199202 42.923164 301.358055 275.388473 269.520175
199203 43.655117 301.561265 276.545071 270.549907
199204 43.417465 301.700977 276.841729 270.766876
199205 44.426434 301.650909 276.152539 270.008324
199206 45.105157 301.270012 275.129050 269.207119
199207 43.465054 300.708338 274.277903 268.483721
199208 43.028098 300.344085 274.278009 268.373635
199209 41.927751 300.226378 274.277899 268.343538
199210 41.878413 300.300179 273.076420 267.271498
199211 40.886177 300.453401 274.767241 268.594351
199212 40.814251 300.408216 271.907791 266.268945
199301 39.688493 300.381082 272.705756 266.861177
199302 40.126625 300.463166 268.444261 263.468729
199303 40.359944 300.699938 270.930933 265.499256
199304 41.138102 301.007029 272.845758 267.015952
199305 41.690690 301.134361 274.706540 268.503604
199306 42.172152 300.871003 273.979662 268.034503
199307 41.608192 300.537231 274.461513 268.412251
199308 42.499587 300.346045 274.498814 268.491235
199309 42.250978 300.302535 274.287386 268.373229
199310 42.654824 300.522816 275.154055 269.042217
199311 42.100125 300.668027 274.828878 268.748870
199312 41.982445 300.705456 274.062830 268.098248
199401 41.826105 300.706057 271.395816 265.990439
199402 41.029206 300.759859 273.710497 267.890526
199403 42.493854 301.084068 273.336232 267.575932
199404 44.280166 301.401009 275.768070 269.613513
199405 43.930829 301.551662 275.502784 269.347511
199406 44.627980 301.336687 274.286935 268.486624
199407 44.451319 300.883203 274.132084 268.424953
199408 42.886187 300.582102 274.400758 268.585564
199409 43.023529 300.512523 274.639075 268.748754
199410 42.887450 300.716211 274.044153 268.208313
199411 42.335397 300.935158 275.555027 269.444005
199412 42.969037 300.983453 273.398612 267.738572
199501 42.064368 300.999120 274.680918 268.698137
199502 42.873322 300.987604 272.028117 266.696539
199503 42.279690 301.186942 273.607568 267.933322
199504 43.411571 301.399128 275.010702 268.994678
199505 44.451539 301.396335 275.504041 269.354049
199506 44.482193 301.077030 274.564406 268.648192
199507 43.564426 300.606920 274.403574 268.575901
199508 41.794423 300.355317 274.809454 268.808024
199509 42.337308 300.269491 274.530909 268.593124
199510 41.217627 300.385041 274.711865 268.637766
199511 41.773771 300.497354 273.895370 267.951847
199512 41.187352 300.526480 270.502096 265.173937
199601 41.776134 300.517587 271.182760 265.816201
199602 40.588388 300.657556 271.233202 265.844382
199603 41.209557 300.918922 272.452795 266.760941
199604 42.758832 301.216830 274.760092 268.591247
199605 43.842014 301.274927 274.615182 268.519904
199606 43.153271 301.022352 273.818902 267.945505
199607 41.882908 300.647648 274.108136 268.204002
199608 42.218287 300.397971 273.984465 268.205746
199609 41.651962 300.423166 274.834520 268.838511
199610 42.725586 300.614534 275.539394 269.360354
199611 42.151730 300.853223 275.031353 268.882675
199612 41.639288 300.911266 273.706544 267.843773
199701 41.830165 300.907318 271.108404 265.791835
199702 42.258140 301.051908 272.826023 267.267095
199703 42.580821 301.377168 274.638124 268.688696
199704 43.938057 301.606657 274.112774 268.371065
199705 45.187833 301.673608 274.183980 268.384741
199706 44.593477 301.512514 275.627947 269.601647
199707 45.615205 301.074629 275.294800 269.485487
199708 44.128809 300.781897 275.050553 269.225327
199709 43.786276 300.756286 275.033423 269.193066
199710 43.624755 300.868773 274.365099 268.546006
199711 42.047155 301.053132 276.105165 269.872213
199712 42.881952 301.172013 274.539457 268.536283
199801 43.689731 301.231235 270.624403 265.586556
199802 42.966941 301.410873 276.759119 270.635871
199803 44.048843 301.675301 276.681497 270.629014
199804 44.556642 301.919043 276.989742 270.897316
199805 45.764750 301.856693 276.850377 270.716534
199806 45.646610 301.447996 275.786621 269.860230
199807 44.535492 300.865595 275.105112 269.322044
199808 43.822739 300.520601 274.910535 269.017510
199809 42.928035 300.443371 275.030078 269.098411
199810 42.402833 300.489030 274.823922 268.858464
199811 41.540550 300.611738 273.076851 267.364255
199812 40.707614 300.684677 273.087233 267.281912
199901 41.463424 300.481194 268.742299 263.831218
199902 41.053772 300.570156 269.507494 264.364320
199903 41.614382 300.836283 272.046169 266.460067
199904 43.046399 301.149882 273.161613 267.335438
199905 43.736093 301.201564 274.360431 268.401769
199906 43.201130 300.884026 274.339704 268.429006
199907 42.302450 300.544882 274.195297 268.240033
199908 42.867739 300.325445 274.329916 268.402664
199909 42.908044 300.319639 274.427304 268.483501
199910 41.589504 300.400285 273.339727 267.516618
199911 41.672238 300.531079 272.936685 267.156815
199912 41.476082 300.598529 271.041246 265.611766
200001 41.100586 300.705427 270.796399 265.367926
200002 42.686330 300.708908 267.569774 262.917174
200003 42.151549 300.932992 271.779773 266.356621
200004 43.223576 301.272891 274.989405 268.882288
200005 44.000374 301.323235 275.441299 269.316694
200006 43.633555 301.048464 275.080522 269.111033
200007 43.286351 300.691887 274.718625 268.791939
200008 43.253111 300.486560 274.694806 268.798209
200009 42.790689 300.524663 274.482628 268.602052
200010 42.967454 300.708486 275.424450 269.300073
200011 42.070729 300.846987 275.124477 269.020009
200012 42.373827 300.950860 272.745215 267.109738
200101 42.736821 300.929806 273.351896 267.639241
200102 42.248668 300.944154 271.158191 265.965407
200103 43.383988 301.154854 275.073134 269.058732
200104 43.439645 301.459974 275.919584 269.781147
200105 44.385929 301.532749 275.833047 269.733205
200106 44.858008 301.318769 275.622554 269.609558
200107 44.070370 300.999291 275.236628 269.351811
200108 43.327994 300.743821 274.722453 268.958693
200109 43.834314 300.726305 274.733053 268.916085
200110 42.867937 301.012636 276.043588 269.846063
200111 43.745460 301.312525 275.791837 269.739867
200112 43.632200 301.361009 276.059017 269.971443
200201 43.832612 301.377272 272.890099 267.468311
200202 43.477550 301.458285 274.805351 269.130214
200203 43.546482 301.725195 276.615975 270.541198
200204 46.202515 301.850765 275.958353 269.972256
200205 46.581992 301.839959 276.469208 270.352136
200206 45.406072 301.406062 275.242566 269.416237
200207 45.568246 300.873781 274.881100 269.128338
200208 44.509835 300.548382 274.941013 269.132284
200209 43.808759 300.485410 275.089816 269.152137
200210 43.175700 300.595327 275.495143 269.428045
200211 42.472790 300.762089 274.142825 268.182225
200212 42.013266 300.773201 271.891902 266.415126
200301 42.220736 300.625356 271.552049 266.165666
200302 41.080775 300.660303 270.385997 265.113887
200303 42.199442 300.937292 271.605936 266.182411
200304 42.694069 301.272329 271.079261 265.740025
200305 43.205050 301.310254 274.704005 268.731952
200306 43.302178 301.042876 274.463020 268.550567
200307 43.363047 300.691379 274.144928 268.351733
200308 42.764010 300.526579 274.305542 268.508108
200309 43.226286 300.527562 275.051871 269.068412
200310 43.062695 300.735211 274.769485 268.792484
200311 42.349502 301.020682 275.239630 269.120299
200312 42.827133 301.090912 272.965971 267.302115
200401 43.520705 300.939574 268.809356 264.132702
200402 42.439884 301.022258 272.751971 267.345453
200403 43.051462 301.360361 275.784674 269.739737
200404 44.813517 301.582398 275.675068 269.648467
200405 45.855488 301.608252 275.912331 269.870272
200406 44.914367 301.285400 275.354774 269.445579
200407 44.014739 300.860808 274.910097 269.063341
200408 43.494695 300.631869 274.802012 268.974203
200409 43.208450 300.599477 275.083308 269.112372
200410 42.966713 300.778554 275.167293 269.121868
200411 42.081417 301.047539 275.376002 269.225736
200412 42.626477 301.099784 272.181451 266.731541
200501 42.565991 301.132088 272.810330 267.259905
200502 43.453883 301.241453 271.743393 266.487754
200503 43.615442 301.500883 275.721165 269.738794
200504 44.960898 301.675453 275.544367 269.566365
200505 46.200471 301.636852 276.344414 270.233881
200506 45.264801 301.282273 275.130289 269.248887
200507 44.163535 300.816857 275.078827 269.188779
200508 43.348464 300.543492 274.883471 269.019275
200509 43.193587 300.431408 274.826692 268.951607
200510 42.467406 300.560648 275.683383 269.517764
200511 42.422360 300.754870 274.658163 268.681796
200512 41.649375 300.872857 273.300776 267.567642
200601 41.689677 300.856654 270.096461 264.989193
200602 41.805706 300.955517 272.827400 267.200298
200603 43.427187 301.243112 273.919859 268.074385
200604 44.678364 301.503161 274.573590 268.621790
200605 45.420362 301.526081 274.475739 268.611122
200606 44.066146 301.228611 274.156700 268.377138
200607 43.577348 300.843260 274.271729 268.459730
200608 42.957655 300.608820 274.872762 268.914504
200609 43.713353 300.542242 274.544317 268.713007
200610 42.269736 300.606861 274.208136 268.369671
200611 41.890855 300.848067 274.807626 268.727460
200612 41.455321 300.849444 273.851430 267.955815
200701 42.603252 300.779245 268.469314 263.717233
200702 42.590409 300.842700 272.944243 267.332133
200703 43.222762 301.117140 273.299689 267.642948
200704 43.971402 301.330530 275.373219 269.314366
200705 44.047435 301.415372 275.298164 269.123813
200706 44.182891 301.191614 274.948403 268.975933
200707 42.889019 300.812311 274.497061 268.614757
200708 43.147114 300.616624 274.521099 268.635014
200709 43.246956 300.558328 274.979420 269.051868
200710 42.804684 300.724754 274.143305 268.334256
200711 41.683037 300.873617 275.754590 269.566484
200712 41.941546 300.949579 270.733187 265.513452
200801 42.828808 300.899208 269.953190 264.967829
200802 42.896491 301.095848 272.797913 267.277093
200803 43.180347 301.320634 274.703861 268.798989
200804 44.602936 301.644976 276.207473 270.049759
200805 44.838866 301.793295 276.195877 270.014277
200806 45.224332 301.595342 275.883684 269.882619
200807 44.532304 301.136226 275.692146 269.884217
200808 44.055815 300.929474 275.370114 269.498099
200809 44.280918 300.957337 275.555114 269.603718
200810 44.118945 301.130531 275.530603 269.516838
200811 43.330937 301.306879 275.780584 269.736871
200812 43.286636 301.373634 275.124555 269.166246
200901 44.371768 301.354989 271.326452 266.230095
200902 43.726360 301.426648 274.772139 269.133503
200903 44.408029 301.612719 275.902553 270.065127
200904 45.102913 301.844059 276.555506 270.495158
200905 46.155645 301.855931 276.437611 270.357464
200906 46.417846 301.487182 276.008830 270.085595
200907 44.611091 300.851265 275.397924 269.632369
200908 42.962124 300.461709 275.607419 269.660088
200909 43.414433 300.348884 274.812687 268.952169
200910 42.947335 300.441554 275.154506 269.134993
200911 41.215539 300.640567 275.198543 269.038579
200912 41.277877 300.690537 273.033335 267.247532
201001 41.052790 300.609525 270.879498 265.539487
201002 40.837528 300.666444 270.443797 265.169646
201003 41.414317 300.954990 271.635744 266.094400
201004 42.654762 301.207156 274.575450 268.426056
201005 43.558588 301.266177 273.166633 267.387632
201006 42.597743 300.911109 274.496157 268.480923
201007 43.143112 300.598675 274.478355 268.501859
201008 42.620285 300.387416 273.581329 267.893147
201009 43.544553 300.373452 274.321079 268.470346
201010 42.480034 300.496356 274.158614 268.218210
201011 42.158293 300.626465 273.714954 267.695302
201012 41.987969 300.600437 271.661859 266.085974
201101 40.951843 300.587963 271.249948 265.756078
201102 42.532937 300.661273 269.612227 264.541169
201103 42.137252 301.025909 273.125885 267.318548
201104 43.911784 301.488376 275.565352 269.361812
201105 45.283023 301.653388 275.618419 269.478957
201106 45.608501 301.380060 275.056218 269.207558
201107 44.226386 301.019508 275.201971 269.253337
201108 44.801720 300.833948 274.193480 268.468914
201109 44.564597 300.859042 274.408973 268.658539
201110 44.778839 301.025937 273.471184 267.846980
201111 43.958453 301.324679 274.604677 268.709102
201112 43.770901 301.384776 274.962538 269.042785
201201 44.075623 301.418219 275.046628 269.153706
201202 43.706543 301.540273 273.759818 268.223029
201203 44.713305 301.769566 275.572813 269.736568
201204 45.574631 302.023073 276.951798 270.885560
201205 47.098036 302.102345 276.944551 270.851254
201206 46.272070 301.899395 276.490727 270.465436
201207 46.209467 301.507201 275.944464 270.115991
201208 45.890614 301.195215 275.717498 269.952955
201209 46.480463 301.152499 275.891736 269.995510
201210 44.926532 301.395351 275.947317 269.930795
201211 45.537952 301.668520 274.823548 269.029498
201212 46.145206 301.706039 276.565343 270.493678
201301 45.573892 301.733636 277.141325 271.058650
201302 44.621469 301.814362 276.426603 270.571123
201303 45.667933 302.019275 276.754352 270.786564
201304 46.961352 302.234555 277.219016 271.170330
201305 47.291836 302.229574 277.193403 271.106956
201306 47.531823 301.841614 275.945818 270.125532
201307 45.781779 301.267987 275.613875 269.873505
201308 44.302391 300.978862 275.826610 269.933523
201309 44.516630 300.918809 275.363726 269.537642
201310 44.452509 301.017431 275.732795 269.715085
201311 43.488837 301.174311 275.816451 269.759251
201312 43.734981 301.276998 275.438675 269.384719
201401 44.134741 301.227017 271.572860 266.353385
201402 43.321621 301.243631 271.487413 266.300722
201403 43.133559 301.465003 274.790596 268.864577
201404 44.973031 301.671832 275.231059 269.207315
201405 45.947669 301.706767 274.260634 268.526286
201406 44.927832 301.434864 275.146474 269.298091
201407 43.829580 301.066877 274.570039 268.750885
201408 43.545047 300.895935 275.168510 269.283900
201409 44.279317 300.908059 275.532419 269.610582
201410 43.632495 301.120760 274.957929 269.058676
201411 44.204990 301.334725 276.098780 269.944678
201412 43.945739 301.443989 274.965410 268.990358
201501 43.835988 301.383963 272.779378 267.286439
201502 43.503311 301.405039 273.652838 268.042401
201503 44.138342 301.630463 274.968553 269.144751
201504 46.049416 301.889215 276.330325 270.277909
201505 46.017677 301.973447 276.323592 270.227484
201506 47.373448 301.687547 275.458235 269.618655
201507 44.712540 301.256328 274.901906 269.155672
201508 44.777305 300.981847 274.768331 269.052181
201509 44.503463 300.967971 274.652531 268.956138
201510 43.622831 301.212886 276.254006 270.130018
201511 44.197518 301.490502 276.047249 269.886024
201512 44.692279 301.550579 272.802636 267.387182
201601 43.658807 301.536743 276.061257 270.035156
201602 43.898611 301.663204 270.598597 265.701245
201603 45.760346 301.936641 274.559784 268.955964
201604 46.941088 302.237443 277.414690 271.328133
201605 47.748189 302.296207 277.446860 271.375863
201606 47.132655 302.002178 276.530640 270.639244
201607 46.100498 301.569351 276.257470 270.451231
201608 45.763168 301.221580 275.125132 269.538880
201609 45.654978 301.224092 275.601860 269.782363
201610 44.533978 301.449159 276.763260 270.588865
201611 45.066877 301.675007 276.756709 270.619598
201612 45.697258 301.709329 276.347810 270.392095
201701 45.271392 301.679548 275.074467 269.495767
201702 44.708285 301.751725 275.018704 269.480932
201703 44.726978 301.915054 276.835035 270.897300
201704 46.949210 302.043243 276.669411 270.666066
201705 47.665355 301.959681 276.395815 270.389277
201706 46.808735 301.503475 275.486342 269.684622
201707 44.663235 301.023464 275.378153 269.513007
201708 44.264423 300.620702 275.266789 269.429548
201709 44.343802 300.501237 274.042758 268.388081
201710 43.456634 300.552882 273.662234 267.958240
201711 42.755739 300.648982 272.211003 266.654287
201712 42.053036 300.730019 273.732069 267.843583
201801 41.611665 300.734138 270.864235 265.568926
201802 42.232419 300.853417 271.388179 265.953663
201803 42.776992 301.113239 271.294737 265.930523
201804 43.382649 301.441406 274.162451 268.228700
201805 44.247339 301.548634 274.745995 268.695543
201806 43.565543 301.264679 274.202157 268.379016
201807 43.901024 300.930941 274.364532 268.476267
201808 43.084244 300.792756 274.518243 268.679411
201809 43.823548 300.836739 275.120616 269.166723
201810 44.219454 301.044994 275.452143 269.357146
201811 43.646581 301.242001 274.254579 268.371083
201812 43.129360 301.262635 273.475020 267.798506
201901 43.269484 301.239470 269.940389 265.048188
201902 43.586182 301.338570 271.618159 266.366932
201903 44.934583 301.727744 272.950113 267.508660
201904 46.637076 302.092935 276.344150 270.302916
201905 47.363985 302.199571 276.997465 270.846514
201906 47.119749 302.077716 276.495204 270.528696
201907 47.091535 301.669209 276.484351 270.635132
201908 46.817186 301.352591 276.222780 270.438957
201909 46.416579 301.351038 276.439417 270.533304
201910 45.896034 301.589701 276.937100 270.769326
201911 46.029523 301.912616 276.796984 270.663627
201912 46.460168 301.960672 277.290540 271.184989
202001 46.978522 301.990690 277.519945 271.493197
202002 45.248301 302.108187 276.255430 270.576337
202003 45.660027 302.284073 277.384331 271.488292
202004 47.511952 302.428769 277.218776 271.362644
202005 47.786741 302.493294 277.520990 271.444933
202006 48.875678 302.110468 276.556805 270.704643
202007 47.809822 301.517586 276.201264 270.445216
202008 46.658500 301.147219 275.953207 270.131826
202009 45.160616 301.082301 275.557245 269.728262
202010 45.029035 301.226953 275.842516 269.849778
202011 44.936956 301.385788 274.871542 268.978006
202012 44.319535 301.443587 274.741073 268.811515
202101 43.798139 301.510378 274.505734 268.635376
202102 44.438796 301.631749 274.009797 268.332347
202103 44.650999 301.899554 275.607178 269.688353
202104 46.057285 302.125140 274.266028 268.667847
202105 46.777089 302.211869 276.574662 270.481983
202106 47.142120 301.949352 275.954724 270.053086
202107 47.469468 301.477600 274.950718 269.411942
202108 44.421862 301.193850 275.080265 269.383358
202109 44.924222 301.209276 276.194341 270.205941
202110 44.803854 301.492124 275.819993 269.821271
202111 45.431236 301.723722 276.496762 270.394458
202112 45.119260 301.838532 276.583562 270.586379
202201 45.446458 301.831363 271.151030 266.269285
202202 44.938860 301.941292 275.843043 270.090459
202203 45.883730 302.114068 277.107894 271.181293
202204 47.228095 302.313880 277.315580 271.312231
202205 48.082148 302.320209 277.310218 271.302981
202206 47.223919 302.079518 276.559429 270.645557
202207 46.935760 301.547556 276.036600 270.250879
202208 46.125705 301.239708 276.166151 270.338170
202209 45.677306 301.168597 276.124296 270.205334
202210 45.851453 301.263209 275.650402 269.731538
202211 44.149997 301.508382 275.477375 269.491799
202212 44.748237 301.513692 272.914012 267.458525
202301 43.741338 301.460614 271.975757 266.767011
202302 44.709225 301.501618 271.733998 266.600290
202303 44.679315 301.738674 274.507136 268.803542
202304 46.664353 302.052425 276.242983 270.200245
202305 46.607143 302.199382 276.157728 270.102881
202306 46.768545 301.902174 275.185529 269.396485
202307 45.886128 301.461011 275.781747 269.895358
202308 46.017348 301.217580 275.489632 269.714445
202309 46.005013 301.211738 275.487978 269.680029
202310 44.866643 301.495183 276.698209 270.539558
202311 45.640670 301.730085 276.421250 270.315137
202312 44.755840 301.851152 275.443205 269.539413
202401 46.783827 301.727643 268.066806 263.762539
202402 45.690744 301.835813 274.244695 268.750447
202403 46.139234 302.131987 276.332535 270.419627
202404 47.320653 302.378003 277.251534 271.256810
202405 48.889626 302.402846 277.191610 271.150005
202406 49.178784 302.059275 276.502385 270.678116
202407 48.231136 301.606146 276.244372 270.444025
202408 46.466938 301.238697 275.514479 269.847313
202409 45.412845 301.241928 275.389935 269.610599
202410 44.619550 301.462446 275.191528 269.376105
202411 45.915335 301.682842 276.375066 270.288418
202412 45.366315 301.774933 275.745450 269.861161
