time(yyyymm) ts_cwv ts_sst ts_tlt ts_tmt
198001 38.329736 300.096226 274.001735 267.112263
198002 39.002694 300.237134 274.496576 267.665627
198003 39.716258 300.525110 274.697454 267.843980
198004 40.162585 300.848028 274.568099 267.700857
198005 41.076217 300.734827 274.520905 267.667590
198006 39.554070 300.288861 274.477459 267.688368
198007 38.665958 299.845248 274.198479 267.400727
198008 38.525177 299.696429 274.351205 267.575946
198009 37.947488 299.822420 274.502771 267.719201
198010 38.662840 300.079192 274.449778 267.626543
198011 39.681433 300.279067 274.277823 267.421090
198012 39.404211 300.349196 274.638874 267.824772
198101 39.790843 300.392716 274.714706 267.906224
198102 40.068314 300.550855 275.008172 268.237378
198103 40.677186 300.706911 275.292807 268.539692
198104 41.315564 300.904774 275.090614 268.288254
198105 40.788879 300.767850 274.743957 267.917631
198106 39.419900 300.127470 274.657053 267.888683
198107 37.813460 299.649746 274.251816 267.482975
198108 37.259158 299.485780 274.116461 267.333902
198109 38.074231 299.496358 274.361451 267.594058
198110 37.798762 299.827468 274.101406 267.254028
198111 38.742632 299.982751 273.927487 267.057044
198112 39.108094 299.980579 274.191436 267.363072
198201 38.595214 299.885716 274.334334 267.512773
198202 38.555336 300.165878 274.326281 267.486719
198203 39.482720 300.395504 274.680017 267.859848
198204 40.239157 300.581442 274.543130 267.683533
198205 39.566936 300.366498 274.289243 267.430979
198206 38.098049 299.882626 274.313760 267.489833
198207 38.350665 299.517985 274.008172 267.211994
198208 37.210806 299.369245 274.165911 267.424235
198209 37.124230 299.420269 274.256250 267.495318
198210 37.367385 299.750117 274.107346 267.267463
198211 38.461778 299.840206 274.016886 267.131375
198212 38.143359 299.856392 273.855759 266.952745
198301 37.790945 299.720890 274.267022 267.442679
198302 37.269987 299.801319 274.203678 267.377109
198303 38.203792 300.214241 274.125025 267.251066
198304 38.651942 300.500103 273.956616 267.028285
198305 38.911351 300.401919 273.957558 267.041105
198306 37.928686 299.934328 273.985540 267.148334
198307 38.021557 299.582644 273.855168 267.011880
198308 37.569525 299.476040 274.050156 267.270648
198309 38.115701 299.772982 274.204233 267.409279
198310 38.930490 300.203976 274.345596 267.503834
198311 39.814153 300.351713 274.423593 267.575492
198312 39.126195 300.294541 274.417502 267.599686
198401 39.440511 300.348513 274.529846 267.718536
198402 39.320621 300.421642 274.937485 268.195116
198403 39.630484 300.691511 274.915508 268.099606
198404 40.792031 300.929341 274.862005 268.038689
198405 41.069211 300.861658 274.714502 267.883880
198406 39.955087 300.228596 274.748844 268.003106
198407 39.329866 299.863143 274.390643 267.639436
198408 38.341397 299.714363 274.527602 267.803242
198409 38.297715 299.839854 274.549677 267.806280
198410 38.561333 300.030333 274.500423 267.684565
198411 39.615178 300.290307 274.578713 267.764236
198412 39.755818 300.356748 274.661892 267.849870
198501 40.177603 300.301600 274.844165 268.098195
198502 39.747167 300.360898 274.843794 268.070267
198503 40.929889 300.664702 274.966110 268.193819
198504 40.851022 300.982604 274.775990 267.935041
198505 40.479119 300.853279 274.794583 267.945116
198506 39.271375 300.324644 274.482275 267.677010
198507 38.710207 299.801702 274.511301 267.773957
198508 38.362581 299.691808 274.510683 267.773642
198509 39.038377 299.919069 274.552881 267.790219
198510 39.126486 300.200085 274.627416 267.819003
198511 39.209999 300.457895 274.432071 267.573834
198512 39.163562 300.475110 274.624950 267.783885
198601 39.462090 300.427166 274.837342 268.048801
198602 39.377638 300.514062 275.064908 268.302948
198603 40.033579 300.906553 275.206729 268.417637
198604 40.963908 301.032676 275.094429 268.324180
198605 41.165637 300.779510 274.760625 267.957085
198606 38.912626 300.126248 274.412563 267.610681
198607 38.177530 299.678566 274.104754 267.306465
198608 38.190460 299.430970 274.377850 267.654205
198609 37.605714 299.543516 274.202524 267.429035
198610 37.661939 299.772368 274.181862 267.360056
198611 38.046485 299.973782 274.077835 267.194712
198612 38.086317 299.975354 274.200336 267.359872
198701 37.275513 299.929407 274.083952 267.215487
198702 38.242457 299.995332 274.321774 267.474504
198703 39.028616 300.570039 274.457652 267.592102
198704 40.847566 300.806000 274.584504 267.715064
198705 40.135988 300.581044 274.427939 267.557435
198706 38.498364 300.183261 274.176444 267.318380
198707 38.060453 299.754808 274.054217 267.251050
198708 39.137101 299.590313 274.327722 267.584087
198709 38.351790 299.710925 274.483409 267.739538
198710 38.268570 299.921433 274.399477 267.564501
198711 38.359320 300.119802 274.169534 267.278478
198712 39.284743 300.129275 274.321833 267.468096
198801 38.552197 300.124477 274.629264 267.811474
198802 39.151410 300.277125 274.715578 267.912863
198803 40.428957 300.570802 274.713958 267.887888
198804 40.379005 300.892066 274.697726 267.835280
198805 40.382025 300.601477 274.657271 267.846090
198806 38.164241 300.088141 274.425070 267.652300
198807 38.491872 299.697007 274.311393 267.559111
198808 38.039635 299.596311 274.431681 267.684759
198809 38.203042 299.797442 274.479516 267.706953
198810 38.482948 300.076556 274.496049 267.691299
198811 39.551684 300.240677 274.331449 267.475060
198812 38.788146 300.294420 274.536851 267.679707
198901 39.087945 300.331880 274.416373 267.582106
198902 39.670970 300.405321 274.759406 267.973659
198903 40.986226 300.730507 274.960817 268.170169
198904 41.089443 300.901223 275.040142 268.231385
198905 41.190385 300.699168 274.811250 267.983736
198906 38.540984 300.066925 274.526789 267.748403
198907 37.565314 299.713007 274.111340 267.313176
198908 38.340127 299.530461 274.279547 267.527606
198909 38.239411 299.732855 274.477944 267.715441
198910 38.887133 300.041363 274.533715 267.710762
198911 39.412336 300.338403 274.447879 267.593087
198912 39.397192 300.387107 274.477211 267.629886
199001 40.085411 300.320393 274.997962 268.264781
199002 39.837813 300.474696 274.980547 268.218948
199003 40.527685 300.731367 275.295829 268.527251
199004 41.738751 300.992386 275.064284 268.247870
199005 41.148052 300.816255 274.931045 268.118097
199006 39.106542 300.249210 274.703594 267.923873
199007 38.192351 299.862867 274.301440 267.512458
199008 38.700327 299.733664 274.426631 267.690292
199009 38.240376 299.699796 274.672274 267.949445
199010 38.270110 299.977283 274.514612 267.701804
199011 38.971408 300.214781 274.419576 267.559317
199012 39.245935 300.315030 274.473273 267.626770
199101 39.282871 300.360353 274.662582 267.849035
199102 39.870827 300.600645 274.891100 268.119083
199103 41.340933 300.955625 275.202032 268.419322
199104 40.865038 301.086028 275.260492 268.484210
199105 40.976811 300.921666 275.016388 268.233912
199106 40.202982 300.297705 274.903168 268.153885
199107 37.754490 299.675247 274.501451 267.750815
199108 37.720129 299.600091 274.262231 267.512664
199109 38.382388 299.624944 274.481299 267.740932
199110 37.840035 299.894811 274.332932 267.520466
199111 38.786578 300.190880 274.058194 267.210557
199112 38.962888 300.111439 274.311044 267.472172
199201 39.293373 300.141401 274.352973 267.521756
199202 38.915159 300.279547 274.653342 267.862230
199203 40.771829 300.633001 274.819075 268.015493
199204 40.961140 300.891335 274.703133 267.862364
199205 41.235621 300.819258 274.696565 267.869873
199206 39.727107 300.194695 274.652099 267.897412
199207 38.553848 299.739195 274.394526 267.649956
199208 38.155961 299.665473 274.290501 267.545590
199209 38.655984 299.826186 274.550419 267.793305
199210 38.706720 300.140605 274.474692 267.664503
199211 39.944382 300.342118 274.506455 267.667831
199212 40.014504 300.324033 274.733717 267.933919
199301 40.262794 300.291576 274.947036 268.211026
199302 39.950861 300.345981 274.964349 268.220961
199303 39.820869 300.551020 275.104008 268.331940
199304 40.700031 300.763052 274.910673 268.115362
199305 40.992603 300.433913 274.655655 267.864539
199306 38.396800 299.937203 274.226406 267.414550
199307 37.564283 299.419930 273.990262 267.231134
199308 37.113038 299.245559 273.932486 267.171439
199309 36.443675 299.335314 274.056177 267.290151
199310 37.228918 299.609100 273.962014 267.120506
199311 37.818230 299.754455 273.895522 267.025305
199312 37.682138 299.601899 273.790614 266.927549
199401 37.342598 299.760133 273.823413 266.943395
199402 37.995968 299.871209 274.057160 267.225932
199403 39.177322 300.171380 274.255089 267.395264
199404 39.939196 300.414086 274.191775 267.320059
199405 38.948120 300.283279 273.951379 267.030429
199406 37.262963 299.778423 273.890328 267.025034
199407 37.693580 299.448689 273.592394 266.733817
199408 37.594423 299.355631 274.024100 267.244532
199409 37.359742 299.483310 274.200801 267.438145
199410 38.131752 299.786460 274.134772 267.282012
199411 38.462795 299.989534 274.111945 267.224243
199412 38.652289 300.021265 274.294341 267.443502
199501 38.946948 299.996023 274.374736 267.581399
199502 38.089911 300.193716 274.489823 267.685756
199503 39.883283 300.665339 274.821441 267.988843
199504 41.605578 300.938658 274.986611 268.163879
199505 41.451732 300.810409 274.824668 268.029095
199506 39.637495 300.226907 274.783777 268.036363
199507 39.387082 299.811003 274.550380 267.808283
199508 38.586405 299.691740 274.498735 267.769518
199509 38.323563 299.811806 274.668271 267.922758
199510 38.321435 300.171698 274.580680 267.781013
199511 39.415794 300.295542 274.380517 267.538673
199512 39.092853 300.279921 274.367330 267.531557
199601 39.191843 300.202457 274.459527 267.665272
199602 39.004258 300.468465 274.665885 267.863988
199603 40.390727 300.815834 275.011984 268.211890
199604 41.212967 300.993037 275.095982 268.298788
199605 41.072040 300.924922 274.810029 267.996249
199606 39.832100 300.315340 274.773463 268.008231
199607 38.337242 299.896046 274.300627 267.509674
199608 38.087421 299.753625 274.537845 267.799658
199609 37.930129 299.838797 274.551907 267.787095
199610 38.829903 300.171020 274.595319 267.778176
199611 39.650672 300.432057 274.418661 267.554045
199612 39.686417 300.401740 274.649361 267.825740
199701 39.782490 300.463035 274.670942 267.878840
199702 39.998103 300.509076 275.161461 268.429613
199703 40.632289 300.861287 275.280565 268.483107
199704 41.823476 301.038271 275.147263 268.344224
199705 40.908284 300.894840 274.903348 268.098932
199706 40.162114 300.285460 274.853143 268.088048
199707 38.756767 299.990880 274.484608 267.735218
199708 38.978802 299.827293 274.684432 267.983874
199709 38.521195 299.876235 274.752381 268.033255
199710 38.922318 300.121679 274.510804 267.696350
199711 39.213036 300.206185 274.538091 267.692276
199712 38.770388 300.224233 274.522698 267.719287
199801 38.287784 300.123631 274.481250 267.675841
199802 38.744713 300.154187 274.534347 267.720566
199803 39.310562 300.533395 274.693201 267.839586
199804 40.866121 300.887916 274.658690 267.797451
199805 40.270885 300.795494 274.567143 267.705473
199806 39.621530 300.269773 274.412455 267.613839
199807 39.075860 299.854725 274.473155 267.715080
199808 38.736705 299.791226 274.565652 267.829355
199809 38.343556 299.817693 274.748417 268.020332
199810 38.799953 300.103063 274.581145 267.785667
199811 39.333286 300.321177 274.448159 267.591469
199812 39.675933 300.340302 274.612200 267.817345
199901 39.291121 300.234086 274.847425 268.100564
199902 39.944068 300.299087 274.993907 268.254205
199903 40.060832 300.791890 274.922621 268.132339
199904 41.245650 300.941364 275.126216 268.353784
199905 40.799646 300.813619 274.958322 268.174004
199906 39.598804 300.249248 274.835209 268.105202
199907 38.984138 299.802217 274.526058 267.792959
199908 38.346266 299.615315 274.445278 267.720890
199909 38.206824 299.717714 274.543097 267.810627
199910 38.287804 300.023710 274.362481 267.536977
199911 38.756770 300.281186 274.194153 267.307346
199912 39.639915 300.374468 274.465013 267.597182
200001 39.540879 300.402377 274.860699 268.096654
200002 40.511280 300.622315 275.056056 268.269075
200003 40.852236 300.919208 275.347095 268.603823
200004 41.870677 301.143822 275.278578 268.495357
200005 41.619759 300.963547 275.020144 268.218901
200006 40.184675 300.560683 274.773744 267.995589
200007 39.413853 300.053648 274.682522 267.941525
200008 39.238731 299.944530 274.669732 267.945024
200009 39.707572 300.018917 275.054391 268.359497
200010 39.810606 300.434225 274.842961 268.048940
200011 40.434905 300.584326 274.870296 268.076597
200012 40.090969 300.595981 274.875994 268.074818
200101 40.799955 300.615484 275.173407 268.425619
200102 40.515228 300.694747 275.373443 268.652385
200103 41.944814 301.003847 275.568205 268.799837
200104 42.828005 301.310901 275.344356 268.565511
200105 42.978795 301.004519 275.402191 268.645857
200106 40.417354 300.408535 275.088306 268.352959
200107 39.589323 299.863879 274.897459 268.216246
200108 38.445303 299.582201 274.697688 268.013681
200109 38.368418 299.682120 274.494786 267.756286
200110 37.815899 299.833685 274.445608 267.679186
200111 38.849090 299.906907 274.254547 267.429707
200112 38.640819 299.864448 274.128437 267.285067
200201 38.218291 299.812319 274.196989 267.362377
200202 37.803759 299.964902 274.233606 267.402904
200203 39.259157 300.285884 274.466744 267.640347
200204 40.354314 300.580968 274.563098 267.687668
200205 39.843137 300.451740 274.286988 267.396018
200206 38.206850 300.081664 273.894899 267.003354
200207 37.799447 299.675417 274.006200 267.207334
200208 38.313137 299.591364 274.210162 267.456400
200209 38.402529 299.587166 274.463089 267.720422
200210 37.431795 299.870050 274.335945 267.526704
200211 39.081617 300.110183 274.067377 267.172931
200212 39.596565 300.266554 274.438720 267.573441
200301 39.871991 300.213232 274.968945 268.189339
200302 39.347601 300.430963 274.877857 268.061711
200303 40.073574 300.646060 275.137849 268.350967
200304 41.456404 301.017720 274.889837 268.054868
200305 41.678850 301.024961 274.809487 267.976967
200306 40.594897 300.403943 274.933944 268.182813
200307 39.171232 300.003429 274.697079 267.964201
200308 39.058458 299.917052 274.711334 267.982546
200309 39.333743 300.016350 275.098055 268.396085
200310 39.584248 300.369409 274.755234 267.966158
200311 41.049102 300.581153 274.803219 267.996746
200312 40.708952 300.625156 275.135024 268.382404
200401 40.492559 300.688797 275.138804 268.386716
200402 41.048356 300.761251 275.515666 268.795247
200403 41.734899 301.008420 275.573910 268.836820
200404 41.936581 301.190440 275.309574 268.532187
200405 41.806903 301.185553 275.169053 268.384830
200406 40.282778 300.522743 275.159451 268.445461
200407 38.778725 300.106723 274.680111 267.935037
200408 39.591179 299.917414 274.824033 268.115758
200409 38.838396 299.861242 275.083021 268.394915
200410 38.954227 300.199177 274.729379 267.932411
200411 39.725786 300.422393 274.593807 267.740607
200412 40.374266 300.512307 274.622557 267.799869
200501 41.024261 300.440338 275.112723 268.346010
200502 40.360687 300.569991 275.183016 268.424562
200503 41.250231 300.923684 275.206762 268.461026
200504 41.809420 301.213309 275.316013 268.514368
200505 41.525841 301.037728 275.210240 268.425978
200506 40.328642 300.543027 274.866471 268.089535
200507 39.265465 300.064463 274.810849 268.082462
200508 39.030566 299.860244 274.668201 267.936845
200509 39.308048 299.931259 274.865922 268.158866
200510 39.429084 300.225095 274.658024 267.873637
200511 39.872656 300.489389 274.568365 267.722894
200512 39.654906 300.433594 274.822174 268.041386
200601 40.074697 300.343791 274.954360 268.186693
200602 40.238047 300.460612 275.110768 268.374012
200603 40.204539 300.749191 275.280004 268.554890
200604 41.299297 301.042722 275.014566 268.224635
200605 41.433467 300.839146 274.927889 268.115992
200606 39.555757 300.334796 274.791707 268.010730
200607 38.717647 299.903492 274.420609 267.648575
200608 38.775186 299.807192 274.576580 267.840621
200609 38.963236 300.029228 274.668209 267.910781
200610 39.741215 300.394138 274.809000 268.013410
200611 40.331396 300.630577 274.674314 267.839337
200612 40.358367 300.634977 274.804171 267.969873
200701 40.151866 300.533150 275.069045 268.319251
200702 40.609056 300.740266 275.275358 268.517029
200703 40.805065 301.094607 275.419495 268.640349
200704 42.071093 301.335867 275.355982 268.549981
200705 42.334327 301.150478 275.347308 268.572003
200706 40.244245 300.639930 275.072512 268.319615
200707 39.487974 300.147551 274.917742 268.207924
200708 39.103789 299.993750 274.995672 268.308573
200709 39.134733 300.077869 274.982354 268.266659
200710 39.643994 300.420065 274.930942 268.154919
200711 41.055582 300.706741 274.747972 267.907765
200712 40.747490 300.722355 275.132602 268.369581
200801 40.998117 300.690923 275.427326 268.703667
200802 40.593936 300.864244 275.295793 268.562983
200803 41.796907 301.075170 275.731536 269.016991
200804 42.163133 301.287583 275.630048 268.882638
200805 41.618059 301.219090 275.314094 268.536580
200806 41.300343 300.655345 275.228343 268.505549
200807 39.488030 300.174718 275.008058 268.283383
200808 39.397936 300.089605 274.814024 268.094245
200809 39.366964 300.108222 274.988395 268.276577
200810 38.971490 300.335586 274.913560 268.142842
200811 39.129508 300.477892 274.779476 267.946514
200812 41.079332 300.584730 274.751855 267.941157
200901 40.938958 300.559231 275.219405 268.488838
200902 40.289005 300.729518 275.471704 268.743712
200903 41.805388 301.102876 275.438776 268.687720
200904 42.771756 301.285296 275.414811 268.653060
200905 42.121041 301.137132 275.323060 268.565829
200906 40.662169 300.614566 275.196898 268.474909
200907 39.766949 300.077758 275.101821 268.429897
200908 39.636205 299.848524 274.929331 268.244903
200909 38.958866 299.825609 275.019758 268.326156
200910 38.542056 300.150082 274.679799 267.888174
200911 39.230272 300.420527 274.537589 267.701682
200912 39.342291 300.525873 274.730619 267.912589
201001 40.064303 300.497767 275.019367 268.230534
201002 40.084550 300.686427 275.091446 268.334259
201003 41.284713 301.052561 275.375895 268.601509
201004 42.769971 301.238012 275.490601 268.723138
201005 42.469754 301.221655 275.295372 268.508535
201006 40.868683 300.719425 275.117386 268.381668
201007 39.754944 300.224941 275.130553 268.443869
201008 39.574077 300.097442 274.979766 268.293982
201009 39.632630 300.190249 275.025109 268.318430
201010 39.747292 300.476103 274.940054 268.153184
201011 39.836583 300.707663 274.749117 267.925866
201012 40.997711 300.778242 274.885959 268.075094
201101 41.916109 300.640444 275.461194 268.758818
201102 40.493252 300.774020 275.457175 268.749600
201103 41.839606 301.178766 275.515522 268.750963
201104 42.688005 301.314669 275.751758 269.000339
201105 42.512499 301.082583 275.337763 268.568947
201106 40.592386 300.453933 275.273217 268.555294
201107 39.125898 300.104399 274.562609 267.806319
201108 39.612532 299.925231 274.983728 268.293175
201109 39.002102 300.063823 274.964627 268.250172
201110 39.030811 300.328321 274.827734 268.035560
201111 39.750146 300.540614 274.662652 267.848018
201112 40.318597 300.470724 274.998575 268.206907
201201 39.604496 300.521399 274.805602 268.044472
201202 40.260032 300.626128 275.177831 268.438873
201203 41.313986 300.954175 275.348874 268.589574
201204 42.093331 301.222287 275.262862 268.470404
201205 41.783612 301.028507 275.121690 268.317365
201206 40.763270 300.488259 274.885570 268.148592
201207 39.869809 300.093178 274.766782 268.019566
201208 39.768730 300.012358 274.900193 268.200543
201209 40.190864 300.077414 275.127658 268.425531
201210 40.032697 300.286031 275.089762 268.324943
201211 40.253366 300.539914 274.814082 268.004431
201212 40.761347 300.576342 274.839174 268.034291
201301 40.233994 300.530214 274.943742 268.149754
201302 40.530020 300.706917 275.132151 268.373970
201303 40.372828 301.015415 275.294248 268.503577
201304 42.591003 301.221003 275.461068 268.678745
201305 41.655342 301.092754 275.158343 268.359378
201306 40.899369 300.683063 275.060246 268.282159
201307 39.793565 300.180679 274.845547 268.130518
201308 39.598187 300.002685 274.932346 268.238476
201309 38.789391 300.103312 275.098669 268.393282
201310 39.774580 300.415069 274.886697 268.113381
201311 40.705354 300.610757 274.903952 268.113798
201312 40.197241 300.567442 275.089260 268.296879
201401 39.923674 300.498230 275.056484 268.306396
201402 39.912214 300.556963 275.144197 268.388067
201403 40.484180 300.751049 275.381084 268.661777
201404 40.905260 301.129774 275.082003 268.251351
201405 40.998999 300.918624 274.841640 268.012282
201406 40.348957 300.412334 274.655617 267.869486
201407 39.980526 300.088736 274.628391 267.887938
201408 39.553608 299.994807 274.846477 268.148392
201409 39.535935 300.141785 275.118279 268.434002
201410 39.651616 300.396824 274.960043 268.192037
201411 40.320502 300.668636 274.800475 267.997325
201412 40.875230 300.569607 275.106224 268.360461
201501 40.401196 300.595000 275.295588 268.576264
201502 40.210514 300.757086 275.304444 268.563974
201503 41.952854 301.106860 275.521783 268.794307
201504 42.749945 301.358283 275.783380 269.057906
201505 42.850313 301.130389 275.572777 268.842510
201506 40.626132 300.541367 275.282388 268.555850
201507 40.216132 300.111090 274.916803 268.202410
201508 39.198390 299.955448 274.987695 268.284169
201509 39.200240 299.993991 275.077203 268.375283
201510 39.248408 300.322353 275.028612 268.280928
201511 40.210957 300.627866 274.837197 268.021735
201512 40.270515 300.536938 274.870078 268.075243
201601 40.054283 300.445961 275.063475 268.293711
201602 40.408662 300.636832 275.202775 268.471499
201603 41.598502 301.080862 275.287978 268.509387
201604 42.318589 301.369021 275.453546 268.663624
201605 43.199787 301.280719 275.500159 268.745602
201606 41.355689 300.749814 275.232359 268.512255
201607 40.396494 300.429455 275.086666 268.361124
201608 41.248417 300.205222 275.385081 268.739722
201609 40.601031 300.296044 275.387743 268.711499
201610 40.307977 300.644078 275.201964 268.435977
201611 41.614025 300.914596 275.419019 268.628162
201612 42.040287 300.959970 275.606593 268.829282
201701 42.038207 300.962230 275.948887 269.261447
201702 42.110756 301.167844 275.950438 269.263743
201703 42.695246 301.365991 276.285730 269.627737
201704 43.766913 301.626755 276.216457 269.509243
201705 43.987720 301.641844 275.835553 269.104481
201706 43.111256 301.124591 275.801142 269.102641
201707 41.412389 300.489093 275.396986 268.716187
201708 39.908907 300.150422 275.466511 268.833551
201709 39.673184 300.156168 275.324991 268.652131
201710 40.041779 300.424598 275.193680 268.459876
201711 40.808190 300.766390 274.864766 268.040554
201712 41.405804 300.860213 275.163860 268.395460
201801 41.069959 300.780591 275.589010 268.886885
201802 41.406839 300.900078 275.659458 268.955621
201803 41.401637 301.261130 275.692426 268.959313
201804 43.683720 301.513319 275.786299 269.043508
201805 43.429212 301.393915 275.512942 268.749953
201806 41.744927 300.755844 275.501126 268.792653
201807 40.601451 300.319383 275.208561 268.516178
201808 40.559797 300.105336 275.252598 268.588346
201809 40.351371 300.178442 275.223636 268.550043
201810 39.624937 300.455206 275.146438 268.417854
201811 40.112071 300.538323 274.822211 268.031318
201812 39.807211 300.361641 274.813576 268.038749
201901 39.443789 300.326252 274.697436 267.921117
201902 39.694243 300.535028 274.951847 268.156976
201903 40.734860 300.827646 275.298262 268.506338
201904 41.462260 300.978015 275.194217 268.381340
201905 40.644583 301.036815 274.751370 267.893221
201906 39.783130 300.482268 274.610495 267.814619
201907 39.417368 299.971902 274.696366 267.967105
201908 38.979702 299.854563 274.771418 268.049503
201909 39.383275 300.004982 274.977042 268.266464
201910 39.251501 300.357797 274.921118 268.118766
201911 39.985277 300.560237 274.742637 267.903100
201912 40.179903 300.668817 274.974607 268.168983
202001 39.973116 300.684193 275.098459 268.343052
202002 40.512590 300.880597 275.414061 268.684528
202003 42.351389 301.206570 275.703509 268.982310
202004 43.111700 301.405582 275.753969 268.999657
202005 42.345927 301.087194 275.492684 268.756396
202006 41.373643 300.563449 275.302500 268.581095
202007 40.142873 300.202765 274.868762 268.150883
202008 39.785576 300.094442 275.178043 268.505376
202009 40.019572 300.119215 275.287416 268.629153
202010 40.106434 300.476013 275.073750 268.311299
202011 40.095872 300.682665 274.930328 268.130295
202012 40.881305 300.774111 275.076185 268.294710
202101 40.908678 300.723696 275.499915 268.781554
202102 41.719054 300.933976 275.490946 268.759402
202103 42.338913 301.247666 275.877360 269.140450
202104 42.961695 301.507421 275.790397 269.043738
202105 43.193432 301.349463 275.800679 269.072102
202106 41.263250 300.838613 275.532421 268.818282
202107 40.111703 300.347276 275.259843 268.570535
202108 40.052619 300.193797 275.338449 268.685743
202109 39.992198 300.266484 275.486394 268.818542
202110 40.422972 300.653799 275.285223 268.531343
202111 41.583585 300.833477 275.106932 268.327680
202112 42.008019 300.955858 275.363661 268.597187
202201 42.714938 301.079193 275.802998 269.111194
202202 41.808740 301.151158 275.964188 269.297728
202203 43.667492 301.445503 276.109065 269.449574
202204 43.803655 301.694669 276.099039 269.411561
202205 43.405260 301.496405 275.887393 269.180399
202206 42.306904 300.853858 275.710623 269.038850
202207 40.803903 300.399414 275.253049 268.593014
202208 40.282624 300.156615 275.285426 268.641526
202209 39.953929 300.118604 275.406968 268.753107
202210 39.814618 300.375051 275.150298 268.412883
202211 40.765778 300.569984 275.094072 268.314753
202212 40.606446 300.535815 275.168066 268.420227
202301 39.691115 300.567667 274.968656 268.202473
202302 40.668403 300.802305 275.255858 268.503732
202303 41.247007 301.062803 275.533299 268.782208
202304 42.621457 301.426413 275.533634 268.766584
202305 41.897086 301.134895 275.497639 268.751624
202306 40.455891 300.653221 275.178682 268.477840
202307 40.394122 300.228463 275.242459 268.584405
202308 40.057931 300.090022 275.138822 268.466268
202309 40.240564 300.085457 275.185283 268.515223
202310 39.541385 300.383576 274.942549 268.170751
202311 41.329240 300.699342 274.795746 267.954760
202312 41.113432 300.707440 275.138472 268.358163
202401 41.312083 300.618330 275.279697 268.538162
202402 40.796221 300.759805 275.516000 268.785402
202403 42.112522 301.209789 275.655495 268.908424
202404 42.928992 301.434244 275.680837 268.926369
202405 42.870902 301.426556 275.461356 268.700530
202406 42.219944 300.839118 275.627710 268.934655
202407 40.792471 300.402712 275.230331 268.536090
202408 40.252467 300.303319 275.291995 268.619258
202409 41.403659 300.416075 275.541778 268.901462
202410 40.564160 300.713372 275.638023 268.936400
202411 40.953080 300.956304 275.453261 268.719678
202412 41.402554 301.006376 275.436290 268.685868
