time(yyyymm) ts_cwv ts_sst ts_tlt ts_tmt
198001 39.143748 300.181383 276.839855 270.209443
198002 38.066162 300.330250 276.910306 270.281602
198003 38.777891 300.557478 277.165540 270.513525
198004 40.193340 300.849755 277.180424 270.432311
198005 40.718738 300.887088 277.152932 270.386500
198006 39.843543 300.458941 277.022414 270.310665
198007 39.030899 300.067919 276.961566 270.315712
198008 38.436003 299.809138 276.864127 270.236958
198009 39.063667 299.977313 276.988045 270.329696
198010 38.881589 300.290651 277.061704 270.371817
198011 38.677692 300.424087 276.930460 270.210554
198012 39.411488 300.524719 277.064418 270.400639
198101 40.209314 300.544459 277.225114 270.622028
198102 39.962808 300.742949 277.458195 270.860937
198103 40.785529 300.955441 277.786951 271.214991
198104 41.085988 301.292502 277.720916 271.043236
198105 41.673441 301.159674 277.793299 271.113644
198106 40.670813 300.874939 277.364616 270.685089
198107 41.246535 300.436414 277.397128 270.796474
198108 40.390094 300.175620 277.439455 270.861945
198109 39.329345 300.224172 277.555712 270.978549
198110 39.622438 300.459388 277.314128 270.651684
198111 40.029026 300.659497 277.409655 270.763560
198112 39.829919 300.833246 277.386452 270.723613
198201 41.259478 300.880894 277.678483 271.104201
198202 41.138532 300.888514 278.041780 271.570497
198203 41.466260 301.070747 278.267021 271.741204
198204 41.630177 301.293164 278.087920 271.482625
198205 41.432170 301.254926 277.782310 271.116840
198206 40.486745 300.817599 277.506959 270.845411
198207 39.731636 300.411653 277.332232 270.700742
198208 39.914989 300.102233 277.304158 270.711321
198209 39.248492 300.175528 277.065131 270.407429
198210 39.534715 300.433867 277.270153 270.588863
198211 39.836806 300.570238 277.318654 270.644431
198212 39.106273 300.474575 277.183249 270.551330
198301 39.048859 300.459756 276.982320 270.331315
198302 39.355610 300.475821 277.435159 270.858837
198303 39.986423 300.682776 277.428981 270.774991
198304 39.758560 300.854052 277.359156 270.625421
198305 39.488647 300.889031 277.033629 270.255236
198306 39.139109 300.437198 276.927205 270.205100
198307 38.318000 300.040153 276.601453 269.898967
198308 38.986433 299.858433 276.828351 270.159492
198309 39.064609 299.912436 277.003392 270.363176
198310 38.539119 300.226036 276.905114 270.199991
198311 39.757713 300.366967 277.102679 270.417232
198312 38.634548 300.415663 277.025434 270.362913
198401 39.141167 300.385399 277.060495 270.451478
198402 39.631756 300.473376 277.134444 270.519559
198403 40.458389 300.706395 277.369286 270.719520
198404 40.081848 300.922672 277.345247 270.641283
198405 40.298279 300.881515 277.183743 270.434593
198406 39.027157 300.523617 276.943202 270.241597
198407 39.479792 300.105981 277.040502 270.413916
198408 39.155528 299.933445 276.920153 270.287165
198409 39.331175 300.063483 277.126820 270.494208
198410 39.068814 300.295092 277.135214 270.471530
198411 39.418936 300.494521 277.109880 270.412125
198412 39.999865 300.587593 277.305492 270.670204
198501 40.011038 300.669391 277.526414 270.963098
198502 40.895950 300.860362 277.782258 271.250593
198503 40.901640 301.081147 277.992436 271.456625
198504 41.296162 301.404539 277.924583 271.276108
198505 42.040871 301.306347 278.008766 271.373907
198506 40.948260 300.884690 277.751727 271.129630
198507 40.416024 300.381497 277.374643 270.754325
198508 40.161531 300.098506 277.314336 270.711438
198509 39.486836 300.088876 277.254624 270.634428
198510 38.423728 300.280653 277.051519 270.364720
198511 38.708472 300.418314 277.093709 270.407286
198512 39.166624 300.374996 277.069524 270.422109
198601 39.093245 300.279159 277.059169 270.457576
198602 39.432899 300.398468 277.193967 270.593281
198603 39.552550 300.526231 277.325367 270.672689
198604 39.834902 300.807596 277.154568 270.408949
198605 39.566196 300.704151 277.158087 270.409065
198606 37.840380 300.384671 276.690639 269.935976
198607 38.648688 300.078515 276.835525 270.146848
198608 38.970214 299.922921 276.779998 270.114279
198609 39.673858 299.953433 277.064320 270.423199
198610 38.991397 300.234924 277.128042 270.455912
198611 39.422189 300.365031 277.205145 270.541958
198612 39.129967 300.367898 276.891895 270.228321
198701 39.143553 300.352150 277.018647 270.408920
198702 39.229930 300.411821 277.166899 270.560218
198703 40.264653 300.622160 277.578387 270.947036
198704 40.740277 300.938312 277.476721 270.773185
198705 41.114911 300.962369 277.330968 270.592469
198706 40.117662 300.552632 277.152188 270.438322
198707 39.487084 300.183436 276.989516 270.314572
198708 38.569161 299.845332 277.012140 270.429226
198709 38.987163 299.856615 276.880500 270.241244
198710 38.806942 300.135643 277.173970 270.515552
198711 38.615657 300.221016 277.158968 270.508622
198712 38.285852 300.289235 277.014505 270.374870
198801 38.903549 300.345673 277.004395 270.391965
198802 39.197055 300.569036 276.991578 270.324243
198803 40.295730 300.721070 277.661946 271.061601
198804 40.635738 301.026514 277.485365 270.783271
198805 40.704948 300.995112 277.300056 270.551040
198806 40.766460 300.647759 277.163966 270.449157
198807 39.834445 300.148028 277.189293 270.583491
198808 39.544489 299.967278 277.036170 270.418567
198809 39.594895 299.978592 277.216573 270.593577
198810 39.013178 300.224677 277.264874 270.612884
198811 38.922699 300.311009 277.294248 270.666280
198812 39.377478 300.310085 277.044226 270.413547
198901 38.581168 300.370931 276.831141 270.182592
198902 38.565306 300.482459 277.112930 270.506956
198903 40.430028 300.651648 277.412187 270.763181
198904 40.107115 300.946466 277.397368 270.688933
198905 40.763105 300.880956 277.285485 270.543150
198906 39.565167 300.514738 277.004915 270.283866
198907 39.341058 300.158675 276.871056 270.196961
198908 38.265198 299.910097 276.923440 270.311772
198909 38.529259 300.015394 277.013867 270.358128
198910 39.603916 300.384047 277.076445 270.386347
198911 40.994333 300.534885 277.406118 270.759316
198912 39.478167 300.575573 277.283611 270.662197
199001 40.606098 300.529660 277.295819 270.689122
199002 40.752045 300.642137 277.617142 271.038375
199003 40.601189 300.851779 277.744007 271.142261
199004 40.792560 301.208442 277.616753 270.911495
199005 41.481680 301.132154 277.623805 270.909239
199006 40.987152 300.711971 277.494420 270.830528
199007 39.753481 300.328429 277.217202 270.577094
199008 40.260220 300.226794 277.146955 270.513700
199009 39.983620 300.305083 277.464823 270.861587
199010 39.697114 300.671375 277.518366 270.871296
199011 41.289554 300.846412 277.756279 271.144613
199012 40.880485 300.819515 277.722053 271.150606
199101 40.933848 300.621004 277.708495 271.185922
199102 39.892625 300.724245 277.629022 271.087321
199103 40.967141 300.893791 277.983901 271.408188
199104 40.939840 301.098407 277.692944 271.012839
199105 41.007699 301.041422 277.650802 270.947935
199106 39.818623 300.749802 277.213444 270.488779
199107 40.014898 300.449739 277.195286 270.527035
199108 39.077669 300.260090 277.107386 270.454432
199109 39.646627 300.169265 277.196311 270.548666
199110 39.207145 300.326278 277.110065 270.403640
199111 39.001063 300.406002 277.129819 270.424168
199112 38.660489 300.428298 276.920641 270.220258
199201 39.004057 300.420289 276.865122 270.206003
199202 39.714573 300.361381 277.409852 270.793865
199203 39.074228 300.526812 277.364438 270.700385
199204 39.481954 300.830267 277.027298 270.244463
199205 39.123447 300.759164 276.820314 270.008768
199206 39.158917 300.363240 276.655914 269.872136
199207 38.270634 300.049385 276.656117 269.934383
199208 38.361331 299.891302 276.696339 270.019404
199209 38.153007 299.937868 276.861349 270.184040
199210 37.702773 300.267799 276.835896 270.109358
199211 38.841652 300.445698 276.919363 270.184800
199212 38.936900 300.613791 277.247880 270.590743
199301 39.703065 300.585883 277.470203 270.917846
199302 39.975624 300.580230 277.594141 271.034371
199303 39.877762 300.806478 277.586070 270.975184
199304 40.578828 301.068694 277.582366 270.901808
199305 41.243491 301.038260 277.469206 270.742357
199306 40.590547 300.685195 277.264501 270.560030
199307 39.680473 300.202305 277.010578 270.365732
199308 39.281801 299.979068 276.977083 270.337466
199309 39.126634 300.098717 277.025044 270.374746
199310 39.615113 300.372586 277.123303 270.455993
199311 39.647516 300.624271 277.377659 270.731404
199312 40.486806 300.724086 277.394254 270.772073
199401 40.614048 300.672277 277.532113 271.000783
199402 40.446158 300.746600 277.858287 271.343397
199403 40.575868 301.057494 277.917310 271.337824
199404 41.437900 301.373871 277.877539 271.242439
199405 42.224936 301.294535 277.691587 271.002139
199406 40.918721 300.941550 277.381836 270.687852
199407 41.165672 300.542080 277.335788 270.710418
199408 40.431870 300.251366 277.495591 270.935167
199409 40.252934 300.288194 277.463747 270.867809
199410 39.986537 300.561340 277.491294 270.846705
199411 40.045013 300.700267 277.444516 270.798546
199412 40.114725 300.737444 277.444378 270.819279
199501 39.822346 300.737524 277.507037 270.947093
199502 41.027288 300.768045 277.959116 271.449189
199503 41.518461 300.909085 278.058206 271.520663
199504 41.529859 301.171694 277.971848 271.330323
199505 41.527924 301.075120 277.595530 270.919349
199506 39.890424 300.681896 277.287634 270.601155
199507 39.977504 300.255242 277.114430 270.472257
199508 40.038836 300.032951 277.102587 270.479063
199509 39.039248 300.031761 277.129431 270.513280
199510 39.263862 300.224597 277.217824 270.561465
199511 38.725191 300.363620 277.116979 270.445527
199512 39.187844 300.322025 277.075416 270.441734
199601 38.627987 300.343650 276.826982 270.207713
199602 38.494256 300.423550 277.216069 270.632313
199603 40.283480 300.709502 277.289776 270.617374
199604 40.531057 300.981065 277.479453 270.767654
199605 40.168522 300.927256 277.147695 270.375502
199606 39.038477 300.428999 276.924587 270.217272
199607 39.153066 300.062995 276.863734 270.193734
199608 39.682186 299.849702 277.018502 270.396045
199609 38.747241 299.907156 277.051811 270.418539
199610 39.617857 300.152998 277.001193 270.323354
199611 39.070674 300.380230 277.142621 270.462710
199612 38.424584 300.373234 277.166126 270.524789
199701 39.107650 300.376710 276.854446 270.222913
199702 39.315812 300.484178 277.290050 270.689854
199703 39.563239 300.777168 277.481526 270.822753
199704 40.525071 301.048898 277.283032 270.546849
199705 40.331812 301.006061 277.285011 270.544068
199706 39.933688 300.668719 277.188393 270.506081
199707 39.960408 300.367243 277.233523 270.591643
199708 39.998637 300.192388 277.281600 270.674752
199709 39.779206 300.258031 277.512431 270.926068
199710 39.707306 300.518334 277.435854 270.790330
199711 39.874363 300.746600 277.362885 270.700399
199712 40.192403 300.832898 277.470439 270.846647
199801 41.489368 300.852983 277.801757 271.282673
199802 41.469388 300.977691 278.121021 271.634391
199803 41.887307 301.230972 278.280576 271.764077
199804 42.216087 301.493578 278.255958 271.657707
199805 42.943888 301.426187 278.170252 271.546054
199806 41.859617 300.995158 277.887724 271.267457
199807 39.992577 300.561265 277.584181 270.990511
199808 41.100685 300.363099 277.480482 270.896878
199809 40.864170 300.311866 277.562197 270.987962
199810 40.572220 300.501859 277.558608 270.943558
199811 40.238796 300.587668 277.537224 270.930120
199812 39.994593 300.628704 277.388264 270.774934
199901 40.149761 300.501092 277.351202 270.775812
199902 39.562811 300.626079 277.466975 270.885758
199903 40.143069 300.921701 277.658163 271.023062
199904 41.640643 301.188216 277.675240 270.988577
199905 41.261700 301.072005 277.469566 270.737085
199906 39.651021 300.772522 277.247390 270.546671
199907 39.777286 300.402029 277.071754 270.401958
199908 40.178174 300.165499 277.179647 270.559747
199909 40.366338 300.182389 277.423610 270.826017
199910 40.019445 300.419841 277.318484 270.651669
199911 39.370052 300.706558 277.395916 270.730850
199912 40.328802 300.789845 277.515035 270.911783
200001 41.559029 300.778447 277.863924 271.352554
200002 40.984492 300.872543 277.923930 271.397838
200003 41.443734 301.061109 278.047567 271.488186
200004 42.391226 301.313660 278.153293 271.539070
200005 42.257049 301.201166 277.929376 271.265932
200006 40.905297 300.750128 277.502272 270.865035
200007 39.464235 300.349887 277.041118 270.380568
200008 40.008201 300.159089 277.201503 270.588278
200009 39.709485 300.128029 277.312675 270.702184
200010 39.601891 300.347200 277.434307 270.791711
200011 39.397098 300.603322 277.353024 270.695779
200012 39.940613 300.610365 277.374772 270.770694
200101 40.482836 300.676646 277.424736 270.859743
200102 41.295274 300.821002 277.608588 271.038325
200103 41.434377 301.106826 278.055314 271.510166
200104 42.078891 301.410174 278.125733 271.502291
200105 42.318316 301.241614 278.032342 271.390620
200106 40.536186 300.856666 277.536748 270.874767
200107 40.947185 300.532776 277.390629 270.757796
200108 40.449495 300.357732 277.585357 271.014599
200109 40.987204 300.358404 277.691998 271.146596
200110 40.520344 300.651425 277.683414 271.065953
200111 40.824922 300.868640 277.726129 271.105698
200112 40.540329 300.880822 277.733076 271.158766
200201 40.630557 300.868414 277.708761 271.155277
200202 41.420881 300.938148 277.981302 271.471116
200203 40.879753 301.200750 277.851339 271.278502
200204 42.499493 301.492343 278.077251 271.458738
200205 42.686394 301.445010 278.156330 271.532012
200206 42.461071 301.010323 277.991881 271.407755
200207 41.269348 300.553888 277.811082 271.251371
200208 40.618857 300.409901 277.643402 271.091094
200209 40.761149 300.469162 277.691837 271.114763
200210 40.808832 300.666710 277.845559 271.247220
200211 40.597926 300.842514 277.606119 270.963937
200212 40.955541 300.940332 277.646723 271.020505
200301 41.794039 300.874962 277.808863 271.272884
200302 40.670045 300.913212 277.848239 271.320904
200303 41.394392 301.104812 278.062735 271.507397
200304 41.442039 301.379438 278.063049 271.427721
200305 42.547920 301.429229 277.943297 271.250311
200306 40.737706 301.020294 277.551611 270.877776
200307 40.764009 300.664972 277.662325 271.056707
200308 41.017361 300.400605 277.499634 270.925042
200309 40.804742 300.486784 277.772443 271.204526
200310 40.381618 300.721292 277.820972 271.220482
200311 40.676053 300.864142 277.748076 271.132925
200312 41.193379 300.957941 277.634014 271.034674
200401 41.923668 300.937145 277.780827 271.247302
200402 40.706569 301.089052 277.966259 271.448377
200403 41.982647 301.403456 278.345470 271.790385
200404 43.223167 301.526885 278.454126 271.898948
200405 43.650685 301.465528 278.205675 271.594235
200406 41.707219 301.049145 277.914039 271.306065
200407 41.781542 300.618168 277.733162 271.160126
200408 40.969597 300.287512 277.638896 271.076891
200409 40.335412 300.240235 277.665818 271.096170
200410 40.210846 300.537601 277.493952 270.856775
200411 39.757044 300.727514 277.488102 270.839201
200412 40.638661 300.780362 277.438654 270.820402
200501 40.213295 300.849795 277.450599 270.857786
200502 40.736689 301.037485 277.761552 271.178074
200503 42.038522 301.370131 278.045290 271.442899
200504 42.533227 301.660201 278.291383 271.647751
200505 42.699382 301.600031 278.048944 271.393514
200506 42.907540 301.179209 278.094817 271.492928
200507 41.705269 300.752633 277.833026 271.284980
200508 42.398591 300.479599 277.937053 271.421955
200509 41.378387 300.461304 277.846868 271.316262
200510 40.848662 300.736184 277.771166 271.158371
200511 40.690079 300.888171 277.794736 271.188835
200512 41.321423 300.871970 277.810797 271.247455
200601 41.142969 300.938362 277.956863 271.461304
200602 41.287155 301.133230 278.045554 271.523585
200603 42.649390 301.430382 278.379082 271.840367
200604 43.142558 301.644042 278.619857 272.036899
200605 42.853022 301.526837 278.294013 271.666361
200606 41.623093 301.054027 277.974256 271.365475
200607 41.414961 300.633844 277.619500 271.030982
200608 40.557151 300.366761 277.697430 271.145608
200609 40.687596 300.466446 277.669948 271.074547
200610 41.041231 300.753067 277.820680 271.220674
200611 40.808443 300.860581 277.719342 271.103947
200612 40.866300 300.818283 277.663333 271.080296
200701 40.711595 300.698903 277.571353 271.012067
200702 40.002052 300.770250 277.686642 271.138774
200703 41.004422 300.989234 277.843997 271.229522
200704 41.708155 301.217982 277.791543 271.140236
200705 41.512798 301.286806 277.602476 270.903854
200706 41.820512 300.940788 277.615052 270.998512
200707 40.072155 300.591062 277.451203 270.844946
200708 40.728698 300.350521 277.715321 271.173935
200709 40.483760 300.397639 277.795427 271.243506
200710 40.451584 300.680877 277.702667 271.096858
200711 41.280082 300.843913 277.765018 271.154174
200712 41.164040 300.952146 277.874056 271.301529
200801 41.299340 300.895748 277.999889 271.498923
200802 41.301021 301.015029 278.124724 271.627318
200803 41.975904 301.235658 278.439101 271.905192
200804 43.376576 301.432573 278.366212 271.779545
200805 42.734366 301.397232 278.245459 271.614803
200806 41.732405 300.952466 277.979080 271.389997
200807 40.961956 300.558400 277.550099 270.951275
200808 40.478559 300.288415 277.687283 271.147429
200809 39.693995 300.358870 277.709013 271.144104
200810 40.277932 300.623318 277.608686 271.005128
200811 40.099784 300.734310 277.768716 271.167809
200812 39.863222 300.773534 277.464822 270.845429
200901 39.730049 300.752676 277.491793 270.920817
200902 41.352377 300.761886 277.810862 271.268437
200903 40.891830 300.984965 277.932349 271.371939
200904 41.516774 301.351467 277.736083 271.053837
200905 42.524612 301.245582 277.971865 271.301625
200906 41.064998 300.853855 277.569004 270.922287
200907 40.358437 300.424521 277.526929 270.925269
200908 39.640797 300.253884 277.404353 270.816816
200909 39.748413 300.266150 277.421474 270.825792
200910 40.374394 300.469562 277.576668 270.957974
200911 39.637676 300.600077 277.503650 270.879784
200912 39.628201 300.523160 277.336069 270.730418
201001 39.713104 300.445199 277.216519 270.663237
201002 39.534659 300.625927 277.471016 270.874624
201003 40.986251 300.874934 277.734190 271.100325
201004 41.142350 301.198764 277.710427 271.047460
201005 41.281554 301.156940 277.624522 270.899989
201006 40.912027 300.821757 277.465069 270.767890
201007 40.433839 300.451399 277.379803 270.766810
201008 41.259413 300.260419 277.490456 270.923634
201009 40.683122 300.407688 277.637404 271.061905
201010 40.678513 300.723065 277.694439 271.067648
201011 40.922210 301.002327 277.884525 271.270144
201012 41.081762 301.104333 277.862384 271.283305
201101 42.247486 301.078716 278.154533 271.668685
201102 41.511419 301.142733 278.197603 271.726335
201103 42.121124 301.417519 278.368091 271.826686
201104 43.657509 301.723153 278.462303 271.870770
201105 43.835861 301.650301 278.398809 271.781661
201106 42.615145 301.239277 278.167354 271.597714
201107 41.402824 300.806361 277.922326 271.363226
201108 41.459804 300.457699 277.832441 271.320259
201109 41.052306 300.474270 277.784350 271.225030
201110 40.896536 300.738842 277.766278 271.164596
201111 40.678911 300.946645 277.704366 271.066436
201112 41.503314 301.002447 277.919382 271.374815
201201 41.644540 300.964752 278.095255 271.613435
201202 41.461224 301.153769 278.257540 271.772172
201203 42.306479 301.373440 278.592405 272.111780
201204 43.011120 301.532116 278.458237 271.872220
201205 42.825681 301.449536 278.206045 271.570633
201206 41.306721 301.036763 277.759367 271.108347
201207 40.617382 300.588757 277.641749 271.043927
201208 40.550371 300.356844 277.535622 270.957283
201209 41.120129 300.403639 277.681195 271.101208
201210 40.727796 300.574653 277.709980 271.113083
201211 41.232006 300.714056 277.773220 271.169403
201212 40.517675 300.715126 277.596311 271.013702
201301 39.661729 300.678951 277.384535 270.817313
201302 41.018198 300.755980 277.835198 271.275062
201303 41.281961 301.027754 277.895456 271.294567
201304 41.201068 301.346605 277.805493 271.126708
201305 42.209422 301.283130 277.817987 271.128143
201306 41.033227 300.922381 277.516411 270.846652
201307 40.808462 300.617716 277.535622 270.909083
201308 41.129796 300.372166 277.709266 271.171505
201309 40.906369 300.444464 277.864202 271.321362
201310 41.187534 300.727880 277.914595 271.333054
201311 41.952288 300.895685 278.018494 271.457852
201312 41.371245 300.925157 277.957616 271.415867
201401 41.364573 300.929742 277.957875 271.438748
201402 40.380198 301.023237 277.963218 271.445923
201403 42.395434 301.412877 278.161194 271.571577
201404 42.827209 301.711603 278.382927 271.746976
201405 42.942518 301.723533 278.212096 271.549468
201406 41.971358 301.292298 277.855412 271.203668
201407 42.490808 300.871591 277.971891 271.405441
201408 41.484153 300.601957 277.985131 271.485853
201409 41.162529 300.586227 278.008488 271.492262
201410 41.668160 300.913503 277.964793 271.392934
201411 42.457995 301.234262 278.164664 271.566217
201412 42.893832 301.315606 278.366410 271.867500
201501 42.634954 301.359179 278.367724 271.884250
201502 42.922186 301.333990 278.792907 272.369213
201503 43.173874 301.577155 278.792742 272.314265
201504 43.870677 301.932664 278.823873 272.273877
201505 44.631413 301.933668 278.852246 272.310928
201506 44.248745 301.420214 278.721513 272.233914
201507 43.039544 301.042059 278.406459 271.911629
201508 43.083852 300.814529 278.271807 271.783463
201509 42.221879 300.792521 278.265045 271.750330
201510 42.132399 300.979532 278.212815 271.645588
201511 41.802800 301.198615 278.091937 271.479343
201512 41.903817 301.295079 278.070206 271.495524
201601 42.309466 301.301835 278.337138 271.855426
201602 42.002247 301.346277 278.457972 271.983157
201603 43.222681 301.477076 278.836659 272.349535
201604 43.249912 301.781080 278.462497 271.860943
201605 44.199390 301.542560 278.466179 271.866264
201606 42.430181 301.076056 278.083241 271.480066
201607 40.820173 300.666660 277.724308 271.147350
201608 41.063868 300.506286 277.702701 271.121874
201609 41.117085 300.537308 277.840272 271.282229
201610 40.950741 300.773859 277.777546 271.154374
201611 41.728499 300.871677 277.816455 271.207672
201612 41.649503 300.925473 277.830591 271.259228
201701 40.470524 300.848813 277.648840 271.118400
201702 40.612612 300.955509 277.924625 271.373402
201703 41.458384 301.251166 278.093243 271.497561
201704 41.876182 301.503317 278.008952 271.364422
201705 42.178199 301.472506 278.026014 271.356028
201706 41.472553 301.155707 277.797369 271.165279
201707 41.739308 300.725945 277.791445 271.212673
201708 41.533659 300.510224 277.925562 271.411461
201709 41.733965 300.545610 277.987599 271.453389
201710 41.476669 300.874295 278.138660 271.577606
201711 41.957683 301.019280 278.038724 271.457993
201712 41.667191 301.063744 277.982839 271.418801
201801 41.627243 301.093283 278.137517 271.617382
201802 42.269065 301.197060 278.428588 271.958643
201803 42.604522 301.492431 278.646221 272.133534
201804 43.523581 301.785435 278.712665 272.148620
201805 44.015257 301.675451 278.549100 271.964965
201806 43.178005 301.329630 278.384480 271.819382
201807 42.785702 300.855749 277.996741 271.441409
201808 41.630195 300.633012 277.975724 271.444621
201809 41.001097 300.713176 277.960885 271.401686
201810 42.233430 301.058984 278.155525 271.573934
201811 42.794327 301.201883 278.396477 271.864955
201812 42.148187 301.323719 278.287341 271.767552
201901 42.212695 301.342725 278.245259 271.736193
201902 42.573879 301.368467 278.726439 272.307681
201903 43.158954 301.635660 278.777040 272.288692
201904 44.192887 301.817983 278.854324 272.317944
201905 43.846194 301.702543 278.598693 272.003711
201906 42.335070 301.249402 278.101614 271.486227
201907 42.294065 300.811911 278.021760 271.465418
201908 41.067797 300.530120 277.875008 271.348082
201909 41.486798 300.568130 277.906181 271.358367
201910 41.500604 300.833516 278.030049 271.461408
201911 41.198555 300.961237 278.024903 271.442071
201912 40.554155 300.848843 277.773319 271.200690
202001 40.165444 300.799094 nan nan
202002 40.953757 300.895863 nan nan
202003 41.337482 301.191066 nan nan
202004 42.577608 301.405932 nan nan
202005 41.615239 301.373129 nan nan
202006 41.770537 300.985054 nan nan
202007 41.438860 300.756584 nan nan
202008 41.400871 300.543398 nan nan
202009 41.568716 300.579460 nan nan
202010 40.926276 300.864514 nan nan
202011 41.092984 301.103797 nan nan
202012 41.583269 301.126106 nan nan
202101 42.029440 301.114847 278.079655 271.553006
202102 42.387159 301.283328 278.544437 272.083626
202103 43.698863 301.508752 278.762728 272.270863
202104 44.291110 301.738257 278.796716 272.251882
202105 43.533357 301.617622 278.428104 271.808372
202106 42.993894 301.267948 278.278597 271.712914
202107 42.145675 300.738695 278.006453 271.476936
202108 41.314881 300.463553 277.792983 271.254540
202109 41.057607 300.509875 277.958671 271.419680
202110 40.769950 300.855421 277.903702 271.283236
202111 41.509406 301.028357 278.081672 271.501400
202112 41.492609 301.083600 278.073939 271.541075
202201 41.661409 300.971344 278.005405 271.477023
202202 41.672343 300.935196 278.129004 271.610760
202203 41.532135 301.179575 278.073698 271.510514
202204 41.790121 301.516038 278.177112 271.555015
202205 42.393861 301.524792 278.007569 271.329765
202206 41.384286 301.136766 277.743001 271.101807
202207 41.467877 300.811732 277.706492 271.123527
202208 41.584903 300.572815 277.918479 271.407377
202209 41.482915 300.630165 277.981502 271.451328
202210 41.158488 300.932608 277.882348 271.274720
202211 41.946957 301.167937 277.889174 271.261798
202212 42.442708 301.296388 278.219924 271.655068
202301 41.925351 301.417141 278.420351 271.932419
202302 43.059210 301.538316 278.797194 272.376025
202303 43.862978 301.897283 279.082127 272.614480
202304 45.080491 302.125816 279.190643 272.696234
202305 45.608820 302.103248 279.169314 272.668660
202306 44.783958 301.725259 278.941760 272.456588
202307 43.651678 301.284014 278.709664 272.260828
202308 43.766183 301.067780 278.737267 272.301824
202309 44.250410 301.093657 278.752703 272.313485
202310 43.581423 301.342297 278.636506 272.129624
202311 43.493863 301.624074 278.673718 272.133501
202312 44.286332 301.767655 278.740356 272.251693
202401 44.298110 301.709138 279.148676 272.757568
202402 44.027037 301.837798 279.350842 272.980621
202403 44.535789 301.850020 279.426839 273.011769
202404 44.356612 302.088733 279.104698 272.594038
202405 44.763008 301.819946 278.771650 272.208970
202406 43.413455 301.304646 278.361826 271.765318
202407 41.655715 300.806371 277.864556 271.272507
202408 41.912325 300.585940 277.897050 271.326670
202409 42.347534 300.633832 278.024364 271.472676
202410 42.002541 300.842358 277.971444 271.363109
202411 41.031766 300.921547 277.852739 271.245032
202412 40.835789 300.817775 277.807280 271.224965
