time(yyyymm) ts_cwv ts_sst ts_tlt ts_tmt
198001 39.154099 300.300909 276.918631 270.268854
198002 39.491165 300.412096 277.184801 270.570993
198003 39.989970 300.584742 277.460703 270.853720
198004 39.951560 300.800751 277.275976 270.559557
198005 40.148316 300.694140 277.126259 270.369868
198006 39.144203 300.306106 276.877356 270.151378
198007 38.505568 299.911083 276.768366 270.095298
198008 38.495454 299.671973 276.739786 270.114736
198009 38.616108 299.795674 276.799704 270.149529
198010 38.141095 300.038331 276.870037 270.189554
198011 38.231094 300.234008 276.789430 270.077532
198012 39.243556 300.210845 276.996672 270.368220
198101 38.362107 300.201901 276.881952 270.294224
198102 39.125592 300.427224 276.972945 270.341836
198103 39.816747 300.811003 277.428927 270.791933
198104 40.707762 301.201816 277.582560 270.881415
198105 41.537466 301.171980 277.650219 270.961976
198106 40.395791 300.930860 277.438658 270.769414
198107 40.831197 300.440206 277.637601 271.078737
198108 41.094271 300.221760 277.639260 271.097456
198109 40.042958 300.229495 277.631056 271.078562
198110 39.790102 300.546136 277.374592 270.718064
198111 40.731639 300.736360 277.595918 270.976029
198112 39.874616 300.762615 277.559441 270.962485
198201 40.110486 300.808224 277.779467 271.272172
198202 40.857133 301.033300 278.188935 271.713223
198203 40.665786 301.209130 278.430197 271.947517
198204 41.516627 301.430348 278.238264 271.654302
198205 42.097957 301.312132 277.882844 271.228097
198206 42.091236 300.915825 277.689219 271.043799
198207 39.818101 300.317830 277.282616 270.635281
198208 39.060915 299.957207 276.927120 270.292096
198209 39.838948 299.941918 276.947378 270.283315
198210 39.146503 300.133199 276.942823 270.254212
198211 38.561716 300.185622 276.847259 270.140079
198212 38.949852 300.073253 276.877479 270.210962
198301 37.833626 299.928529 276.526529 269.878612
198302 37.787588 300.008465 276.517650 269.848742
198303 38.134653 300.238091 276.854651 270.159719
198304 38.791212 300.578808 276.768727 269.971124
198305 39.202700 300.636520 276.669392 269.851290
198306 38.738188 300.221976 276.570118 269.790887
198307 38.367647 299.824048 276.438952 269.699066
198308 38.254257 299.675693 276.571182 269.875870
198309 37.849946 299.737819 276.741845 270.077871
198310 38.273772 300.042051 276.732842 270.028356
198311 38.684337 300.210612 277.003988 270.310524
198312 38.710920 300.256778 276.739968 270.036072
198401 39.062004 300.145719 276.876173 270.236276
198402 38.521449 300.299462 276.867877 270.247992
198403 39.738970 300.566767 277.241616 270.561060
198404 40.333159 300.839650 277.323905 270.605487
198405 40.189158 300.821167 277.172692 270.421372
198406 39.122053 300.392985 276.884629 270.168225
198407 38.422806 300.001246 276.686567 269.983464
198408 38.564294 299.815432 276.897473 270.260740
198409 38.985916 299.951986 276.866840 270.196932
198410 38.584524 300.232168 276.938232 270.230744
198411 38.950340 300.408083 277.027902 270.330337
198412 39.709792 300.366388 277.244208 270.624475
198501 38.306954 300.463931 276.749569 270.100570
198502 39.626222 300.563832 277.317847 270.707176
198503 39.969972 300.817992 277.491578 270.885812
198504 41.125176 301.113683 277.521740 270.823092
198505 40.609330 301.134590 277.514065 270.800964
198506 40.627104 300.767469 277.470741 270.806318
198507 40.255420 300.278824 277.266248 270.662903
198508 39.731998 300.081761 277.186637 270.586860
198509 39.335802 300.127472 277.172001 270.532369
198510 39.029668 300.368256 277.173825 270.488465
198511 39.151915 300.495356 277.109315 270.421500
198512 39.691050 300.544810 277.291657 270.658403
198601 39.531881 300.598982 277.456907 270.901897
198602 40.359992 300.764663 277.636444 271.072232
198603 40.601372 301.015684 277.915344 271.335034
198604 42.109618 301.203488 277.949150 271.313648
198605 42.068311 301.108998 277.932374 271.301194
198606 40.490631 300.658242 277.534806 270.920680
198607 39.423080 300.199524 277.217390 270.623898
198608 39.135052 299.911137 277.202400 270.614433
198609 38.513822 299.952999 277.135885 270.518578
198610 38.689086 300.140411 276.980773 270.315957
198611 38.230690 300.281534 276.963296 270.284989
198612 39.446851 300.248529 277.034028 270.394627
198701 38.972983 300.233643 276.995656 270.369952
198702 38.176424 300.275258 276.916815 270.310622
198703 39.595984 300.541022 277.291656 270.648209
198704 39.829108 300.859700 277.146144 270.417209
198705 39.732846 300.828432 277.122611 270.354129
198706 40.169563 300.414269 277.030198 270.325092
198707 39.322426 300.007637 276.728546 270.039625
198708 38.774801 299.838909 276.856259 270.205925
198709 38.037466 299.871727 276.830358 270.175907
198710 38.338132 300.150788 276.884933 270.190258
198711 38.403883 300.326518 276.944879 270.251296
198712 38.877397 300.326355 276.964519 270.314959
198801 38.308582 300.276041 276.911494 270.278907
198802 39.005067 300.416436 277.069116 270.450531
198803 41.095499 300.693929 277.576965 270.929672
198804 40.215070 300.872396 277.489108 270.804611
198805 40.090944 300.781028 277.142446 270.392750
198806 39.356192 300.368850 276.936896 270.227718
198807 38.212512 300.034767 276.618338 269.917390
198808 38.713917 299.898822 276.842867 270.199980
198809 39.255835 299.933777 277.033222 270.394351
198810 39.208761 300.212725 277.083454 270.392726
198811 38.907131 300.340110 277.164320 270.503583
198812 39.059290 300.335712 277.071702 270.431864
198901 39.450761 300.318960 277.132144 270.503198
198902 39.524643 300.437089 277.102595 270.488068
198903 40.212573 300.666123 277.354908 270.686735
198904 40.990973 300.965779 277.567365 270.874016
198905 40.907869 300.844029 277.293548 270.550222
198906 38.993054 300.476573 276.869518 270.127719
198907 39.621056 300.176631 276.854520 270.166320
198908 38.976757 300.084175 276.978746 270.329029
198909 39.820174 300.147737 277.253657 270.625508
198910 39.834369 300.308446 277.250762 270.600013
198911 39.504178 300.465709 277.387101 270.747353
198912 39.322623 300.540025 277.126322 270.477853
199001 39.564971 300.457547 277.156635 270.546023
199002 39.932147 300.530140 277.256517 270.666992
199003 40.517408 300.790864 277.599258 270.967495
199004 40.624530 301.079692 277.540741 270.856486
199005 40.962579 300.961601 277.534496 270.829686
199006 40.633798 300.736193 277.303110 270.603705
199007 40.138402 300.412727 277.131706 270.477432
199008 39.857352 300.166727 277.439399 270.865775
199009 40.236359 300.200569 277.406870 270.824159
199010 39.726683 300.515880 277.498164 270.865451
199011 39.908114 300.782252 277.486504 270.830622
199012 40.650176 300.868970 277.644270 271.072400
199101 40.645022 300.870396 277.900639 271.385254
199102 41.415375 300.929948 278.248987 271.803804
199103 41.704555 301.237506 278.352111 271.851356
199104 43.002820 301.484729 278.429690 271.850274
199105 43.130900 301.490003 278.237821 271.632505
199106 42.215524 301.193382 278.063838 271.477293
199107 41.149308 300.798998 277.804471 271.242342
199108 42.006077 300.537985 277.839025 271.289195
199109 40.890953 300.489300 277.769129 271.178063
199110 40.487686 300.690001 277.440033 270.753642
199111 40.464957 300.744823 277.436465 270.766434
199112 40.459610 300.708311 277.390446 270.762701
199201 40.661872 300.647060 277.428579 270.829309
199202 40.145376 300.773088 277.634991 271.049345
199203 41.060470 300.832429 277.945723 271.357850
199204 40.712171 300.960026 277.605129 270.928174
199205 40.466752 300.883769 277.405550 270.675131
199206 38.792278 300.435131 277.025553 270.289282
199207 38.496360 300.005465 276.624093 269.901527
199208 38.611001 299.718707 276.656347 269.974190
199209 38.343174 299.664247 276.710134 270.043305
199210 38.087077 299.795232 276.762581 270.063501
199211 37.921596 300.029038 276.538387 269.790485
199212 38.251866 300.008929 276.668324 269.979077
199301 37.460853 299.941099 276.411245 269.748570
199302 37.998711 300.036615 276.617470 269.922165
199303 38.654057 300.333470 276.809040 270.087142
199304 38.874511 300.702885 276.879991 270.103669
199305 39.104324 300.596020 276.913448 270.135489
199306 38.648229 300.193408 276.625983 269.887784
199307 37.601746 299.886671 276.437304 269.709453
199308 38.396687 299.836478 276.558076 269.866445
199309 38.886248 299.817543 276.902869 270.273232
199310 37.871258 300.107425 276.883639 270.178538
199311 38.467087 300.261144 276.919585 270.219597
199312 38.539814 300.267831 276.818838 270.165585
199401 39.026697 300.310792 276.878518 270.236650
199402 39.566556 300.403884 277.198015 270.590686
199403 39.671733 300.680927 277.323185 270.674727
199404 41.222206 301.044187 277.601209 270.932227
199405 41.561198 301.018441 277.724285 271.058271
199406 40.260490 300.734789 277.274533 270.605846
199407 39.381172 300.392076 277.201294 270.564500
199408 39.953311 300.044135 277.361272 270.779427
199409 39.191333 299.977450 277.162406 270.555421
199410 38.818110 300.143857 277.006213 270.332560
199411 39.343687 300.341594 277.062412 270.379525
199412 38.841230 300.434848 277.047055 270.400619
199501 39.229187 300.531647 277.033792 270.407541
199502 40.930993 300.578304 277.722071 271.175262
199503 40.057383 300.806223 277.869193 271.304749
199504 40.195441 301.042557 277.681491 271.029046
199505 40.961600 301.028513 277.579130 270.899042
199506 40.941530 300.703992 277.457717 270.807063
199507 39.965898 300.216256 277.405293 270.816152
199508 38.889480 299.972545 277.094491 270.476334
199509 38.414525 300.056727 277.140955 270.515596
199510 39.419673 300.294786 277.116098 270.449523
199511 39.138918 300.378860 277.144064 270.476277
199512 39.008485 300.408558 277.119089 270.482112
199601 39.246471 300.467033 277.000048 270.367966
199602 40.337955 300.547681 277.387637 270.792056
199603 39.664322 300.741060 277.584791 270.962441
199604 39.964557 301.111085 277.400911 270.687154
199605 41.275178 300.960226 277.467996 270.750474
199606 39.559712 300.673777 277.073127 270.362746
199607 40.386696 300.318826 277.306495 270.680162
199608 39.888213 300.104126 277.317538 270.725367
199609 39.347725 300.185072 277.222582 270.594779
199610 39.400485 300.508558 277.297124 270.641795
199611 39.749759 300.587246 277.355546 270.702620
199612 39.630471 300.662913 277.403732 270.790558
199701 39.727115 300.759042 277.544640 270.978839
199702 41.261985 300.933483 277.750087 271.184625
199703 41.881641 301.180906 278.059319 271.514417
199704 42.247501 301.466365 278.268098 271.668751
199705 42.718384 301.358091 277.965678 271.312667
199706 41.192880 300.890621 277.756496 271.134214
199707 39.921702 300.503023 277.177164 270.519182
199708 41.170642 300.246391 277.473425 270.901035
199709 40.342574 300.311563 277.512263 270.905251
199710 40.420267 300.595108 277.631643 271.002745
199711 40.107024 300.683551 277.587563 270.966085
199712 40.380373 300.726362 277.612109 271.009692
199801 40.172530 300.702475 277.489159 270.916811
199802 39.935031 300.732184 277.698667 271.159105
199803 40.730542 300.938502 277.823362 271.232499
199804 40.895054 301.250941 277.792736 271.145434
199805 41.874975 301.133224 277.674150 270.980663
199806 40.616771 300.764289 277.589411 270.933301
199807 39.258417 300.412507 277.080597 270.434520
199808 40.525776 300.280563 277.263525 270.651580
199809 40.995928 300.300806 277.468476 270.878825
199810 40.661930 300.598769 277.667356 271.056169
199811 40.498024 300.713031 277.688239 271.077181
199812 40.738744 300.730721 277.637261 271.065927
199901 40.258375 300.712633 277.545003 270.993171
199902 40.732982 300.815134 277.584462 271.003586
199903 41.844851 301.105114 277.909736 271.320362
199904 41.634830 301.442960 277.978249 271.317961
199905 42.754903 301.406025 278.011612 271.346460
199906 41.967365 301.036457 277.972879 271.368057
199907 41.324817 300.547921 277.615216 271.030681
199908 40.874631 300.360098 277.578397 271.010783
199909 40.847550 300.320979 277.854459 271.317762
199910 40.218999 300.524879 277.591559 270.979295
199911 40.120111 300.702162 277.444440 270.800330
199912 40.441119 300.833129 277.461088 270.821292
200001 41.334889 300.819836 277.778386 271.222343
200002 41.050226 300.943804 277.970535 271.454719
200003 41.119476 301.158213 278.136918 271.596768
200004 41.841470 301.463928 278.162370 271.544303
200005 42.581299 301.354391 278.223053 271.609793
200006 40.913426 300.958267 277.702999 271.060575
200007 40.261320 300.367997 277.408110 270.823129
200008 39.930464 300.129692 277.348641 270.768367
200009 41.055821 300.246823 277.487412 270.899025
200010 40.352504 300.473582 277.547169 270.926543
200011 40.101918 300.569912 277.558051 270.944509
200012 40.157351 300.522388 277.458437 270.847675
200101 39.363474 300.532390 277.213308 270.598300
200102 40.024101 300.626441 277.422617 270.822805
200103 40.746823 300.868576 277.775188 271.170877
200104 40.743982 301.178549 277.726564 271.025773
200105 41.333720 301.187586 277.528724 270.813400
200106 40.994115 300.837101 277.528763 270.863802
200107 40.422013 300.453637 277.349669 270.727898
200108 40.551006 300.302504 277.456036 270.882004
200109 40.358148 300.305226 277.745045 271.204320
200110 40.815926 300.606972 277.670719 271.057005
200111 41.131341 300.717592 277.691040 271.081470
200112 40.937871 300.670023 277.569441 270.994051
200201 40.517820 300.618157 277.656046 271.137677
200202 40.403852 300.815002 277.726716 271.196104
200203 41.261956 301.045246 277.878634 271.299278
200204 41.418912 301.408140 277.924311 271.251718
200205 41.728003 301.351152 277.801085 271.120213
200206 41.897577 300.985128 277.636372 270.988482
200207 40.840752 300.518734 277.627270 271.057941
200208 40.576398 300.347981 277.567414 271.009052
200209 40.797048 300.446908 277.633211 271.058650
200210 40.808265 300.617817 277.750095 271.149454
200211 41.145036 300.842830 277.854846 271.252296
200212 40.627704 300.958904 277.742623 271.162335
200301 41.473840 300.943929 278.002495 271.501454
200302 40.900381 301.133607 277.879324 271.337220
200303 41.788942 301.387898 278.227741 271.686543
200304 42.536944 301.714622 278.320113 271.707648
200305 42.729968 301.632647 278.286610 271.649949
200306 41.643957 301.227158 277.907494 271.294723
200307 41.903472 300.744331 277.932845 271.381667
200308 41.252605 300.383776 277.945819 271.442198
200309 40.505484 300.417045 277.811656 271.256565
200310 40.767760 300.641430 277.822777 271.228617
200311 40.567610 300.842735 277.770673 271.154358
200312 41.010244 300.915424 277.747151 271.164311
200401 42.123200 300.985040 277.996710 271.471690
200402 41.503184 301.101883 278.285010 271.829926
200403 42.572741 301.252739 278.406503 271.885967
200404 42.370837 301.444067 278.339899 271.735763
200405 41.912578 301.338220 277.985959 271.331374
200406 41.232488 300.878958 277.688638 271.061580
200407 40.469337 300.510358 277.516124 270.910873
200408 40.893187 300.348449 277.618481 271.035888
200409 41.049398 300.448713 277.769101 271.205648
200410 40.515098 300.649499 277.676603 271.075746
200411 40.864174 300.774224 277.594797 270.965005
200412 40.814466 300.686275 277.565925 270.966507
200501 40.696417 300.601343 277.438980 270.852652
200502 39.492325 300.715418 277.303452 270.707390
200503 40.677849 300.952218 277.750417 271.118894
200504 41.464848 301.337309 277.758203 271.070027
200505 41.797678 301.395183 277.752475 271.052475
200506 42.025294 301.023665 277.715367 271.071058
200507 41.058013 300.645204 277.669853 271.079526
200508 41.404940 300.424932 277.729164 271.195531
200509 40.447448 300.357753 277.852114 271.318668
200510 41.052583 300.598736 277.758354 271.149490
200511 40.208426 300.835532 277.666492 271.030706
200512 40.617752 301.024151 277.596103 270.963689
200601 41.861030 301.094219 277.746624 271.183059
200602 42.347783 301.201486 278.204419 271.685761
200603 42.292368 301.495808 278.459556 271.931025
200604 43.763653 301.673406 278.469245 271.877597
200605 43.333384 301.652762 278.398731 271.775762
200606 42.930891 301.213051 278.169867 271.585976
200607 41.226426 300.749001 277.742171 271.158581
200608 41.221909 300.573574 277.871417 271.310182
200609 41.788597 300.554625 278.086019 271.580220
200610 40.736128 300.834951 277.906668 271.317377
200611 40.602888 300.995431 277.912594 271.319115
200612 41.385607 301.063538 277.830305 271.249618
200701 41.892465 301.147317 277.973893 271.455749
200702 41.928960 301.234950 278.184801 271.706179
200703 42.208215 301.388238 278.428588 271.926708
200704 42.842740 301.681487 278.524020 271.945200
200705 44.063624 301.556641 278.626741 272.064037
200706 42.372985 301.061700 278.072250 271.495933
200707 41.764716 300.634505 277.697076 271.115121
200708 41.420969 300.366947 277.650873 271.092333
200709 41.089188 300.396734 277.712273 271.147436
200710 40.076146 300.651669 277.748625 271.148695
200711 41.422083 300.763371 277.757673 271.157009
200712 41.129139 300.718999 277.647702 271.073728
200801 40.526134 300.709927 277.486708 270.929610
200802 40.594342 300.868876 277.638350 271.061819
200803 42.044168 301.120643 278.079173 271.491328
200804 42.049919 301.366888 278.121934 271.476110
200805 41.386647 301.297167 277.719420 271.016214
200806 40.150607 300.794091 277.391106 270.724971
200807 40.755945 300.439691 277.396857 270.767600
200808 40.725602 300.280960 277.530100 270.951915
200809 40.430185 300.369525 277.602645 271.028204
200810 40.575886 300.688836 277.695586 271.067891
200811 40.412061 300.938950 277.651159 271.012711
200812 40.542299 300.961341 277.555634 270.952017
200901 41.439701 300.966528 277.681621 271.116726
200902 41.134812 301.081901 277.954597 271.408857
200903 42.095774 301.265057 278.217611 271.641843
200904 41.374510 301.425598 278.244369 271.626325
200905 41.974724 301.393773 277.947921 271.292205
200906 41.864077 301.055778 277.696051 271.055906
200907 41.436936 300.697952 277.807151 271.252044
200908 41.970602 300.531419 277.846985 271.315989
200909 41.630895 300.591043 278.079225 271.574797
200910 41.006823 300.879263 278.049853 271.491003
200911 41.790782 301.151526 278.015615 271.424553
200912 41.809470 301.221763 278.229405 271.687287
201001 42.668958 301.248703 278.174943 271.664408
201002 42.410017 301.310998 278.515242 272.066985
201003 43.132587 301.501491 278.687974 272.211329
201004 43.112841 301.866899 278.734810 272.154951
201005 43.963166 301.782646 278.578283 271.987215
201006 42.644358 301.462966 278.080515 271.471613
201007 42.838422 301.100366 278.305079 271.794708
201008 42.673108 300.824839 278.238908 271.771964
201009 43.457132 300.825030 278.306912 271.816475
201010 42.333520 301.074713 278.344918 271.805261
201011 42.527755 301.171374 278.316038 271.777137
201012 42.385247 301.238964 278.319905 271.817768
201101 42.537845 301.259505 278.373378 271.926157
201102 42.242792 301.425265 278.290232 271.778752
201103 42.622807 301.660568 278.630061 272.126609
201104 44.178906 301.861605 278.857311 272.333007
201105 44.455711 301.852102 278.786417 272.243053
201106 44.950921 301.591302 278.786362 272.297321
201107 43.213401 301.108056 278.613649 272.184726
201108 42.528275 300.895812 278.193120 271.705374
201109 42.867716 300.974321 278.515842 272.036964
201110 42.900500 301.173306 278.465090 271.939647
201111 42.873135 301.323393 278.408301 271.862722
201112 42.697398 301.394824 278.494630 271.993007
201201 42.640904 301.556593 278.560793 272.093796
201202 43.433273 301.666608 279.326398 272.991044
201203 44.434062 301.870766 279.637206 273.268487
201204 45.385927 302.134890 279.317869 272.858285
201205 46.038218 302.097028 279.270211 272.788480
201206 44.137433 301.505431 278.804553 272.308957
201207 43.124004 300.858427 278.217315 271.715139
201208 42.285200 300.502046 278.148302 271.653375
201209 41.988688 300.473135 277.953024 271.409792
201210 41.248891 300.679003 277.801931 271.183954
201211 39.953326 300.752228 277.632339 270.996295
201212 40.260953 300.715878 277.607581 271.005749
201301 40.570148 300.639429 277.498928 270.908135
201302 40.709089 300.657604 277.600269 271.027923
201303 40.698785 300.875217 277.713457 271.082739
201304 41.037996 301.157005 277.689540 270.996982
201305 41.161301 301.079296 277.575784 270.868798
201306 40.388404 300.659397 277.243277 270.557091
201307 39.473221 300.382949 277.057618 270.397097
201308 40.719619 300.272135 277.388687 270.787393
201309 40.750794 300.382179 277.699115 271.131475
201310 41.536334 300.648124 277.766799 271.167347
201311 40.609941 300.827221 277.761972 271.144826
201312 39.645760 300.779292 277.554113 270.943933
201401 40.428029 300.722138 277.341200 270.735717
201402 40.300616 300.850473 277.593090 271.028673
201403 41.387554 301.227921 277.944286 271.312202
201404 43.083722 301.695836 278.212684 271.544618
201405 42.966923 301.719665 278.228207 271.578411
201406 43.204610 301.335346 278.252413 271.658296
201407 42.230190 300.814542 278.023958 271.480203
201408 42.173798 300.620148 278.024796 271.508099
201409 42.481782 300.678891 278.082895 271.533893
201410 41.496562 300.847259 278.164741 271.624453
201411 41.630149 301.052493 277.930373 271.328770
201412 41.035710 301.061754 278.026294 271.473166
201501 42.808325 301.381548 278.543751 272.098432
201502 43.081002 301.586654 278.850467 272.435485
201503 43.630310 301.761931 279.030669 272.589456
201504 44.074367 301.887949 279.026781 272.520694
201505 44.928384 301.778816 278.761418 272.195699
201506 43.044283 301.338859 278.332745 271.779684
201507 42.612874 300.885935 278.119786 271.590667
201508 42.168733 300.566267 278.035693 271.506406
201509 41.504743 300.626695 278.087758 271.557359
201510 41.523918 300.888130 277.968785 271.378659
201511 41.039855 301.118959 278.060328 271.460245
201512 41.551623 301.159304 278.053348 271.492131
201601 42.066649 301.135079 278.162128 271.656251
201602 41.493005 301.262472 278.142543 271.639950
201603 42.412505 301.464980 278.396841 271.856674
201604 43.647054 301.781984 278.560566 271.961718
201605 44.030841 301.713962 278.438317 271.830912
201606 42.929109 301.372091 278.254297 271.673045
201607 42.837267 300.955837 278.276800 271.770432
201608 41.995472 300.606562 278.111751 271.634633
201609 41.770785 300.686533 278.062909 271.534384
201610 41.708062 300.858296 278.044306 271.483550
201611 41.892473 301.100010 277.894002 271.269915
201612 42.011927 301.277183 278.048298 271.461559
201701 42.785317 301.370889 278.300210 271.786745
201702 42.234455 301.509483 278.820627 272.402041
201703 42.728308 301.624266 278.874056 272.412411
201704 44.355451 301.805050 278.938821 272.395950
201705 43.952086 301.711369 278.584942 271.991961
201706 42.165359 301.299437 278.034942 271.418435
201707 41.971866 300.820894 277.917040 271.356414
201708 42.638341 300.498341 277.994357 271.499515
201709 41.512067 300.440806 277.945755 271.426093
201710 41.206745 300.630751 277.802547 271.214858
201711 41.098040 300.779649 277.821724 271.225332
201712 40.259761 300.806134 277.510444 270.885204
201801 39.660143 300.746204 277.588678 271.041186
201802 41.642310 300.792570 277.917062 271.360729
201803 42.316593 300.995108 278.033457 271.441740
201804 42.168266 301.400320 277.784051 271.097488
201805 42.900782 301.355035 277.775032 271.057581
201806 41.322010 300.907471 277.699768 271.065173
201807 41.476327 300.507945 277.538721 270.931644
201808 40.977692 300.435919 277.614000 271.048510
201809 40.892620 300.522921 277.783584 271.210835
201810 40.955755 300.740575 277.828753 271.226266
201811 41.053880 300.953023 277.915641 271.318948
201812 40.362652 300.979032 277.690713 271.099681
201901 40.983633 301.007449 277.646119 271.067769
201902 41.494240 301.189738 278.086356 271.534508
201903 42.702002 301.421150 278.395817 271.826090
201904 43.204666 301.760302 278.274966 271.636414
201905 43.739821 301.713855 278.183007 271.511441
201906 42.335278 301.329522 278.069222 271.445200
201907 42.103893 300.946835 277.915286 271.332574
201908 41.966079 300.744677 277.933319 271.390273
201909 42.889227 300.785386 278.136745 271.623650
201910 42.717730 301.094725 278.255247 271.703605
201911 42.209113 301.327520 278.350026 271.792427
201912 42.999347 301.404719 278.401796 271.891235
202001 43.061094 301.387836 278.539046 272.080617
202002 42.757858 301.469880 278.632270 272.182491
202003 43.031459 301.781745 278.615507 272.103340
202004 45.236378 302.028170 279.002695 272.470371
202005 45.181304 302.070841 278.814862 272.258870
202006 45.358347 301.788674 278.810301 272.287203
202007 44.352619 301.266966 278.757533 272.322819
202008 44.037388 301.138106 278.739558 272.310005
202009 44.258259 301.169946 278.821637 272.391689
202010 43.794544 301.537067 278.606200 272.069915
202011 44.881221 301.761464 278.839979 272.330775
202012 43.911779 301.828351 279.009914 272.556848
202101 44.036736 301.914529 279.097047 272.696303
202102 45.542976 301.997403 279.600201 273.273532
202103 46.523989 302.189350 279.933878 273.596572
202104 46.109987 302.429929 279.841292 273.427504
202105 46.761734 302.388324 279.581483 273.117668
202106 45.708637 301.954460 279.196914 272.732566
202107 44.581535 301.280274 278.822368 272.375615
202108 43.796206 301.015362 278.500824 272.017904
202109 43.135394 301.012264 278.525355 272.021011
202110 42.871625 301.181614 278.402061 271.854168
202111 42.120761 301.294766 278.396161 271.841363
202112 42.608263 301.194796 278.188538 271.645650
202201 41.749489 301.077977 278.013860 271.471209
202202 41.707476 301.152484 278.267780 271.733278
202203 42.019963 301.364465 278.351563 271.781764
202204 42.607608 301.594604 278.264184 271.639379
202205 42.202238 301.582756 278.068921 271.389044
202206 41.635731 301.157886 277.773549 271.113002
202207 40.861182 300.711652 277.732483 271.141023
202208 41.501592 300.489414 277.763185 271.199635
202209 41.490146 300.621296 277.974875 271.408455
202210 41.713437 300.840535 277.995557 271.402219
202211 41.708199 300.985884 277.961549 271.352302
202212 41.682602 300.887766 277.948337 271.397818
202301 41.516388 300.807804 277.825128 271.279106
202302 41.535239 300.912958 278.065260 271.532775
202303 41.776364 301.068088 278.095395 271.507714
202304 41.701565 301.428980 278.105122 271.449358
202305 42.246570 301.364715 277.979348 271.303702
202306 42.039690 301.055571 277.755630 271.102519
202307 40.749324 300.741574 277.679549 271.082542
202308 41.771764 300.626668 277.876519 271.326442
202309 41.644672 300.699378 278.117642 271.573334
202310 42.001324 300.966425 278.134585 271.557925
202311 41.859448 301.208391 278.259564 271.697523
202312 42.868297 301.198953 278.284329 271.748880
202401 42.249155 301.173354 278.273480 271.779195
202402 42.733317 301.333094 278.330655 271.821630
202403 42.794533 301.665630 278.654337 272.142095
202404 43.697713 301.932552 278.698224 272.103687
202405 43.745480 301.925162 278.551586 271.942354
202406 44.024121 301.614283 278.592067 272.035202
202407 43.150434 301.229774 278.360523 271.837307
202408 42.960573 300.987728 278.568107 272.110718
202409 42.024045 301.047175 278.503905 272.010320
202410 42.740381 301.281931 278.635239 272.126766
202411 42.897371 301.419888 278.483354 271.953298
202412 43.872522 301.578096 278.521085 271.983997
