time(yyyymm) ts_cwv ts_sst ts_tlt ts_tmt
198001 37.811030 299.792555 276.239567 269.526570
198002 38.397532 299.764855 276.421981 269.720301
198003 38.100502 299.917337 276.573356 269.839741
198004 37.978062 300.352272 276.326758 269.473536
198005 37.684755 300.255599 276.257736 269.399102
198006 37.837869 299.901979 276.041071 269.208572
198007 37.247582 299.476514 275.938254 269.189972
198008 37.156770 299.287132 276.058862 269.339714
198009 36.709843 299.403499 276.154277 269.425776
198010 37.709322 299.716078 276.237250 269.465636
198011 37.145350 299.896315 276.266933 269.474318
198012 37.020621 299.973514 276.263844 269.521060
198101 37.447620 299.959071 276.242630 269.545738
198102 37.707092 300.114996 276.602837 269.907561
198103 38.624716 300.374090 276.874208 270.159388
198104 39.368649 300.596578 276.899552 270.131488
198105 38.573144 300.589609 276.542596 269.715280
198106 38.594971 300.290086 276.255591 269.431950
198107 38.407801 299.873328 276.407271 269.705669
198108 38.518614 299.696796 276.542438 269.865298
198109 38.754585 299.760842 276.664889 269.980333
198110 38.446881 299.978027 276.764478 270.063023
198111 39.164859 300.267897 276.640257 269.886280
198112 39.667974 300.308034 276.842511 270.185187
198201 39.404759 300.375961 277.108297 270.507591
198202 39.872997 300.537150 277.365304 270.807777
198203 40.006137 300.858589 277.727203 271.168000
198204 40.442546 301.148244 277.755962 271.100881
198205 41.472662 300.986573 277.573597 270.904815
198206 40.715673 300.573842 277.211529 270.530019
198207 39.692111 299.922377 276.758299 270.090894
198208 37.880686 299.601212 276.433720 269.772641
198209 38.900300 299.663029 276.353381 269.626773
198210 39.345809 299.841581 276.598328 269.857184
198211 37.795335 299.985635 276.442068 269.681816
198212 37.407885 299.899688 276.275975 269.542436
198301 37.479324 299.987921 276.158373 269.425275
198302 38.311880 300.056731 276.565561 269.870780
198303 38.833982 300.200968 276.851196 270.126421
198304 39.491182 300.481807 276.885021 270.114035
198305 39.439381 300.413768 276.671115 269.859660
198306 38.030508 300.108877 276.234871 269.425063
198307 38.471525 299.701775 276.274247 269.535909
198308 38.000526 299.451077 276.317548 269.626580
198309 38.209797 299.431058 276.355854 269.650957
198310 37.481930 299.653276 276.238287 269.471316
198311 37.800189 299.879782 276.245772 269.462133
198312 37.650028 299.752484 276.323795 269.626124
198401 37.620031 299.571025 276.084096 269.386216
198402 37.838770 299.680172 276.274216 269.550109
198403 37.715216 299.976752 276.345451 269.573257
198404 37.283994 300.248723 276.411757 269.590099
198405 38.291494 300.209428 276.101171 269.240146
198406 37.119130 299.888919 275.797212 268.940742
198407 37.157636 299.623181 275.858342 269.062149
198408 37.500924 299.559591 276.063312 269.317968
198409 38.703440 299.679322 276.450158 269.742318
198410 37.796426 299.958522 276.481321 269.747152
198411 38.077258 300.128587 276.604535 269.869237
198412 38.226474 300.205045 276.615379 269.905660
198501 39.158801 300.216915 276.616929 269.930978
198502 38.836324 300.308814 276.937122 270.298686
198503 40.201679 300.507423 277.319368 270.669863
198504 40.384657 300.689351 277.169196 270.456251
198505 39.846158 300.693832 276.780562 269.972599
198506 38.877537 300.289831 276.526191 269.757697
198507 38.178636 299.886636 276.324628 269.596228
198508 38.846069 299.798428 276.494134 269.773348
198509 38.707426 299.862788 276.671944 269.987710
198510 38.716692 300.053563 276.732434 270.020872
198511 38.502353 300.235460 276.614779 269.869868
198512 38.803730 300.321321 276.540650 269.804449
198601 39.438782 300.339551 276.870574 270.222913
198602 39.199538 300.419354 277.185686 270.605159
198603 39.327132 300.582392 277.286537 270.636498
198604 40.243258 300.835625 277.266244 270.565468
198605 40.469695 300.637537 277.146586 270.432820
198606 39.212968 300.263828 276.707239 269.956853
198607 37.945617 299.890053 276.324706 269.586191
198608 38.691026 299.678541 276.384385 269.671847
198609 38.917855 299.640298 276.593484 269.913420
198610 37.771899 299.870613 276.538473 269.803196
198611 37.780514 300.024018 276.484317 269.726908
198612 38.088319 300.022346 276.432137 269.714981
198701 38.018341 300.029324 276.417026 269.728257
198702 38.369606 300.231200 276.600638 269.899275
198703 39.450286 300.490215 277.010164 270.291017
198704 39.204553 300.742298 276.983767 270.209925
198705 38.968981 300.665324 276.704676 269.893702
198706 38.433882 300.254872 276.371001 269.583135
198707 38.481656 299.811099 276.453774 269.763663
198708 38.146114 299.610952 276.384818 269.716044
198709 38.044772 299.719431 276.485074 269.792528
198710 37.815504 299.944745 276.580092 269.861074
198711 38.717795 300.127651 276.515633 269.771978
198712 38.796502 300.261737 276.755592 270.065363
198801 38.390801 300.424161 276.739074 270.051529
198802 39.047813 300.591338 277.085553 270.438471
198803 40.385551 300.782460 277.430217 270.806987
198804 40.782209 300.861452 277.497476 270.812179
198805 40.694616 300.893600 277.261923 270.528256
198806 40.218483 300.503284 276.933091 270.197734
198807 39.634602 300.106895 276.569523 269.852579
198808 39.574410 299.841985 276.671723 270.024408
198809 39.198176 299.857275 276.819206 270.146487
198810 38.851158 300.150229 276.894600 270.178046
198811 38.247344 300.342136 276.796319 270.079365
198812 38.518376 300.269604 276.851505 270.156333
198901 38.703542 300.222601 276.668638 269.993866
198902 39.012306 300.280626 276.894182 270.251607
198903 38.985736 300.541119 277.122032 270.424971
198904 39.755371 300.797064 277.087098 270.326981
198905 39.305716 300.746272 276.806355 269.995656
198906 39.356272 300.390230 276.591636 269.820840
198907 38.801797 300.038293 276.632141 269.922098
198908 39.031890 299.852119 276.741894 270.101448
198909 38.920033 299.891599 276.832999 270.174604
198910 39.234809 300.119665 276.861376 270.153331
198911 38.656965 300.259057 276.864162 270.155355
198912 39.133831 300.288097 276.776824 270.097316
199001 39.360960 300.350296 276.808472 270.149596
199002 39.606076 300.451104 277.089747 270.488768
199003 39.885843 300.750947 277.352809 270.714809
199004 41.122767 301.053541 277.507076 270.812923
199005 41.508282 301.035249 277.366024 270.629918
199006 39.752799 300.583844 277.055837 270.350187
199007 39.675364 300.085247 276.926333 270.276718
199008 38.853802 299.777809 276.728841 270.091090
199009 38.591098 299.849018 276.762852 270.073500
199010 38.464109 300.065010 276.919339 270.240862
199011 38.496969 300.309975 276.712464 269.967013
199012 39.838621 300.469941 276.850324 270.143538
199101 39.631067 300.523001 277.046065 270.430277
199102 40.108507 300.651795 277.250424 270.646610
199103 39.898644 300.827136 277.576569 270.968273
199104 41.447013 301.091024 277.603195 270.900990
199105 41.249767 301.036370 277.488187 270.766934
199106 40.495275 300.607299 277.224752 270.534081
199107 39.317692 300.015347 276.830341 270.203031
199108 38.295953 299.705901 276.399606 269.702683
199109 38.505106 299.684957 276.472359 269.754804
199110 37.770959 299.788518 276.396661 269.645436
199111 37.739805 299.860261 276.341888 269.580235
199112 37.549227 299.832161 276.205446 269.438778
199201 37.669013 299.763070 276.028321 269.285118
199202 38.161286 299.920253 276.455647 269.744904
199203 37.625479 300.143488 276.566024 269.803381
199204 37.870728 300.394239 276.465240 269.647242
199205 38.828499 300.364778 276.385724 269.541608
199206 37.841624 299.956867 276.109339 269.300770
199207 37.546325 299.581494 275.962122 269.188135
199208 37.186394 299.425852 276.109156 269.367440
199209 37.631874 299.480027 276.317236 269.591429
199210 37.291786 299.780518 276.330894 269.544422
199211 37.756898 299.902189 276.327047 269.544281
199212 37.531998 299.924704 276.205550 269.443130
199301 37.798212 299.913381 276.239504 269.527088
199302 36.987422 300.038076 276.302064 269.591305
199303 38.384024 300.298140 276.808470 270.105341
199304 39.640758 300.646891 276.837984 270.054371
199305 39.578075 300.702660 276.680400 269.851353
199306 39.111248 300.389835 276.541450 269.758409
199307 38.948322 299.908676 276.604465 269.936060
199308 38.724267 299.689230 276.610281 269.947561
199309 38.567091 299.759572 276.751147 270.088254
199310 37.883199 300.106512 276.652375 269.933719
199311 39.338288 300.307807 276.767845 270.032405
199312 39.207249 300.440154 276.797113 270.100240
199401 39.505137 300.489131 276.962165 270.340901
199402 39.634558 300.696650 277.608130 271.069879
199403 40.152584 300.893167 277.978938 271.438988
199404 41.207972 301.150904 277.912269 271.297965
199405 41.884367 301.158143 277.813864 271.164515
199406 40.726501 300.666761 277.466940 270.831581
199407 38.960891 300.167940 276.738925 270.073250
199408 39.206606 299.920810 276.634110 269.970249
199409 39.274861 299.937519 276.780116 270.101776
199410 38.403316 300.069506 276.733877 270.039142
199411 38.672008 300.183245 276.573920 269.826293
199412 38.709998 300.119093 276.469259 269.722009
199501 38.705295 300.044031 276.345833 269.626231
199502 38.064396 300.089176 276.499016 269.803306
199503 38.791692 300.381638 276.880869 270.163764
199504 39.402787 300.735467 276.770381 269.989382
199505 40.271630 300.665849 276.850729 270.055007
199506 39.138628 300.114737 276.560692 269.792595
199507 37.265219 299.693450 276.148105 269.401480
199508 37.793698 299.472354 276.193495 269.487117
199509 38.246104 299.597290 276.396783 269.685504
199510 37.983846 299.751365 276.566994 269.868085
199511 38.096411 299.840200 276.463396 269.730820
199512 37.053121 299.879892 276.194853 269.455306
199601 37.332233 299.893104 276.116964 269.364946
199602 38.491307 300.052015 276.376209 269.660951
199603 38.451647 300.270334 276.599591 269.861938
199604 39.186502 300.546911 276.613799 269.786294
199605 39.251428 300.448778 276.479374 269.651358
199606 38.254972 300.029377 276.266632 269.494376
199607 37.422360 299.706302 276.126918 269.398358
199608 38.072850 299.572755 276.371804 269.691698
199609 38.566700 299.696437 276.536706 269.845458
199610 38.502188 299.917515 276.563414 269.833218
199611 38.430718 300.105271 276.575233 269.834003
199612 37.984075 300.128637 276.614497 269.922870
199701 38.395635 300.136199 276.607629 269.949952
199702 38.443119 300.239003 276.808254 270.134333
199703 39.846898 300.490465 276.998681 270.300376
199704 40.267817 300.819777 277.124172 270.372004
199705 40.073583 300.829869 276.899189 270.098728
199706 39.555605 300.416842 276.750457 269.988547
199707 39.087669 299.940039 276.555839 269.866140
199708 38.938605 299.701587 276.642209 269.984397
199709 39.164432 299.826622 276.811591 270.160333
199710 38.729755 300.145654 276.811588 270.105021
199711 39.322705 300.300868 276.909348 270.214343
199712 39.081303 300.417783 276.798459 270.113383
199801 39.483788 300.455334 276.941058 270.273880
199802 40.237098 300.509719 277.515249 270.940614
199803 40.181556 300.736226 277.422221 270.781859
199804 40.897482 301.041078 277.375389 270.670460
199805 41.611270 300.893010 277.346876 270.623309
199806 40.158992 300.437539 277.017093 270.315854
199807 39.480892 300.023988 276.629883 269.931079
199808 39.724568 299.771596 276.934597 270.310295
199809 38.831812 299.815498 276.804130 270.146499
199810 38.845620 300.029048 276.868782 270.174751
199811 38.651010 300.206175 276.617433 269.869695
199812 38.844036 300.298254 276.808511 270.116894
199901 39.775285 300.324673 276.920296 270.278861
199902 39.075752 300.455445 276.977127 270.358220
199903 39.407687 300.706331 277.436848 270.793597
199904 40.758625 300.995849 277.408330 270.698257
199905 41.313765 300.959933 277.356384 270.617182
199906 39.096731 300.588609 276.946134 270.230248
199907 39.684614 300.129781 276.861980 270.205538
199908 39.572664 299.896484 277.125169 270.544461
199909 39.732703 299.883556 277.062212 270.453480
199910 39.059251 300.128466 277.013395 270.342814
199911 38.255922 300.417681 276.787832 270.047519
199912 39.628601 300.541010 276.986892 270.295700
200001 39.956424 300.630292 277.263209 270.681970
200002 40.193205 300.769330 277.646299 271.120215
200003 40.561523 301.040737 278.053492 271.512701
200004 41.751018 301.308096 277.982642 271.383351
200005 42.679549 301.250826 277.973178 271.349088
200006 41.823924 300.780318 277.848226 271.271868
200007 40.817986 300.161121 277.215288 270.613460
200008 39.275569 299.853573 276.950124 270.316782
200009 39.357358 299.808042 276.957293 270.314921
200010 38.743418 300.101764 276.773291 270.059938
200011 39.369209 300.207278 276.840333 270.127509
200012 38.697069 300.175297 276.789481 270.124055
200101 38.742340 300.214956 276.559652 269.860864
200102 39.838979 300.230671 276.912542 270.251893
200103 40.107280 300.475643 277.213558 270.531101
200104 39.792443 300.807348 277.095127 270.345657
200105 39.864788 300.664502 276.828943 270.021552
200106 38.588857 300.275012 276.544152 269.758760
200107 38.786883 299.978078 276.457645 269.715743
200108 39.002597 299.793555 276.598793 269.926904
200109 38.636345 299.788337 276.831133 270.182431
200110 38.066235 300.022447 276.774861 270.078225
200111 38.599486 300.219210 276.689901 269.945801
200112 38.165531 300.219011 276.696230 269.985273
200201 39.083827 300.160222 276.538724 269.838725
200202 38.518656 300.240109 276.906975 270.269244
200203 39.361898 300.537716 277.118517 270.440274
200204 40.202916 300.898008 277.207619 270.461737
200205 40.776079 300.838520 277.143895 270.381569
200206 39.952484 300.514125 276.812559 270.058650
200207 39.202884 300.127958 276.628023 269.910378
200208 39.679555 299.883614 276.947222 270.326129
200209 39.685152 299.984044 276.918411 270.266601
200210 39.100112 300.219950 276.968531 270.272380
200211 39.755589 300.452318 277.018303 270.299771
200212 40.000948 300.593176 277.022091 270.339455
200301 40.079659 300.657597 277.279779 270.672213
200302 40.559861 300.833798 277.481347 270.922119
200303 41.259111 300.995233 277.829941 271.253975
200304 41.490383 301.278755 277.800333 271.148739
200305 41.696914 301.224941 277.687533 271.008652
200306 40.831707 300.771148 277.217171 270.545555
200307 40.291229 300.287678 277.177228 270.561709
200308 40.064382 300.009905 277.165997 270.583889
200309 39.745068 300.027875 277.205028 270.598121
200310 39.236347 300.213320 277.089785 270.432086
200311 39.470260 300.418024 277.063756 270.376460
200312 39.666655 300.516636 277.001281 270.314695
200401 39.605753 300.560178 277.065538 270.443372
200402 40.414147 300.709578 277.419099 270.821285
200403 41.810435 300.907340 277.860542 271.287316
200404 41.761591 301.141542 277.795483 271.155611
200405 41.316247 301.190093 277.570952 270.870975
200406 41.043808 300.706128 277.421496 270.780758
200407 39.469893 300.238081 276.970906 270.313999
200408 39.797899 299.966950 276.932816 270.299265
200409 40.049305 299.917027 277.184714 270.576099
200410 39.249385 300.116274 276.985602 270.303086
200411 38.793920 300.212612 276.811761 270.098893
200412 38.208670 300.315890 276.718667 270.008453
200501 39.031194 300.283652 276.777728 270.132911
200502 38.933004 300.458568 277.052161 270.428203
200503 39.666813 300.802950 277.254038 270.561560
200504 40.255160 301.039762 277.243022 270.500189
200505 40.659920 301.031013 277.137778 270.357664
200506 39.846727 300.527080 277.015419 270.295346
200507 38.939008 300.126997 276.836803 270.172767
200508 39.703198 299.942467 276.811691 270.165422
200509 39.888566 299.903051 276.984641 270.341936
200510 38.713963 300.101228 276.909271 270.212975
200511 38.441411 300.280671 276.828352 270.115634
200512 38.978236 300.313306 276.677964 269.972585
200601 39.449305 300.378326 276.719596 270.052918
200602 39.344982 300.462527 277.118228 270.528024
200603 39.822385 300.710883 277.290274 270.623956
200604 40.658137 301.001560 277.384180 270.692327
200605 41.186225 301.024420 277.357035 270.621301
200606 40.800657 300.657929 277.289937 270.632167
200607 40.395186 300.285303 277.052618 270.422934
200608 40.427252 300.026374 277.329329 270.779511
200609 39.669307 300.121908 277.263111 270.660194
200610 39.558900 300.447595 277.167556 270.475283
200611 39.659074 300.673093 277.124734 270.417768
200612 40.543613 300.839634 277.260007 270.604264
200701 41.259804 300.856999 277.684630 271.133952
200702 41.310889 301.137103 277.946409 271.423535
200703 42.022475 301.279269 278.412561 271.907606
200704 42.496186 301.453602 278.245481 271.670501
200705 42.947239 301.335058 277.949904 271.296606
200706 41.701305 300.878184 277.546643 270.886248
200707 40.869609 300.355646 277.328746 270.719457
200708 40.066422 300.085358 277.120213 270.509000
200709 39.711154 300.064820 277.093295 270.456047
200710 39.781463 300.250121 277.139633 270.477633
200711 39.668632 300.380120 276.942501 270.244571
200712 38.729017 300.341709 276.976716 270.323974
200801 39.601389 300.305667 276.871840 270.233272
200802 38.867083 300.461550 276.982144 270.328523
200803 39.887070 300.804315 277.172610 270.472971
200804 40.731130 301.045137 277.462109 270.737478
200805 41.158511 300.942604 277.261803 270.517889
200806 40.303395 300.476544 276.977663 270.275283
200807 39.152822 300.060156 276.683057 270.013612
200808 39.367090 299.847547 276.871329 270.251140
200809 39.085843 299.928849 277.008216 270.369663
200810 38.872002 300.243689 276.972701 270.263968
200811 39.841129 300.429456 277.010786 270.312348
200812 39.052768 300.534569 277.081341 270.422182
200901 39.664655 300.485181 277.112530 270.503386
200902 39.222886 300.639447 277.435226 270.835900
200903 40.469762 300.874990 277.554708 270.917942
200904 40.827424 301.097092 277.602003 270.896819
200905 41.027245 301.076039 277.343198 270.591536
200906 40.391207 300.729460 277.092781 270.362642
200907 39.729941 300.296743 276.897940 270.237123
200908 39.667922 300.024409 277.063086 270.454889
200909 39.625962 300.085098 277.217465 270.602573
200910 39.488059 300.283755 277.232064 270.588031
200911 39.037675 300.475091 277.038019 270.336586
200912 39.604943 300.528315 276.947918 270.255989
201001 39.903250 300.531265 277.248850 270.623095
201002 39.803686 300.643477 277.489065 270.923525
201003 39.722756 301.006164 277.623943 271.023703
201004 41.554862 301.278341 277.834381 271.175372
201005 41.856358 301.248042 277.677299 271.005964
201006 42.035611 300.946870 277.545783 270.868310
201007 41.109569 300.436191 277.351336 270.747793
201008 40.370415 300.055207 277.224680 270.647885
201009 40.799860 299.973320 277.156394 270.569998
201010 39.101653 300.207971 277.070355 270.397163
201011 39.063899 300.282826 276.950645 270.259539
201012 39.436791 300.294333 276.900235 270.242220
201101 39.633082 300.401587 276.948700 270.317460
201102 39.587992 300.561594 277.320323 270.705448
201103 39.892210 300.866077 277.368802 270.702499
201104 41.523533 301.165033 277.487394 270.772387
201105 42.241877 301.103704 277.478453 270.767264
201106 40.900374 300.682599 277.227653 270.546717
201107 39.898647 300.320741 276.950100 270.286318
201108 40.284669 300.007098 277.186988 270.605911
201109 40.284516 300.025788 277.237403 270.640248
201110 39.380763 300.305841 277.166529 270.495916
201111 39.932039 300.465159 277.191230 270.523698
201112 39.459211 300.511571 277.194383 270.538712
201201 40.591466 300.610592 277.223714 270.605658
201202 40.323032 300.836498 277.602228 271.037860
201203 41.244137 301.062500 277.848422 271.281858
201204 41.743543 301.181290 277.877532 271.251753
201205 42.375006 301.106605 277.572502 270.876420
201206 41.373434 300.663467 277.328535 270.668811
201207 41.201742 300.124874 277.288879 270.694785
201208 39.957674 299.885706 277.034873 270.436019
201209 39.438444 299.883886 277.011348 270.367284
201210 38.904870 300.128026 276.893618 270.182578
201211 39.067461 300.310512 276.935652 270.230980
201212 38.112228 300.371332 276.723896 270.032701
201301 40.263197 300.438534 277.045822 270.404795
201302 39.458249 300.519444 277.275816 270.693435
201303 40.009980 300.795803 277.341641 270.653187
201304 41.219757 301.114444 277.536109 270.813743
201305 41.018119 301.090479 277.309997 270.561609
201306 40.215777 300.641073 276.931591 270.214896
201307 39.745715 300.233401 276.873667 270.201780
201308 39.619022 300.011915 277.180895 270.591377
201309 39.598613 299.984465 277.188820 270.582749
201310 39.217372 300.300614 277.127196 270.453933
201311 39.236117 300.465922 277.069015 270.372867
201312 39.958149 300.566790 277.117604 270.437225
201401 40.334275 300.565297 277.272733 270.674196
201402 40.131908 300.697620 277.394209 270.806965
201403 40.492011 300.983713 277.515872 270.858451
201404 41.684036 301.158066 277.719107 271.038306
201405 41.740807 301.136618 277.424985 270.670594
201406 40.437953 300.756673 277.267549 270.571104
201407 39.932196 300.263486 277.072379 270.437112
201408 39.630961 300.089125 277.054973 270.441878
201409 40.180922 300.146786 277.245817 270.643093
201410 39.557169 300.372393 277.223585 270.576604
201411 39.437303 300.580888 277.023625 270.318826
201412 40.439990 300.787120 277.053311 270.362834
201501 41.571375 300.784495 277.563340 271.014755
201502 40.688946 300.927795 277.691747 271.146097
201503 41.635027 301.170914 278.144105 271.581012
201504 41.971059 301.330796 278.061453 271.452548
201505 42.723022 301.269086 277.925493 271.258525
201506 41.422624 300.916433 277.510982 270.847326
201507 40.824458 300.374511 277.399785 270.823625
201508 40.552627 300.209236 277.288566 270.705572
201509 40.604293 300.301516 277.519370 270.952589
201510 40.629657 300.604499 277.486102 270.832106
201511 39.878553 300.924019 277.330417 270.621814
201512 41.280239 300.946815 277.623586 270.997183
201601 41.511739 301.007051 277.795159 271.250242
201602 41.173870 301.125743 278.237889 271.753454
201603 41.960407 301.390480 278.417552 271.918136
201604 43.079200 301.616989 278.361924 271.781825
201605 43.779948 301.490699 278.088094 271.453286
201606 42.765124 301.070437 277.793677 271.158820
201607 41.795012 300.627096 277.437464 270.812039
201608 41.649742 300.415808 277.531948 270.949868
201609 41.324047 300.354048 277.567916 270.984419
201610 40.367230 300.509827 277.444605 270.809538
201611 39.989191 300.754568 277.308157 270.619582
201612 40.252515 300.768494 277.337702 270.688554
201701 40.365224 300.709759 277.233726 270.613911
201702 41.131824 300.783687 277.561152 270.973239
201703 41.917548 300.979691 277.834398 271.255172
201704 41.748484 301.250688 277.734941 271.047112
201705 42.220127 301.127574 277.591670 270.875605
201706 40.590132 300.696291 277.193346 270.489160
201707 39.780809 300.312398 276.994572 270.327344
201708 40.062423 300.098668 277.137880 270.528155
201709 39.637536 300.175238 277.148808 270.519260
201710 39.785383 300.483155 277.317220 270.662673
201711 40.334561 300.694780 277.257089 270.572696
201712 40.369967 300.699193 277.369283 270.747424
201801 41.046806 300.814734 277.534242 270.942973
201802 40.720341 300.989368 277.622746 271.043115
201803 41.550433 301.271682 278.071554 271.475046
201804 42.905038 301.472057 278.023263 271.384726
201805 43.197732 301.386279 278.059974 271.409224
201806 41.576375 300.929237 277.640567 271.003096
201807 40.692101 300.528358 277.377552 270.769611
201808 40.681091 300.295237 277.487995 270.928544
201809 40.577938 300.320505 277.425789 270.819783
201810 39.623377 300.544140 277.531725 270.902821
201811 40.396681 300.781254 277.340314 270.661195
201812 41.083090 300.810507 277.467532 270.855568
201901 40.840064 300.845146 277.590282 271.025895
201902 40.754757 301.052706 277.932234 271.417126
201903 42.084087 301.379425 278.575802 272.074044
201904 43.548389 301.696715 278.595128 272.031978
201905 43.932343 301.704387 278.439191 271.852907
201906 43.492335 301.215744 278.275577 271.725604
201907 41.997282 300.582198 277.612114 271.039360
201908 40.724625 300.387753 277.446604 270.856290
201909 40.478788 300.423534 277.529721 270.930409
201910 41.382137 300.577639 277.608064 270.998758
201911 40.551891 300.685266 277.417406 270.761749
201912 40.237483 300.661652 277.376015 270.728916
202001 40.013230 300.553922 277.091092 270.436467
202002 40.234041 300.503129 277.411573 270.804528
202003 40.758112 300.709137 277.473540 270.817944
202004 40.870504 300.936330 277.376681 270.644624
202005 40.760067 300.911343 277.162569 270.384780
202006 39.934469 300.495387 276.940801 270.211950
202007 39.087766 300.096745 276.698203 270.002062
202008 39.473653 299.961890 276.825708 270.156106
202009 39.439021 300.024649 277.125936 270.496454
202010 39.440739 300.257956 277.182162 270.506151
202011 39.425726 300.513465 277.086133 270.384967
202012 39.121211 300.508998 277.110068 270.443055
202101 39.690596 300.466448 277.021907 270.402136
202102 40.227056 300.546398 277.195346 270.590234
202103 39.988456 300.973860 277.563246 270.890917
202104 41.379986 301.224500 277.630664 270.929965
202105 40.837515 301.147244 277.535697 270.826930
202106 40.718382 300.839040 277.206396 270.509424
202107 40.505090 300.399989 277.234036 270.612103
202108 40.355529 300.218516 277.364648 270.795360
202109 40.410068 300.288841 277.510343 270.930031
202110 40.637369 300.626261 277.469363 270.827788
202111 40.791998 300.799297 277.569770 270.943855
202112 41.250770 300.941550 277.591004 270.982274
202201 41.799499 300.946679 278.079938 271.588156
202202 41.541248 301.133100 278.301331 271.834564
202203 42.934699 301.296780 278.585782 272.103666
202204 43.146658 301.524363 278.338516 271.768188
202205 43.157350 301.464791 278.105408 271.465957
202206 42.227963 301.075537 277.810615 271.190363
202207 41.642684 300.681205 277.486031 270.859681
202208 42.315408 300.478090 277.550259 270.985263
202209 40.636402 300.490193 277.662506 271.086637
202210 41.503969 300.650743 277.657080 271.046326
202211 40.726762 300.800810 277.607172 270.959617
202212 39.824485 300.766119 277.446469 270.816935
202301 40.292495 300.745723 277.324440 270.714669
202302 40.979729 300.742951 277.676666 271.100819
202303 41.880416 300.927302 277.732579 271.117817
202304 41.682887 301.285341 277.827205 271.136666
202305 41.928358 301.199734 277.695218 270.998174
202306 41.149893 300.911472 277.446540 270.756414
202307 41.297215 300.455470 277.124447 270.472450
202308 41.336447 300.246554 277.310008 270.712889
202309 40.712426 300.211416 277.499830 270.933156
202310 40.309073 300.470394 277.453041 270.806488
202311 40.005400 300.728401 277.278398 270.592196
202312 39.848089 300.801792 277.364037 270.733781
202401 40.854060 300.800667 277.422611 270.821938
202402 41.351199 300.929190 277.746296 271.187931
202403 41.943362 301.262048 278.016273 271.406552
202404 42.436381 301.491337 278.070136 271.416113
202405 42.291105 301.432858 277.924899 271.251535
202406 41.356302 301.089184 277.599186 270.938299
202407 41.117413 300.592092 277.674930 271.100428
202408 41.141507 300.366968 277.556450 270.991018
202409 41.808860 300.414909 277.951326 271.430730
202410 41.526664 300.687555 277.720812 271.113741
202411 41.272691 300.934864 277.576698 270.929218
202412 42.162460 301.136743 277.714036 271.113057
