time(yyyymm) ts_cwv ts_sst ts_tlt ts_tmt
198001 40.185330 300.374260 277.173685 270.565782
198002 39.736349 300.484226 277.355656 270.764548
198003 40.244243 300.808388 277.540657 270.893320
198004 41.679065 301.076368 277.685924 270.999350
198005 41.778607 301.010564 277.483577 270.775686
198006 39.754604 300.587887 277.194801 270.522120
198007 39.903343 300.247937 277.112964 270.467812
198008 39.886476 299.990185 277.103212 270.478195
198009 39.506958 300.065251 277.213303 270.581298
198010 38.830155 300.291184 277.271580 270.614431
198011 39.088978 300.518925 277.090541 270.397568
198012 39.428108 300.551171 277.120148 270.472721
198101 40.120980 300.458691 277.227821 270.635214
198102 39.669169 300.534809 277.290253 270.697186
198103 40.170014 300.832329 277.595579 270.969469
198104 40.944213 301.188836 277.516011 270.819550
198105 41.540432 300.994440 277.563182 270.854224
198106 40.687673 300.694912 277.179939 270.464912
198107 39.352023 300.359786 276.998868 270.320947
198108 39.728967 300.193719 277.187212 270.555906
198109 39.574018 300.270556 277.441179 270.830985
198110 39.868853 300.562615 277.564726 270.932398
198111 40.265416 300.705714 277.428751 270.774881
198112 39.825728 300.770326 277.493144 270.868981
198201 40.042950 300.753662 277.509116 270.943182
198202 41.056548 300.867959 277.773461 271.209281
198203 41.415830 301.183187 278.066138 271.491273
198204 42.237531 301.446386 278.241757 271.612669
198205 43.171682 301.321084 278.126768 271.494384
198206 41.135842 300.913885 277.567757 270.905117
198207 40.445004 300.366483 277.459440 270.850254
198208 40.255119 300.051012 277.307239 270.710723
198209 39.403536 300.053388 277.194034 270.566711
198210 39.348092 300.356035 277.254774 270.586976
198211 39.240300 300.498018 277.215529 270.543526
198212 39.194123 300.556098 277.168363 270.512662
198301 40.298294 300.648175 277.201926 270.572932
198302 40.477214 300.822273 277.406514 270.788782
198303 40.620529 301.015982 277.829984 271.244236
198304 41.364314 301.209732 277.816522 271.167621
198305 41.649141 301.147796 277.763848 271.079614
198306 40.024177 300.763451 277.337114 270.668714
198307 40.393978 300.278355 277.202497 270.569806
198308 39.907638 300.038936 277.309164 270.726427
198309 39.840294 300.067601 277.256715 270.648081
198310 39.691023 300.261207 277.204846 270.543667
198311 38.949879 300.453253 277.116319 270.433570
198312 39.691184 300.526167 277.189995 270.555337
198401 40.439642 300.509883 277.230297 270.635296
198402 39.537828 300.593468 277.596504 271.024439
198403 39.900797 300.870026 277.532486 270.922697
198404 39.550903 301.106288 277.365280 270.645487
198405 40.634817 301.037969 277.359415 270.608316
198406 40.501285 300.605798 277.152438 270.443003
198407 39.823644 300.195350 277.114898 270.466444
198408 39.616968 300.040433 277.149182 270.519914
198409 39.090262 300.129726 277.258453 270.650051
198410 39.055196 300.418753 277.237441 270.580800
198411 39.638328 300.684380 277.183487 270.493099
198412 40.072679 300.818927 277.337396 270.687858
198501 40.457488 300.910639 277.575182 271.017489
198502 41.156904 301.043708 277.931455 271.424430
198503 42.138999 301.315971 278.360319 271.822232
198504 42.329889 301.508723 278.271317 271.690680
198505 43.298264 301.398632 278.214250 271.597068
198506 42.333883 301.023817 277.951574 271.353238
198507 41.748924 300.589238 277.732563 271.162428
198508 40.574274 300.309248 277.626166 271.070449
198509 40.855343 300.443913 277.538943 270.925161
198510 41.385324 300.711379 277.686713 271.071263
198511 40.818891 300.820987 277.652475 271.038427
198512 41.850965 300.838238 277.837778 271.272513
198601 41.056713 300.785846 277.689681 271.142662
198602 40.637846 300.722826 277.829693 271.318375
198603 40.186182 300.946769 277.670409 271.080812
198604 42.054304 301.178894 277.947231 271.282881
198605 40.995911 301.185891 277.543690 270.813035
198606 40.970390 300.876111 277.357834 270.651223
198607 39.426392 300.388351 277.135345 270.489033
198608 39.995270 300.171154 277.272666 270.677066
198609 39.818317 300.201140 277.311177 270.719918
198610 39.892603 300.478600 277.291391 270.632243
198611 39.365746 300.635101 277.473931 270.817555
198612 39.720339 300.634259 277.355400 270.737565
198701 40.301992 300.604502 277.375155 270.796443
198702 40.160844 300.723584 277.565814 270.974574
198703 40.608101 300.878752 277.790573 271.179132
198704 41.369536 301.188489 277.690472 271.007260
198705 40.842971 301.134769 277.449221 270.728953
198706 39.917297 300.797384 277.197685 270.480269
198707 39.679038 300.539831 277.068902 270.383054
198708 40.442788 300.246106 277.527346 270.978695
198709 40.565735 300.273282 277.487825 270.893033
198710 40.264272 300.533857 277.614223 271.003451
198711 40.173328 300.763999 277.494947 270.845869
198712 40.673696 300.800773 277.514122 270.918758
198801 40.614062 300.889723 277.573027 271.001056
198802 40.699047 300.986690 277.922032 271.405111
198803 41.737824 301.164428 278.134594 271.614533
198804 41.597478 301.535455 277.954495 271.308095
198805 42.693308 301.405005 278.104616 271.460234
198806 41.402288 301.094531 277.705264 271.064859
198807 41.025200 300.580998 277.743386 271.181424
198808 41.071794 300.326682 277.622484 271.065264
198809 40.652698 300.340140 277.477955 270.886495
198810 40.864010 300.559453 277.461224 270.818636
198811 39.759873 300.809306 277.563688 270.916450
198812 40.471043 300.797631 277.498546 270.896218
198901 40.775764 300.770592 277.609355 271.062104
198902 40.368552 300.845034 277.705065 271.155005
198903 40.786183 301.080444 277.948682 271.367224
198904 41.648324 301.309739 277.948567 271.291130
198905 42.107420 301.249879 277.877460 271.197035
198906 40.983337 300.869393 277.579585 270.926405
198907 41.034782 300.529746 277.249722 270.586280
198908 40.492809 300.237214 277.599835 271.040486
198909 39.766692 300.244634 277.539463 270.958356
198910 39.788017 300.481344 277.431879 270.792185
198911 39.999201 300.630470 277.392877 270.736075
198912 39.555418 300.748189 277.438291 270.806645
199001 40.670600 300.741201 277.478143 270.910941
199002 40.171490 300.861885 277.602060 271.036238
199003 41.588244 301.132673 277.994762 271.402341
199004 42.026233 301.397809 277.994847 271.332593
199005 41.482233 301.327637 277.715064 270.998554
199006 41.067933 300.931218 277.527210 270.843090
199007 41.299544 300.546216 277.433466 270.804385
199008 40.562306 300.338227 277.538632 270.972416
199009 40.224446 300.363709 277.597997 271.030344
199010 40.109491 300.667061 277.603036 270.974372
199011 41.306972 300.927482 277.780778 271.156548
199012 41.003207 301.068572 277.771855 271.186122
199101 41.935041 301.026156 278.025640 271.521637
199102 41.926851 301.118136 278.226395 271.741797
199103 42.038697 301.361291 278.260140 271.724829
199104 43.382634 301.628359 278.335277 271.722648
199105 43.888133 301.599526 278.352605 271.733198
199106 42.797719 301.223135 278.168131 271.573467
199107 41.903172 300.652815 277.759185 271.192925
199108 40.336753 300.399184 277.633894 271.069345
199109 40.205273 300.404845 277.640057 271.048292
199110 39.953585 300.630843 277.595129 270.969850
199111 40.016324 300.687769 277.390649 270.722727
199112 39.919019 300.698256 277.317048 270.673186
199201 39.942552 300.786421 277.314554 270.715430
199202 40.301423 300.895492 277.730893 271.156997
199203 41.473364 301.075673 278.107680 271.536777
199204 41.548466 301.346232 277.990524 271.340773
199205 41.663863 301.154382 277.807588 271.121061
199206 40.648870 300.737365 277.288861 270.581440
199207 39.676091 300.281203 277.209621 270.566429
199208 39.289143 300.005789 277.145680 270.519329
199209 39.253463 300.049481 277.145644 270.490281
199210 38.868479 300.235407 277.140352 270.452874
199211 39.076180 300.425907 277.075665 270.380542
199212 38.969716 300.425353 277.075969 270.414639
199301 38.566397 300.455603 276.894578 270.251994
199302 38.895553 300.519850 277.071940 270.443268
199303 39.654119 300.766033 277.512968 270.869224
199304 40.743926 301.050478 277.372822 270.640250
199305 40.493372 301.018382 277.284821 270.525380
199306 39.893222 300.613034 277.189008 270.476715
199307 39.151627 300.163425 276.959905 270.301199
199308 39.473401 299.972869 277.003095 270.376882
199309 39.065567 300.050917 277.031191 270.397173
199310 38.883223 300.330561 277.002178 270.299133
199311 39.072571 300.555044 277.116942 270.420011
199312 39.191314 300.578642 277.303642 270.676130
199401 39.418455 300.638759 277.205338 270.606997
199402 40.680317 300.790429 277.563831 270.986523
199403 41.308950 301.061101 277.894440 271.319297
199404 42.581870 301.263593 278.091238 271.493172
199405 42.328680 301.240249 277.956649 271.307630
199406 41.849815 300.887990 277.729536 271.109900
199407 40.529597 300.511161 277.458187 270.856025
199408 40.958489 300.209438 277.586603 271.052306
199409 40.394116 300.209889 277.546687 270.971743
199410 39.923901 300.390694 277.410407 270.780024
199411 39.403324 300.512387 277.239156 270.582236
199412 39.468237 300.632878 277.323101 270.683393
199501 39.592543 300.603291 277.315095 270.728286
199502 41.226948 300.694168 277.546551 270.984073
199503 40.349236 301.004737 277.619995 271.008992
199504 41.747250 301.303803 277.884804 271.210391
199505 41.452406 301.204691 277.688019 270.988934
199506 40.628033 300.846850 277.434159 270.728692
199507 40.246502 300.362351 277.318985 270.707328
199508 40.111778 300.123617 277.340635 270.743156
199509 39.707923 300.159032 277.464509 270.883333
199510 40.201509 300.525265 277.539344 270.910834
199511 40.246686 300.805994 277.552825 270.903606
199512 40.820061 300.856596 277.739509 271.151192
199601 41.101167 300.891988 277.715804 271.140002
199602 40.978072 300.979264 278.129831 271.636807
199603 41.809841 301.126212 278.270026 271.736357
199604 42.069438 301.366991 278.156729 271.551674
199605 42.118514 301.346288 277.964085 271.303749
199606 41.518751 300.922564 277.746382 271.127230
199607 40.105902 300.501206 277.380827 270.745791
199608 40.102005 300.230902 277.545633 270.989837
199609 40.332873 300.314384 277.449245 270.851237
199610 40.846624 300.589252 277.632550 271.029503
199611 40.851793 300.644628 277.545845 270.931188
199612 40.051756 300.510164 277.514727 270.922602
199701 38.876496 300.560918 277.281334 270.693906
199702 40.083532 300.708452 277.510326 270.911699
199703 40.401306 300.971479 277.529359 270.891259
199704 41.770901 301.217718 277.763139 271.095199
199705 42.052490 301.127497 277.784828 271.109268
199706 40.596746 300.701328 277.403219 270.727452
199707 39.826723 300.176484 277.146649 270.527778
199708 39.522050 300.028909 277.108435 270.487592
199709 40.180499 300.091623 277.364745 270.756826
199710 39.579911 300.282534 277.340291 270.706092
199711 39.732306 300.399548 277.385597 270.743603
199712 39.305609 300.417534 277.292838 270.657900
199801 39.553978 300.315685 277.058774 270.442216
199802 39.183890 300.367044 277.164569 270.560873
199803 39.879410 300.667586 277.427428 270.760064
199804 40.592549 300.992318 277.419434 270.687193
199805 40.889433 300.931792 277.310347 270.568052
199806 39.889948 300.593976 277.143756 270.438595
199807 40.203749 300.252130 277.047647 270.390496
199808 39.913284 300.133387 277.249194 270.626693
199809 40.931288 300.199813 277.437730 270.842197
199810 39.679208 300.412368 277.412321 270.783232
199811 40.177698 300.522051 277.535124 270.916173
199812 40.179218 300.452435 277.376546 270.764244
199901 39.707339 300.393633 277.307559 270.736091
199902 39.024197 300.575871 277.195464 270.568874
199903 40.206938 300.803274 277.551090 270.899204
199904 41.621120 301.165780 277.751642 271.046303
199905 41.777876 301.112671 277.602232 270.890174
199906 40.943623 300.738910 277.454210 270.791890
199907 40.070621 300.375918 277.309965 270.687607
199908 40.742908 300.151713 277.383642 270.791070
199909 39.989870 300.213943 277.585780 271.014591
199910 39.887381 300.522384 277.565002 270.938322
199911 40.444123 300.594441 277.563785 270.950224
199912 40.013571 300.512783 277.276530 270.653575
200001 39.196897 300.501822 277.178369 270.591821
200002 40.446486 300.745183 277.495749 270.885346
200003 41.268468 301.073150 277.834340 271.225042
200004 42.444779 301.375073 277.973110 271.315661
200005 42.433048 301.403028 277.822649 271.122003
200006 41.500131 301.032935 277.652883 270.992135
200007 41.867413 300.649831 277.583522 270.993642
200008 41.670469 300.497989 277.741659 271.190588
200009 41.339252 300.606310 277.966127 271.418490
200010 41.640256 300.882871 278.050961 271.473113
200011 42.007560 301.057981 277.940955 271.349575
200012 42.345822 301.277507 278.018597 271.452982
200101 43.384862 301.333152 278.607592 272.165829
200102 42.731581 301.513802 278.941632 272.522812
200103 43.435559 301.724277 279.092518 272.658868
200104 44.236299 301.901719 278.962963 272.453322
200105 44.286520 301.836940 278.753371 272.204888
200106 43.293207 301.421003 278.568691 272.041434
200107 43.311459 300.946863 278.276808 271.764523
200108 41.686831 300.654502 278.056117 271.554084
200109 42.170661 300.707450 278.159040 271.626323
200110 41.625665 300.964169 278.017014 271.444462
200111 41.483149 301.182271 278.062296 271.477573
200112 41.394212 301.191543 278.109472 271.557902
200201 40.832208 301.049591 278.004012 271.504473
200202 41.251737 301.150951 278.058707 271.539156
200203 42.494849 301.429143 278.335766 271.777890
200204 43.772932 301.624709 278.554359 271.976076
200205 43.195031 301.486363 278.275598 271.644383
200206 41.727695 301.021545 277.783910 271.135315
200207 41.143496 300.595268 277.621435 271.035326
200208 40.719666 300.355964 277.639677 271.076811
200209 40.774792 300.389844 277.688222 271.110702
200210 40.262029 300.573302 277.580136 270.956922
200211 40.227841 300.838213 277.450089 270.778903
200212 40.565974 300.807115 277.626404 271.021231
200301 40.975201 300.716094 277.462252 270.886980
200302 41.099374 300.767067 277.724539 271.179343
200303 40.924418 301.075462 277.827352 271.199199
200304 42.008840 301.415707 278.039694 271.365289
200305 42.769355 301.362033 277.858464 271.165600
200306 40.683905 301.003907 277.518957 270.833454
200307 41.516045 300.607003 277.615814 271.018200
200308 40.135936 300.448489 277.563937 270.987190
200309 41.341697 300.592066 277.883696 271.343294
200310 41.549004 300.908877 277.924655 271.339916
200311 41.394151 301.175460 278.102299 271.514106
200312 42.011716 301.328435 278.096777 271.528447
200401 41.861732 301.351650 278.140641 271.624064
200402 42.702815 301.437176 278.463492 271.997926
200403 42.683529 301.681417 278.856359 272.399349
200404 44.539998 301.988612 278.921976 272.392116
200405 44.386018 301.994579 278.813995 272.248220
200406 44.260291 301.649987 278.651879 272.095218
200407 43.953485 301.194444 278.578856 272.100353
200408 43.227539 300.909748 278.536775 272.076146
200409 43.305817 300.932390 278.438731 271.949558
200410 42.270212 301.177256 278.314809 271.774474
200411 42.408422 301.334608 278.265638 271.698503
200412 43.090934 301.462357 278.256439 271.714378
200501 43.955149 301.535346 278.723688 272.308651
200502 43.684927 301.701456 279.171053 272.799234
200503 44.331566 301.862176 279.617297 273.253382
200504 43.995650 302.108018 279.233446 272.757952
200505 45.736327 302.026972 279.034907 272.533134
200506 44.262791 301.392231 278.712283 272.221768
200507 42.709377 300.715160 278.166870 271.662845
200508 41.650546 300.379176 277.753003 271.195938
200509 41.268146 300.433846 277.860427 271.298269
200510 41.072931 300.520698 277.670868 271.077002
200511 40.749810 300.575850 277.614912 270.996152
200512 39.942921 300.525920 277.298512 270.657699
200601 39.916253 300.439480 277.289504 270.687163
200602 40.823319 300.520344 277.333246 270.707334
200603 40.468888 300.689091 277.410309 270.757412
200604 40.111137 301.109024 277.474468 270.747013
200605 41.119048 301.027284 277.397177 270.660680
200606 40.099100 300.604063 277.265523 270.568809
200607 39.707763 300.312888 277.112752 270.447403
200608 40.107769 300.212625 277.307439 270.683159
200609 40.449533 300.293465 277.454219 270.839688
200610 40.153954 300.504931 277.448695 270.801079
200611 40.655278 300.660221 277.429428 270.773100
200612 40.485972 300.561881 277.394381 270.779811
200701 40.050428 300.448825 277.221775 270.602812
200702 40.358172 300.516674 277.380975 270.785166
200703 40.582393 300.770931 277.585774 270.944609
200704 40.898678 301.167891 277.408151 270.680306
200705 40.855269 301.034294 277.483745 270.746965
200706 40.072933 300.712735 277.092873 270.379260
200707 40.284598 300.347642 277.270185 270.625446
200708 39.925137 300.217107 277.326343 270.714976
200709 40.875810 300.353849 277.516020 270.906403
200710 41.047024 300.682393 277.597759 270.959428
200711 41.122060 300.873760 277.697744 271.080045
200712 40.878561 300.860305 277.850129 271.305446
200801 41.304811 300.837475 277.882166 271.362485
200802 41.165049 301.029627 278.020096 271.471875
200803 42.647767 301.244328 278.334535 271.805215
200804 42.380077 301.548026 278.318239 271.700532
200805 43.103506 301.433134 278.105901 271.471823
200806 42.069546 301.060299 277.845935 271.227102
200807 41.307210 300.696301 277.688711 271.102532
200808 40.820201 300.429688 277.692045 271.146220
200809 40.689230 300.539182 277.744683 271.183184
200810 41.469059 300.767992 277.792750 271.193180
200811 41.140727 300.965053 277.914991 271.316426
200812 41.712589 300.938090 277.812049 271.241734
200901 42.192434 300.913238 277.938727 271.429309
200902 41.760824 301.106556 278.169074 271.648060
200903 42.233931 301.328358 278.424208 271.888550
200904 42.781062 301.602588 278.429659 271.831119
200905 43.561613 301.511614 278.439714 271.840039
200906 41.721094 301.020301 277.895123 271.275234
200907 41.257920 300.539687 277.549710 270.959387
200908 41.396560 300.219466 277.748792 271.225974
200909 40.339132 300.219728 277.458532 270.882218
200910 39.978657 300.456363 277.560342 270.939469
200911 39.549332 300.603138 277.525474 270.894376
200912 39.981473 300.586348 277.397093 270.789444
201001 39.958270 300.580455 277.305375 270.725540
201002 40.003300 300.725926 277.499051 270.893743
201003 41.560390 301.036107 277.823056 271.194695
201004 42.271221 301.330021 277.853398 271.175241
201005 41.861142 301.278736 277.795248 271.103692
201006 40.869490 300.980706 277.507242 270.838957
201007 41.551314 300.632873 277.784948 271.204948
201008 41.185408 300.371381 277.878502 271.370587
201009 41.157799 300.500413 277.849828 271.287293
201010 40.749101 300.821264 277.838614 271.231188
201011 41.371674 301.037587 277.880590 271.255558
201012 41.727459 301.111160 277.916311 271.345622
201101 43.108476 301.103007 278.250228 271.759275
201102 42.219164 301.155905 278.556394 272.132708
201103 41.502131 301.363895 278.535501 272.038041
201104 42.860550 301.708423 278.439965 271.861431
201105 43.987962 301.709368 278.570840 271.970690
201106 43.309727 301.237487 278.408999 271.867567
201107 41.886324 300.733378 277.995617 271.447678
201108 41.338478 300.502917 277.766993 271.210770
201109 41.375518 300.530230 277.877269 271.339476
201110 41.506073 300.762805 277.880286 271.289122
201111 41.055644 300.873025 277.832612 271.236107
201112 40.385771 300.761966 277.665761 271.078633
201201 39.535676 300.674958 277.560791 271.019802
201202 40.039987 300.861094 277.659700 271.102462
201203 40.661149 301.073029 277.938424 271.333992
201204 41.188018 301.328765 278.001698 271.343320
201205 41.541685 301.371047 277.710830 271.011367
201206 41.108038 301.095594 277.625628 270.964465
201207 40.767503 300.738684 277.655571 271.077685
201208 41.653041 300.537677 277.832482 271.291146
201209 41.422039 300.754300 278.107169 271.563962
201210 42.300923 300.989098 278.064361 271.482677
201211 42.075440 301.211341 277.960118 271.325281
201212 41.567219 301.293324 278.140699 271.580501
201301 41.733292 301.242079 278.326111 271.858784
201302 42.376779 301.334095 278.718071 272.294813
201303 43.083858 301.663512 279.004957 272.548344
201304 43.842980 301.943108 278.871419 272.346054
201305 45.089375 301.948622 278.906561 272.373965
201306 44.099064 301.526976 278.711008 272.203555
201307 43.392419 301.050600 278.641803 272.197596
201308 42.720521 300.745590 278.200198 271.712219
201309 42.342333 300.722465 278.334538 271.841810
201310 41.744358 300.922873 278.240139 271.703599
201311 41.505202 301.171976 278.105584 271.516863
201312 41.453429 301.256067 278.080810 271.520381
201401 41.601060 301.195556 278.082070 271.577550
201402 41.964271 301.240594 278.356589 271.860551
201403 42.274954 301.568884 278.331044 271.783992
201404 43.981856 301.834290 278.617945 272.042750
201405 43.599375 301.858574 278.465593 271.855163
201406 43.167811 301.428557 278.572464 272.042600
201407 42.782317 300.939948 278.259338 271.758810
201408 41.857267 300.780940 278.221144 271.724834
201409 42.361691 300.960633 278.319321 271.805351
201410 43.498723 301.139616 278.441664 271.922835
201411 42.436565 301.335513 278.373515 271.806782
201412 42.891441 301.454072 278.381464 271.852873
201501 43.427012 301.382840 278.586337 272.118974
201502 42.562380 301.388865 278.644173 272.194061
201503 43.207520 301.571772 278.897510 272.420956
201504 43.352683 301.799434 278.614544 272.053490
201505 43.509760 301.728100 278.438549 271.826162
201506 42.814084 301.386484 278.377851 271.797664
201507 42.658440 300.991742 278.041713 271.485919
201508 42.321896 300.724511 278.101173 271.593353
201509 41.404595 300.725628 278.107491 271.586407
201510 41.216261 300.967569 278.054066 271.477429
201511 41.810920 301.145679 278.198075 271.632515
201512 42.134822 301.151950 278.069206 271.503503
201601 41.963237 301.025881 277.969087 271.450142
201602 40.944601 301.186298 278.039320 271.486070
201603 42.604150 301.424286 278.347946 271.780102
201604 42.543420 301.811361 278.210703 271.569692
201605 43.661109 301.747387 278.314599 271.668719
201606 43.015080 301.318694 278.101885 271.486736
201607 42.170269 301.007355 278.009539 271.433569
201608 42.558601 300.812479 278.235517 271.738484
201609 42.633603 300.902826 278.376963 271.867086
201610 42.206303 301.156799 278.376035 271.820404
201611 42.942113 301.336059 278.379187 271.821949
201612 42.983030 301.489701 278.444937 271.925989
201701 42.744122 301.635154 278.652666 272.185679
201702 43.892919 301.693030 279.285229 272.930631
201703 43.988561 301.978860 279.457455 273.058875
201704 45.619920 302.293842 279.596337 273.162398
201705 46.557222 302.299980 279.613717 273.203870
201706 45.607456 301.878978 279.301190 272.874436
201707 43.331295 301.216030 278.758611 272.341900
201708 43.417779 300.832117 278.415367 271.938869
201709 42.382001 300.902342 278.267076 271.738949
201710 42.572765 301.031537 278.303880 271.749273
201711 41.764401 301.082946 278.144353 271.570642
201712 42.160497 301.019759 277.890305 271.306744
201801 41.690766 300.861196 277.928057 271.391512
201802 40.548085 300.888958 277.883379 271.336533
201803 41.986570 301.150651 278.002838 271.395810
201804 42.420983 301.465501 278.060495 271.400186
201805 41.616556 301.406387 277.803123 271.100007
201806 40.813278 300.988498 277.550026 270.892257
201807 40.734496 300.656234 277.489909 270.871089
201808 41.498322 300.445313 277.669507 271.118682
201809 41.565112 300.545850 277.750343 271.175810
201810 41.380654 300.837056 277.686712 271.063666
201811 41.582666 301.045607 277.875843 271.257047
201812 41.447408 301.115387 277.895154 271.302237
201901 42.218130 301.030595 278.018211 271.500945
201902 42.083391 301.084431 278.187582 271.701239
201903 41.504724 301.456186 278.164856 271.601510
201904 43.260293 301.818500 278.302067 271.652906
201905 43.504862 301.743109 278.502240 271.881483
201906 43.460228 301.349440 278.359345 271.787239
201907 42.471660 300.971713 278.133256 271.596884
201908 41.825172 300.718382 278.145465 271.630939
201909 42.136273 300.789856 278.257046 271.724820
201910 41.425018 301.031936 278.154372 271.590014
201911 41.731507 301.242914 278.115271 271.521186
201912 42.428766 301.388098 278.236647 271.698865
202001 43.067751 301.424831 278.452010 271.987879
202002 42.736363 301.558831 278.778080 272.374131
202003 42.974836 301.812627 279.069939 272.607568
202004 43.554320 302.086668 279.088458 272.590878
202005 45.254521 302.068041 278.953802 272.409525
202006 44.792685 301.721423 278.853146 272.339313
202007 43.885662 301.171802 278.706427 272.278796
202008 42.085996 300.865636 278.467045 272.007406
202009 42.844869 300.902603 278.408384 271.902498
202010 42.394420 301.217702 278.298458 271.727540
202011 43.248844 301.350876 278.297780 271.728003
202012 42.759593 301.472542 278.452012 271.930665
202101 43.728539 301.539093 278.705891 272.267177
202102 42.651530 301.621002 278.910679 272.528709
202103 43.934372 301.935792 279.091772 272.621873
202104 44.747409 302.163685 279.184266 272.691187
202105 45.618322 302.032177 279.237029 272.736657
202106 44.363227 301.679204 278.923139 272.430750
202107 44.593324 301.168074 278.694012 272.257981
202108 42.637074 300.852012 278.418455 271.950571
202109 42.529430 300.922645 278.376835 271.879761
202110 42.348931 301.218214 278.410937 271.880853
202111 42.092667 301.363583 278.384149 271.828999
202112 42.953839 301.361645 278.421065 271.899190
202201 42.555063 301.327081 278.303878 271.820251
202202 43.083643 301.412991 278.742251 272.303046
202203 43.543668 301.539745 278.808665 272.331401
202204 43.838691 301.814717 278.833628 272.285142
202205 44.027482 301.712149 278.606272 272.017392
202206 42.335093 301.233166 278.208498 271.632539
202207 42.535383 300.817035 278.036128 271.504889
202208 42.006939 300.609291 278.072855 271.559908
202209 41.355315 300.638227 278.038761 271.494350
202210 41.900240 300.861308 277.990970 271.397900
202211 40.971033 301.002400 277.876415 271.279695
202212 41.952065 301.031904 277.953921 271.377581
202301 40.961050 301.015892 277.957785 271.416737
202302 40.778998 301.170387 277.919867 271.387664
202303 41.973326 301.463788 278.256600 271.674944
202304 42.284852 301.769292 278.310385 271.682970
202305 43.525880 301.736251 278.396553 271.769979
202306 43.418069 301.368803 278.297240 271.738216
202307 43.477297 300.944507 278.217058 271.710366
202308 42.523203 300.692939 278.240110 271.757450
202309 42.581535 300.759712 278.265441 271.768454
202310 42.111489 300.997973 278.205556 271.648704
202311 42.298488 301.248012 278.215825 271.623253
202312 41.962813 301.341863 278.327012 271.780988
202401 42.069787 301.336362 278.415045 271.924471
202402 42.422034 301.475693 278.611738 272.126060
202403 44.470003 301.558321 278.955011 272.487252
202404 44.256814 301.897711 278.745862 272.197445
202405 44.110202 301.751201 278.568817 271.986342
202406 42.946513 301.329038 278.391531 271.826269
202407 42.170073 300.858127 278.038218 271.489897
202408 41.947737 300.602691 278.005993 271.490395
202409 41.519669 300.641396 278.046357 271.500300
202410 41.691758 300.866523 278.148120 271.576408
202411 41.550549 301.008463 278.304887 271.755641
202412 41.873332 301.023055 278.015086 271.462485
