time(yyyymm) ts_cwv ts_sst ts_tlt ts_tmt
198001 40.253683 300.683164 277.401184 270.823188
198002 40.426387 300.763414 277.648941 271.096564
198003 40.724984 301.124025 277.815696 271.198372
198004 41.813291 301.433953 277.954282 271.291409
198005 42.047961 301.355423 277.883607 271.198860
198006 41.336537 300.999386 277.502108 270.812233
198007 40.666108 300.635019 277.462981 270.838926
198008 40.753247 300.391589 277.479452 270.898658
198009 40.813055 300.317060 277.581764 270.993413
198010 40.349626 300.576402 277.591300 270.965943
198011 39.664733 300.734454 277.454772 270.794099
198012 39.865378 300.788935 277.572402 270.963889
198101 40.516798 300.807829 277.460146 270.889478
198102 40.323754 300.930833 277.735818 271.160982
198103 41.044671 301.165511 278.090988 271.529754
198104 41.873227 301.474591 278.178450 271.549186
198105 41.810462 301.374921 277.930324 271.254397
198106 40.711758 301.063848 277.502709 270.810214
198107 40.947793 300.637430 277.507042 270.887565
198108 41.248333 300.429050 277.683373 271.124986
198109 40.715429 300.406083 277.704756 271.146615
198110 40.084559 300.633927 277.662183 271.059129
198111 40.770099 300.929739 277.655370 271.010890
198112 40.449466 300.983956 277.725067 271.112091
198201 41.215501 300.974587 277.750723 271.191428
198202 41.405282 300.974432 278.138970 271.648823
198203 41.249795 301.289328 277.910360 271.316851
198204 42.454376 301.575936 278.123832 271.479504
198205 43.290232 301.510438 278.001609 271.329111
198206 42.110587 301.180268 277.884132 271.246335
198207 42.055303 300.639105 277.874305 271.324320
198208 41.197502 300.372346 277.785211 271.249449
198209 41.547184 300.425647 277.766510 271.200978
198210 40.635785 300.631410 277.718399 271.108555
198211 40.512932 300.746710 277.558042 270.920483
198212 40.749638 300.833394 277.708832 271.114775
198301 40.821764 300.888297 277.657665 271.111966
198302 40.782422 301.025673 277.998562 271.495046
198303 42.385879 301.330500 278.426174 271.928041
198304 43.292285 301.589823 278.663156 272.124206
198305 42.751282 301.626460 278.411974 271.830239
198306 42.959826 301.200482 278.175472 271.604502
198307 41.399065 300.621402 277.827972 271.279615
198308 41.192711 300.306539 277.671227 271.116947
198309 40.395808 300.268749 277.575738 270.993999
198310 39.779905 300.489047 277.556679 270.924114
198311 39.937086 300.600399 277.326838 270.657539
198312 39.285125 300.546736 277.272396 270.653296
198401 39.066188 300.478625 277.143821 270.543276
198402 38.758347 300.496416 277.170913 270.558999
198403 39.938716 300.791548 277.449722 270.769653
198404 40.777077 301.058446 277.454488 270.730566
198405 40.654209 300.982506 277.301521 270.544735
198406 39.402477 300.518650 277.006065 270.283169
198407 38.793253 300.132923 276.820931 270.126904
198408 39.138036 299.914680 276.985802 270.349543
198409 39.014029 299.996810 276.986418 270.340271
198410 38.808412 300.249866 277.106972 270.420367
198411 39.035270 300.412362 277.158873 270.480267
198412 39.856019 300.412459 277.204277 270.575078
198501 39.338814 300.296852 276.970000 270.359656
198502 39.279347 300.360796 277.239154 270.636418
198503 40.004071 300.565077 277.523197 270.881878
198504 40.218277 300.978490 277.159580 270.391562
198505 40.161904 300.898269 277.165166 270.402523
198506 39.537254 300.523800 276.970378 270.264785
198507 39.929322 300.187255 277.035411 270.373340
198508 39.137323 300.033942 277.111733 270.494499
198509 39.893669 300.099830 277.233022 270.594197
198510 39.573872 300.330822 277.228237 270.569200
198511 39.736775 300.519190 277.211835 270.525619
198512 39.566168 300.622918 277.343044 270.700223
198601 39.597968 300.603525 277.321456 270.726407
198602 39.981852 300.701732 277.407351 270.827051
198603 40.132308 300.999541 277.583330 270.967124
198604 40.952907 301.296840 277.707859 271.019014
198605 41.971229 301.135575 277.740269 271.057858
198606 40.679478 300.787531 277.471008 270.804111
198607 39.913929 300.340875 277.323738 270.710264
198608 39.688834 300.145001 277.184768 270.579992
198609 39.619486 300.210453 277.420304 270.808181
198610 39.226992 300.513547 277.350660 270.696909
198611 40.885352 300.683043 277.444069 270.794968
198612 40.321798 300.777591 277.437085 270.828546
198701 41.286648 300.800091 277.595329 271.039721
198702 41.398573 300.913909 278.079994 271.586500
198703 40.969347 301.164627 278.177052 271.644265
198704 41.862271 301.489982 278.068066 271.448421
198705 42.433512 301.463284 277.926458 271.261666
198706 41.592065 301.117240 277.669104 271.006756
198707 41.301434 300.664969 277.817547 271.241737
198708 40.157009 300.461070 277.631928 271.037607
198709 40.811976 300.550778 277.675703 271.080681
198710 41.283994 300.850235 277.880355 271.269456
198711 41.543079 301.001166 277.908698 271.321204
198712 40.735625 301.002064 277.840897 271.267817
198801 41.626191 300.995397 277.801054 271.260230
198802 41.332611 301.092662 278.131707 271.630598
198803 41.502269 301.340286 278.205717 271.642516
198804 43.378102 301.544117 278.344132 271.751838
198805 43.213769 301.558916 278.192745 271.551896
198806 42.259129 301.191082 277.913438 271.279297
198807 42.132597 300.763615 277.891743 271.332173
198808 41.529112 300.565012 277.928442 271.390330
198809 41.888785 300.599143 278.010148 271.473384
198810 41.486886 300.937555 277.901235 271.280763
198811 41.860078 301.133293 277.983623 271.387334
198812 41.067308 301.225597 277.980176 271.420069
198901 41.837839 301.236017 278.453235 272.026918
198902 42.108571 301.497215 278.578610 272.151654
198903 44.178384 301.710711 279.206521 272.807173
198904 44.556119 301.927913 279.306025 272.852496
198905 45.130479 301.907953 279.078201 272.576954
198906 43.890932 301.483579 278.481660 271.927381
198907 43.018694 300.904376 278.214690 271.683060
198908 41.782223 300.505307 277.864906 271.340346
198909 41.710840 300.437602 277.766762 271.204218
198910 40.562079 300.679698 277.651306 271.026848
198911 40.416783 300.726310 277.620810 270.983938
198912 39.693164 300.600178 277.321639 270.692931
199001 39.921661 300.532538 277.293738 270.712037
199002 40.302958 300.579025 277.427981 270.833559
199003 41.044351 300.756816 277.700901 271.089184
199004 40.982019 301.097038 277.439530 270.723952
199005 41.121692 300.953139 277.436009 270.703576
199006 40.011215 300.532840 277.126649 270.400718
199007 39.135440 300.109891 276.808077 270.118314
199008 39.137141 300.037042 276.893758 270.219862
199009 39.684130 300.134830 277.300289 270.665464
199010 39.257085 300.345559 277.254260 270.578176
199011 39.114845 300.496699 277.209567 270.518057
199012 39.590796 300.423601 277.033214 270.362308
199101 39.794756 300.418848 276.947401 270.299582
199102 39.854287 300.432629 277.144358 270.512171
199103 40.663736 300.718733 277.491093 270.817879
199104 40.332132 301.073754 277.419321 270.681245
199105 41.086427 301.019401 277.302856 270.547279
199106 39.905968 300.731252 276.931146 270.171840
199107 39.446717 300.371724 277.109820 270.422883
199108 39.909343 300.225280 277.213095 270.580162
199109 39.523473 300.270050 277.311844 270.671469
199110 39.703499 300.465878 277.241774 270.558178
199111 39.689620 300.603881 277.318839 270.633186
199112 39.498250 300.690261 277.312359 270.649026
199201 39.792796 300.589705 277.327928 270.742370
199202 40.046967 300.687221 277.404977 270.790195
199203 41.035550 300.927016 277.623577 271.004408
199204 40.427894 301.216274 277.674289 270.996025
199205 41.678364 301.200322 277.596283 270.885117
199206 41.028010 300.882691 277.494989 270.806165
199207 40.730317 300.418539 277.412628 270.785059
199208 40.212899 300.174030 277.366383 270.759368
199209 39.422158 300.225985 277.267687 270.619335
199210 39.836526 300.544517 277.259101 270.566006
199211 40.343368 300.654629 277.358443 270.700375
199212 39.328605 300.726530 277.354141 270.715482
199301 39.847207 300.751768 277.465328 270.875617
199302 40.114853 300.830046 277.717259 271.188705
199303 41.458789 301.099720 277.921641 271.346626
199304 42.094364 301.436990 278.122491 271.483191
199305 42.605787 301.363242 278.187356 271.587854
199306 41.417558 301.033937 277.826522 271.204806
199307 40.963428 300.658115 277.612309 270.994806
199308 40.990747 300.479211 277.709902 271.139190
199309 40.636727 300.499320 277.704957 271.121552
199310 40.993263 300.636769 277.741004 271.140860
199311 40.349324 300.886642 277.670631 271.029895
199312 40.471981 300.868252 277.661903 271.072552
199401 40.958960 300.825440 277.751357 271.226215
199402 40.486231 300.941013 277.837396 271.298672
199403 41.975149 301.122891 278.088305 271.514630
199404 41.951332 301.305975 277.889300 271.254272
199405 41.534870 301.190006 277.670607 270.972451
199406 40.633622 300.728587 277.566794 270.927752
199407 39.516568 300.329524 277.179627 270.536891
199408 40.052806 300.111586 277.234159 270.631225
199409 39.822874 300.161299 277.443772 270.854766
199410 39.668893 300.301451 277.448107 270.832615
199411 39.421555 300.444424 277.296298 270.645580
199412 40.160255 300.435275 277.321512 270.702279
199501 39.826299 300.406327 277.117000 270.500970
199502 39.653561 300.482399 277.282543 270.673045
199503 40.371087 300.751247 277.522003 270.871008
199504 40.236143 301.046031 277.427464 270.677221
199505 40.179851 300.996165 277.246479 270.490204
199506 40.452750 300.634808 277.125486 270.397012
199507 40.351884 300.198114 277.072547 270.418145
199508 40.517543 300.013530 277.165772 270.548756
199509 39.788428 300.063284 277.164555 270.537827
199510 39.916405 300.270376 277.296143 270.648970
199511 39.494520 300.431677 277.218494 270.564754
199512 39.353104 300.415944 277.043030 270.390333
199601 39.163941 300.479412 276.832455 270.196059
199602 39.601469 300.652422 277.300198 270.707927
199603 40.988266 300.922056 277.788175 271.164164
199604 41.188524 301.223560 277.749558 271.066535
199605 41.046010 301.178821 277.538147 270.833431
199606 40.802151 300.842470 277.369852 270.687148
199607 41.239136 300.551454 277.529688 270.925256
199608 40.815142 300.423675 277.754393 271.206626
199609 41.198156 300.536167 277.860229 271.326609
199610 41.027522 300.858306 277.896330 271.291313
199611 41.766515 301.040316 277.943603 271.353376
199612 41.522575 301.136066 278.038614 271.485633
199701 41.495580 301.207036 278.026121 271.492265
199702 42.577010 301.169238 278.455816 271.995974
199703 42.099083 301.418724 278.412286 271.900596
199704 42.772605 301.708298 278.352705 271.716804
199705 43.021821 301.661626 278.281191 271.641926
199706 42.722822 301.258624 278.135132 271.524183
199707 41.037655 300.783952 277.796623 271.236333
199708 41.385299 300.554272 277.901113 271.353184
199709 40.781892 300.601738 277.994890 271.461590
199710 41.179037 300.936235 278.093636 271.514939
199711 41.390290 301.117049 277.988832 271.395698
199712 41.536693 301.221990 277.943757 271.356160
199801 42.454274 301.297102 278.145760 271.667657
199802 42.545632 301.494021 278.609393 272.134215
199803 43.468173 301.617112 279.021177 272.603125
199804 44.034719 301.849251 278.676797 272.117235
199805 44.222345 301.696900 278.664642 272.089676
199806 43.225790 301.263279 278.247295 271.667030
199807 42.216138 300.801524 277.996407 271.455626
199808 41.653225 300.571311 277.991219 271.473554
199809 41.602050 300.674601 278.009857 271.468571
199810 40.840667 300.914057 278.000361 271.420380
199811 41.874664 301.016964 277.986452 271.389502
199812 41.420725 301.055661 278.044312 271.497388
199901 41.240172 301.045627 278.018279 271.498648
199902 41.829451 301.159670 278.136960 271.627307
199903 42.617007 301.422811 278.328762 271.782573
199904 43.841393 301.650701 278.472380 271.879890
199905 42.902074 301.648961 278.219958 271.573304
199906 42.226707 301.218306 278.095353 271.493395
199907 41.455899 300.820516 277.841801 271.275403
199908 41.825708 300.583785 277.985869 271.459247
199909 41.576816 300.629574 278.048031 271.513175
199910 40.945549 300.873859 278.039720 271.474122
199911 40.880791 301.033326 277.947275 271.356404
199912 41.745013 301.067912 277.957226 271.397936
200001 41.937449 301.087089 277.747307 271.192876
200002 42.826222 301.256044 278.296346 271.787111
200003 42.978596 301.480009 278.642394 272.135407
200004 43.388681 301.870729 278.491646 271.866275
200005 43.998179 301.802253 278.482521 271.863828
200006 43.258412 301.324940 278.234032 271.655355
200007 41.861969 300.859352 278.049643 271.516277
200008 41.368131 300.580043 278.061531 271.561996
200009 42.299813 300.651805 278.069541 271.518313
200010 41.863952 300.886759 278.169525 271.614595
200011 41.561062 301.110557 278.011578 271.416557
200012 42.052132 301.183130 278.154554 271.615767
200101 41.144224 301.200344 278.220765 271.743639
200102 42.091283 301.448943 278.447880 271.967190
200103 43.353902 301.749852 278.683139 272.201663
200104 44.468987 301.999261 278.943836 272.431517
200105 44.667220 301.963953 278.743634 272.194309
200106 44.675547 301.708342 278.651415 272.124932
200107 43.667964 301.140269 278.635519 272.186540
200108 42.958237 300.983686 278.347154 271.837486
200109 43.386734 300.944290 278.564348 272.090953
200110 42.929319 301.155580 278.607748 272.105149
200111 42.258146 301.307530 278.346260 271.800339
200112 42.860401 301.423767 278.304391 271.754774
200201 43.005413 301.394883 278.605206 272.176508
200202 43.333202 301.533363 278.745454 272.328813
200203 43.679719 301.641549 279.095523 272.665054
200204 43.689680 301.831271 278.919254 272.423322
200205 44.741236 301.827293 278.639314 272.042571
200206 42.434092 301.398192 278.174989 271.560831
200207 43.046221 300.801290 278.060975 271.523095
200208 42.014954 300.558926 277.941556 271.400094
200209 41.968567 300.683330 278.057503 271.495113
200210 41.648579 300.882459 278.077291 271.504894
200211 42.104227 301.032222 277.932086 271.333054
200212 41.109612 300.985118 277.851391 271.286369
200301 40.862800 300.875735 277.647462 271.084232
200302 40.044928 300.977723 277.687051 271.105065
200303 41.678584 301.305630 278.090366 271.470651
200304 42.583777 301.661755 278.155032 271.501443
200305 43.447699 301.597280 278.091472 271.419919
200306 42.165290 301.256967 277.843868 271.186539
200307 41.861081 300.771388 277.860531 271.294796
200308 41.576727 300.536953 277.872198 271.336585
200309 41.165839 300.586882 278.062265 271.550989
200310 41.631679 300.800807 277.975825 271.405055
200311 41.050474 301.027437 277.875877 271.270221
200312 41.944556 301.057740 277.977457 271.416225
200401 42.084794 301.113747 277.751853 271.229928
200402 41.623333 301.199667 278.083424 271.551138
200403 42.532492 301.389023 278.486888 271.949558
200404 43.069807 301.708256 278.478027 271.870147
200405 43.934428 301.706922 278.364421 271.738053
200406 42.695606 301.296943 278.108455 271.510600
200407 42.864989 300.808202 278.204715 271.707766
200408 42.099223 300.515898 278.166514 271.672454
200409 41.296216 300.576353 277.999035 271.452217
200410 41.493471 300.794140 277.929485 271.338880
200411 41.526361 301.035129 277.915744 271.309951
200412 41.208140 301.123529 278.007085 271.437247
200501 41.251270 301.089357 277.892655 271.361283
200502 41.514131 301.094960 277.997495 271.501157
200503 41.857415 301.361283 278.344731 271.795193
200504 43.402432 301.602158 278.348602 271.729981
200505 42.817964 301.548699 278.158833 271.514085
200506 42.331443 301.240440 278.006628 271.412206
200507 41.648147 300.945667 277.914110 271.336305
200508 41.845448 300.768251 278.098173 271.588913
200509 41.906900 300.726556 278.315433 271.828179
200510 41.768021 300.938996 278.046560 271.473725
200511 41.955216 301.158512 278.137126 271.548528
200512 41.483781 301.277012 278.058589 271.485213
200601 43.187839 301.296807 278.402183 271.918746
200602 41.707565 301.405777 278.601729 272.175109
200603 42.190280 301.551617 278.730990 272.270869
200604 43.263903 301.846731 278.615264 272.027316
200605 43.941113 301.711384 278.579749 271.989240
200606 42.072113 301.301066 278.273472 271.696613
200607 41.781915 300.843029 278.097146 271.579643
200608 41.362505 300.628522 277.892984 271.356435
200609 42.025981 300.698399 278.075747 271.526936
200610 41.920436 300.934171 278.032492 271.442731
200611 42.135750 301.127744 278.143244 271.577102
200612 41.717588 301.172613 278.099719 271.567659
200701 41.523861 301.233461 278.141731 271.627263
200702 41.976953 301.323115 278.458834 271.972977
200703 42.311484 301.575559 278.569536 272.045851
200704 43.354246 301.802614 278.418417 271.824046
200705 43.806793 301.832897 278.546945 271.935852
200706 43.981711 301.315345 278.483913 271.949779
200707 41.854665 300.818839 278.033235 271.495097
200708 41.565434 300.564568 278.030079 271.520831
200709 41.914744 300.566324 278.008156 271.466548
200710 40.452585 300.830297 277.965979 271.375772
200711 40.567235 300.991535 277.868411 271.264860
200712 40.527881 301.010693 277.745024 271.144432
200801 41.030971 300.953421 277.768845 271.213764
200802 41.291891 301.063058 277.882931 271.357727
200803 41.298999 301.454954 278.270057 271.702304
200804 43.701438 301.777973 278.362774 271.718957
200805 44.036895 301.635034 278.430430 271.813978
200806 42.364078 301.277914 278.144504 271.541501
200807 42.005965 300.876509 278.182933 271.666510
200808 42.693365 300.629065 278.212006 271.725226
200809 42.395440 300.698933 278.212681 271.695647
200810 41.817974 300.952122 278.144455 271.567320
200811 41.129733 301.150320 277.964597 271.362498
200812 42.196863 301.230015 278.206413 271.668551
200901 42.089567 301.217940 278.236250 271.727321
200902 42.369760 301.268570 278.575309 272.099318
200903 43.305732 301.491148 278.579317 272.054570
200904 44.080542 301.773073 278.477947 271.889752
200905 44.359759 301.689994 278.581624 271.986394
200906 43.066826 301.239438 278.365689 271.806485
200907 42.149801 300.831729 278.131626 271.609290
200908 42.189172 300.573301 278.090958 271.583821
200909 41.889315 300.504849 277.961826 271.429171
200910 40.938343 300.734739 277.953889 271.375292
200911 41.108822 300.936123 277.832265 271.224548
200912 40.804670 300.991747 277.785502 271.194445
201001 41.618839 300.959651 277.859250 271.320260
201002 41.848172 301.079023 278.088192 271.552385
201003 42.394371 301.337680 278.304573 271.747693
201004 43.022782 301.652916 278.241956 271.621997
201005 42.675338 301.527267 278.209203 271.568639
201006 41.871476 301.149674 277.975867 271.380750
201007 41.890109 300.764014 277.853345 271.295827
201008 41.635507 300.586925 277.987459 271.454805
201009 42.198053 300.590759 278.084571 271.556232
201010 41.797806 300.895928 277.983700 271.388248
201011 41.242427 301.107028 278.107584 271.517010
201012 41.213499 301.089534 278.099913 271.561312
201101 41.520511 301.086101 278.027839 271.502452
201102 41.543115 301.270560 278.033080 271.471298
201103 42.853611 301.560449 278.423193 271.847474
201104 43.289028 301.953272 278.547810 271.938628
201105 44.904164 301.888913 278.545843 271.917352
201106 43.610578 301.513266 278.416756 271.836049
201107 43.099899 301.092682 278.438000 271.930610
201108 42.715549 300.776254 278.289890 271.823338
201109 42.121039 300.826843 278.287980 271.791095
201110 41.924236 301.207611 278.197821 271.620416
201111 42.511092 301.492695 278.216412 271.625536
201112 43.254657 301.520745 278.468094 271.958659
201201 44.025573 301.606569 278.774997 272.367183
201202 42.706007 301.847896 278.966552 272.537340
201203 44.456601 302.004321 279.465716 273.082963
201204 45.501703 302.325661 279.372476 272.912571
201205 46.301538 302.345420 279.431512 272.966135
201206 46.048272 301.914038 279.187199 272.736001
201207 44.432567 301.468744 278.935045 272.506968
201208 43.841493 301.265414 278.628676 272.159633
201209 44.988785 301.382417 278.911096 272.436541
201210 43.841607 301.687447 278.953998 272.469501
201211 44.333245 301.855866 278.912671 272.403684
201212 44.981601 301.879487 278.982323 272.518830
201301 44.578691 301.880457 278.978098 272.549960
201302 43.637951 302.034748 279.282399 272.876130
201303 45.264369 302.169550 279.517647 273.114479
201304 44.222944 302.309495 279.309861 272.833889
201305 44.958825 302.071428 279.061489 272.529347
201306 43.833733 301.708416 278.578847 271.996081
201307 43.835829 301.198592 278.405786 271.890985
201308 42.738148 300.911617 278.322066 271.834145
201309 42.818198 300.982675 278.478410 271.972801
201310 42.348023 301.160702 278.377760 271.850133
201311 42.464447 301.211275 278.285756 271.733865
201312 41.964611 301.198951 278.155900 271.615010
201401 42.236973 301.220401 278.096057 271.570311
201402 41.553856 301.224595 278.292637 271.822070
201403 42.382610 301.600542 278.347489 271.780794
201404 43.342359 301.966587 278.571263 271.950024
201405 43.319662 301.881733 278.298458 271.623348
201406 43.120267 301.468921 278.232626 271.621723
201407 42.303057 301.055820 278.131187 271.578309
201408 42.443903 300.867956 278.241820 271.724948
201409 42.720896 300.933497 278.308519 271.793747
201410 42.897756 301.276253 278.362831 271.793164
201411 42.771950 301.468309 278.505375 271.960598
201412 42.664335 301.502744 278.428810 271.905841
201501 43.147220 301.528244 278.541026 272.061916
201502 42.833831 301.650631 278.531861 272.044398
201503 43.911414 301.958511 278.899734 272.405732
201504 44.796737 302.175724 279.007300 272.469290
201505 45.955826 302.150187 279.080110 272.544863
201506 44.983607 301.772235 278.994842 272.500376
201507 43.772768 301.383350 278.642287 272.156689
201508 43.781390 301.145655 278.725445 272.265703
201509 42.896220 301.159710 278.723320 272.240627
201510 42.727451 301.384126 278.516645 271.972231
201511 44.005428 301.484641 278.521742 271.984205
201512 43.745107 301.644667 278.571003 272.049189
201601 44.052577 301.609379 278.968698 272.579927
201602 44.395507 301.804976 279.302109 272.940832
201603 44.757676 302.133976 279.727041 273.363054
201604 46.409836 302.477029 279.564763 273.136343
201605 46.838282 302.481414 279.790634 273.379774
201606 46.010984 302.059663 279.632178 273.269297
201607 44.187538 301.537877 279.059904 272.648409
201608 44.699042 301.247387 278.888530 272.464236
201609 44.164400 301.320069 278.910824 272.460894
201610 44.188713 301.535981 278.817211 272.311978
201611 44.169831 301.728353 278.714838 272.160739
201612 43.745879 301.729898 278.859686 272.376704
201701 43.813366 301.688899 278.787763 272.365468
201702 44.147599 301.688999 278.998306 272.598387
201703 44.683182 301.937938 279.151236 272.688302
201704 44.922408 302.157215 279.087809 272.545024
201705 44.852688 301.994415 278.900307 272.330676
201706 43.496138 301.455540 278.594555 272.048630
201707 42.842288 300.885972 278.203486 271.678721
201708 42.632315 300.617589 278.219292 271.727131
201709 41.618372 300.646727 278.179926 271.666128
201710 41.574635 300.862394 278.075357 271.506399
201711 41.527949 300.951499 278.005427 271.423528
201712 41.060479 300.907892 277.787490 271.209907
201801 40.896381 300.889247 277.800436 271.219782
201802 40.663263 300.979624 277.744662 271.160314
201803 42.399252 301.292675 277.985287 271.365682
201804 42.158464 301.637201 278.244738 271.584350
201805 42.919463 301.449417 278.046046 271.378663
201806 42.250508 301.063073 277.909940 271.278719
201807 41.014081 300.793328 277.554928 270.933492
201808 42.063238 300.682440 277.909862 271.372176
201809 42.394175 300.683810 278.096838 271.572449
201810 41.853231 300.919193 278.120239 271.544887
201811 41.583248 300.988904 278.185567 271.624430
201812 41.042525 301.026792 277.991236 271.421349
201901 41.726141 300.952527 277.856196 271.340016
201902 42.135448 301.062284 278.217690 271.708995
201903 41.829786 301.370367 278.382961 271.815807
201904 42.460129 301.658869 278.233432 271.597621
201905 42.795634 301.638110 278.191966 271.532346
201906 42.883991 301.264483 278.050192 271.413736
201907 41.385348 300.952517 277.870074 271.271230
201908 42.182803 300.828164 278.082041 271.552143
201909 42.140195 300.881496 278.293593 271.778961
201910 42.427673 301.132991 278.292529 271.740461
201911 42.597917 301.388939 278.316711 271.754769
201912 43.484719 301.444394 278.576459 272.077568
202001 43.406678 301.392644 278.502499 272.034773
202002 43.125985 301.492457 278.681126 272.244665
202003 43.004047 301.806226 278.881766 272.381178
202004 44.409349 302.044943 278.935730 272.376170
202005 45.265127 302.020090 279.001664 272.458673
202006 44.754429 301.684397 278.790592 272.268976
202007 43.560538 301.135338 278.455878 271.973034
202008 43.874357 300.844854 278.634727 272.192919
202009 43.218715 300.894268 278.581971 272.112041
202010 42.189560 301.097382 278.407607 271.866678
202011 42.471298 301.243547 278.281916 271.717917
202012 42.886001 301.336565 278.323566 271.797877
202101 42.126578 301.428211 278.343863 271.874081
202102 42.844064 301.590576 278.553013 272.101575
202103 44.255638 301.929753 279.022771 272.556188
202104 44.905160 302.199414 279.374883 272.912847
202105 44.917232 302.238825 279.234326 272.734526
202106 45.519505 301.862589 279.222613 272.797291
202107 44.238545 301.439410 278.685946 272.235695
202108 45.109439 301.135862 279.037438 272.662240
202109 43.982279 301.220310 278.857853 272.390231
202110 44.270693 301.450176 278.790115 272.280115
202111 43.801958 301.731219 278.732671 272.180636
202112 44.054807 301.808695 278.863404 272.373649
202201 43.585215 301.750734 278.923258 272.498570
202202 44.189600 301.800969 279.054156 272.622719
202203 44.563561 301.832522 279.304017 272.857984
202204 44.281366 302.139873 278.920943 272.358382
202205 44.501114 302.133672 278.888473 272.295520
202206 43.989797 301.716617 278.485847 271.906587
202207 43.311177 301.263948 278.373812 271.817428
202208 42.183859 301.020231 278.337221 271.835694
202209 42.936070 301.077814 278.377056 271.865761
202210 43.302453 301.305168 278.475710 271.930340
202211 43.064569 301.486141 278.448471 271.893196
202212 43.254336 301.479991 278.548561 272.037550
202301 43.564798 301.424484 278.566905 272.085505
202302 42.617194 301.452404 278.423197 271.946197
202303 43.463375 301.762751 278.768792 272.246954
202304 44.382651 301.971571 278.865899 272.317068
202305 44.579771 301.875428 278.697904 272.082662
202306 43.026243 301.491098 278.276089 271.670494
202307 42.378572 301.089926 278.207706 271.654525
202308 43.226776 300.918691 278.401491 271.907749
202309 42.978252 300.986262 278.595179 272.134507
202310 43.084204 301.390378 278.510392 271.961869
202311 43.670446 301.610684 278.712435 272.166214
202312 44.214198 301.747841 278.752549 272.246683
202401 44.898563 301.777026 279.019757 272.589854
202402 44.008695 301.877092 279.125546 272.727990
202403 44.610274 302.066138 279.377800 272.982519
202404 46.466233 302.386925 279.506883 273.039105
202405 46.926730 302.363479 279.405679 272.902829
202406 45.696927 301.975384 279.191763 272.727507
202407 45.042548 301.410415 278.956479 272.526274
202408 44.482802 301.135944 278.821276 272.390748
202409 44.333803 301.132265 278.805052 272.346481
202410 43.376213 301.360267 278.718862 272.202854
202411 43.725895 301.609359 278.506828 271.938901
202412 44.612075 301.748336 278.853255 272.373284
