time(yyyymm) ts_cwv ts_sst ts_tlt ts_tmt
198001 36.983115 299.865389 276.510621 269.705482
198002 37.439100 300.045931 276.588887 269.757346
198003 38.766579 300.352884 277.011363 270.166776
198004 38.962688 300.557986 277.389687 270.539789
198005 38.516896 300.437520 277.016094 270.137928
198006 38.728646 299.963601 276.633815 269.808392
198007 38.188888 299.596120 276.555861 269.770082
198008 38.252020 299.411466 276.496972 269.733048
198009 38.277013 299.473802 276.670662 269.888840
198010 37.398601 299.773272 276.822178 270.000314
198011 36.945323 299.897773 276.701833 269.872710
198012 37.036852 299.820358 276.628041 269.824304
198101 37.125707 299.900743 276.572103 269.803406
198102 37.586901 300.200027 276.733901 269.900552
198103 38.133486 300.568923 277.088671 270.252168
198104 40.188028 300.846615 277.370997 270.509608
198105 41.128374 300.922828 277.641008 270.793822
198106 39.990859 300.530225 277.453874 270.697301
198107 40.028469 300.063722 277.438655 270.769747
198108 39.394479 299.813132 277.268219 270.583668
198109 39.026323 300.028205 277.177253 270.422264
198110 39.676203 300.391194 277.353065 270.568673
198111 39.720109 300.668203 277.424175 270.626831
198112 40.082790 300.597465 277.783994 271.080788
198201 39.712244 300.672216 277.796322 271.130608
198202 39.393367 300.994176 278.375966 271.741834
198203 40.853001 301.222396 278.375558 271.719727
198204 42.549524 301.324618 278.493984 271.792800
198205 42.921339 301.172774 278.357808 271.641844
198206 40.298703 300.757545 277.779118 271.031713
198207 40.554096 300.145774 277.508974 270.828492
198208 39.156092 299.740709 277.260624 270.571059
198209 38.792844 299.840970 277.139612 270.384930
198210 38.176214 300.007558 277.071652 270.290283
198211 37.416158 300.090959 277.029766 270.195927
198212 37.363230 300.114978 276.913906 270.097773
198301 38.409867 300.098717 276.971256 270.213169
198302 38.105309 300.222129 277.011034 270.250896
198303 38.711446 300.558320 277.242574 270.434305
198304 40.133622 300.578198 277.374818 270.538423
198305 39.343424 300.592108 277.037849 270.149206
198306 37.965647 300.148876 276.837522 270.017997
198307 38.014474 299.646273 276.708932 269.972671
198308 37.742773 299.497600 276.649240 269.898498
198309 37.819801 299.632523 276.743840 269.952918
198310 37.429465 299.855654 276.812715 269.996630
198311 37.670172 299.925524 276.848154 270.020878
198312 36.797480 299.884896 276.750703 269.945887
198401 37.152586 299.900832 276.451714 269.646286
198402 38.261752 299.997141 276.873794 270.087970
198403 38.326834 300.276327 277.096254 270.300998
198404 39.247885 300.552585 277.230778 270.364189
198405 39.613070 300.483430 277.190789 270.346596
198406 38.810699 300.060786 277.113274 270.344912
198407 37.538662 299.592100 276.855883 270.154349
198408 38.098429 299.364907 276.755465 270.045658
198409 38.026082 299.428260 276.690270 269.917444
198410 37.225189 299.592631 276.601600 269.784169
198411 37.066972 299.755938 276.632353 269.789716
198412 36.762911 299.708451 276.541102 269.744397
198501 36.491455 299.678484 276.500597 269.743087
198502 37.111225 299.817602 276.591468 269.825277
198503 37.717788 300.315309 276.818536 269.946236
198504 39.417185 300.559718 277.082996 270.191534
198505 39.578978 300.567912 277.043825 270.163351
198506 39.019826 300.257844 277.015825 270.200567
198507 38.603378 299.899987 276.928347 270.177023
198508 38.912835 299.690188 276.902968 270.178230
198509 38.813007 299.706515 276.979750 270.219043
198510 38.496095 299.993421 277.110206 270.324098
198511 37.028000 300.049842 277.018235 270.218645
198512 37.478416 299.936165 276.834883 270.067059
198601 37.652012 299.942435 276.761178 270.006983
198602 38.096322 300.186108 276.927037 270.137665
198603 38.571367 300.547363 277.167788 270.327480
198604 39.902453 300.807963 277.524361 270.708411
198605 40.336529 300.861596 277.458952 270.613508
198606 39.334362 300.347221 277.325364 270.560269
198607 39.051407 299.850879 277.081261 270.373913
198608 39.080667 299.568497 277.089124 270.405074
198609 38.365312 299.719072 277.068406 270.325041
198610 37.954482 299.996105 277.023901 270.222787
198611 37.735107 300.094169 277.079480 270.276850
198612 38.453028 300.067263 277.181004 270.438055
198701 37.811647 300.091649 276.932800 270.192008
198702 38.370522 300.186303 276.995556 270.233574
198703 38.878323 300.553048 277.243438 270.413860
198704 39.314734 300.848862 277.417312 270.557336
198705 39.778047 300.753592 277.541481 270.729645
198706 39.228874 300.316392 277.218596 270.447170
198707 38.269539 299.899167 277.094739 270.378485
198708 38.916720 299.635528 277.022668 270.300141
198709 38.780712 299.735602 277.050798 270.294782
198710 37.388489 299.849902 276.952355 270.173595
198711 37.877176 299.931702 276.950841 270.139825
198712 37.489398 299.844656 276.650826 269.858035
198801 37.398430 299.906075 276.399918 269.561258
198802 37.466770 300.082767 276.642836 269.821723
198803 38.328142 300.357626 277.015233 270.181153
198804 39.898979 300.750784 277.303039 270.411694
198805 40.224587 300.761182 277.186786 270.298480
198806 39.315358 300.219853 277.284105 270.511777
198807 39.150511 299.710351 276.877013 270.122757
198808 38.576647 299.514119 276.928176 270.194646
198809 38.337715 299.483649 276.748217 270.003386
198810 37.414136 299.609879 276.668570 269.829039
198811 36.814601 299.700564 276.621401 269.767790
198812 37.568808 299.685594 276.590747 269.788907
198901 37.398933 299.810185 276.465283 269.663489
198902 37.212396 300.025857 276.621916 269.811453
198903 38.955749 300.392978 277.054018 270.204778
198904 39.202770 300.763413 277.273624 270.398331
198905 39.785955 300.833194 277.350248 270.460060
198906 40.055561 300.336901 277.319346 270.568892
198907 39.005516 299.961349 277.217710 270.500003
198908 39.228725 299.871571 277.162463 270.448959
198909 39.228691 300.011970 277.289663 270.564831
198910 38.618620 300.231763 277.347471 270.569155
198911 38.747030 300.439042 277.344354 270.561816
198912 39.579711 300.518747 277.540933 270.792580
199001 39.585365 300.560444 277.627735 270.949908
199002 39.704988 300.769319 277.748477 271.049320
199003 40.594530 300.959771 278.145477 271.459508
199004 41.937322 301.266064 278.403135 271.661350
199005 41.667452 301.198553 278.191516 271.432468
199006 40.775919 300.722984 277.839460 271.125842
199007 40.681905 300.185488 277.676375 271.023123
199008 39.847693 299.921521 277.436081 270.761299
199009 39.065490 299.990262 277.323324 270.612399
199010 38.688600 300.180547 277.409969 270.662385
199011 39.009528 300.375126 277.352917 270.554861
199012 39.093117 300.355361 277.421957 270.699548
199101 39.141429 300.371956 277.354385 270.645280
199102 39.240353 300.586068 277.454907 270.744449
199103 40.293149 301.037786 277.917118 271.149073
199104 41.481246 301.314326 278.149545 271.383203
199105 42.407386 301.128639 278.119188 271.353188
199106 41.416420 300.654770 277.887583 271.186699
199107 40.051945 300.204316 277.454206 270.736844
199108 39.716846 299.901461 277.346303 270.677871
199109 38.673011 299.923877 277.154738 270.385929
199110 38.789290 300.078000 277.167313 270.365433
199111 38.254096 300.134817 277.086897 270.270953
199112 38.035328 300.052557 277.059056 270.280952
199201 37.647917 299.787010 276.844650 270.110432
199202 37.426902 299.849608 276.595299 269.801450
199203 38.398330 299.964007 276.718545 269.841944
199204 37.547629 300.391619 276.759369 269.828156
199205 38.549308 300.205083 276.732959 269.840462
199206 37.342066 299.772953 276.346130 269.480002
199207 37.237222 299.305239 276.204991 269.388574
199208 37.081720 299.056668 276.276156 269.498529
199209 36.661553 299.128522 276.338439 269.526945
199210 36.597159 299.323596 276.199878 269.339147
199211 36.455267 299.437948 276.290752 269.427134
199212 35.674465 299.390377 275.966582 269.122879
199301 35.909649 299.601797 275.915856 269.040738
199302 37.137448 299.701395 276.272671 269.460492
199303 37.614660 300.108662 276.552914 269.695786
199304 38.377564 300.421463 276.931332 270.037662
199305 39.350769 300.461893 276.906450 270.019883
199306 38.974940 300.056839 276.879606 270.096399
199307 38.170091 299.605526 276.741033 269.988364
199308 38.234163 299.438656 276.642423 269.911401
199309 37.944847 299.536001 276.745597 269.995539
199310 36.762062 299.830693 276.669751 269.844298
199311 37.631636 299.941088 276.809340 269.980842
199312 37.818782 300.033928 276.659987 269.839259
199401 38.354254 300.170400 276.917848 270.136751
199402 39.338206 300.296681 277.286172 270.554889
199403 39.277585 300.827662 277.501516 270.711633
199404 40.803296 300.939668 277.680477 270.869140
199405 40.641012 300.841805 277.512569 270.701226
199406 39.662933 300.410517 277.366310 270.607312
199407 39.825334 299.943422 277.207303 270.506313
199408 39.289108 299.699965 277.248974 270.570753
199409 38.724659 299.710444 277.170536 270.444740
199410 38.682409 299.906424 277.127107 270.368991
199411 38.084218 300.071465 277.115340 270.318711
199412 37.899223 300.061505 276.965783 270.183993
199501 37.810513 300.038856 276.859097 270.120703
199502 38.198870 300.194175 277.115106 270.368137
199503 39.417176 300.552079 277.398930 270.623518
199504 39.960820 300.853501 277.595428 270.752349
199505 40.320193 300.885320 277.489562 270.644022
199506 38.102884 300.347078 277.094436 270.303627
199507 38.952235 299.922462 277.002969 270.268558
199508 39.157524 299.669021 277.156666 270.489551
199509 39.131884 299.668707 277.179891 270.467042
199510 37.941543 299.939174 277.039314 270.245574
199511 38.439273 300.084312 276.972718 270.157306
199512 37.743969 299.962137 277.093786 270.367771
199601 37.429323 299.915240 276.688024 269.923577
199602 37.020401 300.158001 276.684233 269.892362
199603 38.883375 300.478702 277.228470 270.412445
199604 40.651063 300.893941 277.611368 270.779243
199605 40.675376 300.901453 277.813936 271.029721
199606 40.141353 300.408848 277.631820 270.919496
199607 39.312111 299.870302 277.345727 270.683510
199608 38.898996 299.542008 277.041768 270.353839
199609 38.287801 299.594324 277.054035 270.340551
199610 37.457825 299.784785 276.893449 270.097721
199611 37.773725 299.987938 277.011325 270.205596
199612 38.501808 299.855261 276.907611 270.161572
199701 38.085615 300.019531 276.759040 269.987321
199702 38.518035 300.148856 276.965527 270.188731
199703 39.280265 300.531337 277.251885 270.442104
199704 40.307340 300.913999 277.529412 270.693777
199705 41.494506 300.753667 277.664264 270.873985
199706 39.841855 300.527568 277.286020 270.496970
199707 39.049692 299.968094 277.122166 270.397921
199708 38.930597 299.687297 277.077457 270.387907
199709 38.414014 299.793380 277.162487 270.433881
199710 37.967186 299.946959 277.175947 270.405849
199711 38.386669 300.114047 277.232805 270.451066
199712 38.811232 300.005747 277.149042 270.409709
199801 37.901111 300.109321 276.968316 270.243414
199802 38.626453 300.301646 277.168427 270.397448
199803 39.544501 300.582786 277.530402 270.748772
199804 40.205798 300.994942 277.648181 270.794470
199805 41.057400 300.852188 277.747442 270.950452
199806 39.761487 300.405162 277.470157 270.745295
199807 38.711297 299.929050 277.139088 270.458651
199808 39.113456 299.801618 277.100961 270.396487
199809 38.762984 299.862652 277.168818 270.434168
199810 38.252172 300.105941 277.203367 270.411352
199811 38.517005 300.331612 277.295855 270.510304
199812 39.126232 300.282071 277.246277 270.509165
199901 38.222371 300.288451 277.149195 270.417583
199902 38.158584 300.422700 277.139793 270.388030
199903 39.148422 300.679303 277.587855 270.826496
199904 41.466014 300.957412 277.784485 270.986476
199905 40.984181 300.943417 277.793173 270.997232
199906 40.231493 300.570378 277.636611 270.890288
199907 39.963748 300.086050 277.522254 270.859517
199908 40.037308 299.784308 277.486190 270.850382
199909 39.992365 299.826319 277.474667 270.786772
199910 38.521308 300.054168 277.454904 270.705436
199911 38.251597 300.286620 277.192174 270.385294
199912 39.001461 300.335123 277.462775 270.734136
200001 39.059039 300.392716 277.561500 270.902578
200002 39.374183 300.649804 277.487545 270.784080
200003 40.589363 300.971086 278.000318 271.275303
200004 41.730712 301.237615 278.138902 271.362455
200005 41.823935 301.128227 278.092390 271.334164
200006 41.019181 300.641605 277.807789 271.094693
200007 40.018062 300.085763 277.604674 270.961968
200008 39.957166 299.869181 277.522778 270.884803
200009 38.472141 299.856662 277.344506 270.662920
200010 38.545082 300.056634 277.492021 270.778102
200011 38.377972 300.290884 277.410040 270.642792
200012 38.210840 300.297640 277.300429 270.556127
200101 38.086273 300.447393 277.128042 270.360438
200102 38.947216 300.746466 277.352190 270.586773
200103 40.677453 301.119732 277.974985 271.210955
200104 42.528435 301.403541 278.247913 271.487567
200105 42.824959 301.369877 278.364041 271.626760
200106 42.184546 300.845389 278.236215 271.577374
200107 40.847472 300.292635 278.076514 271.495777
200108 40.387042 300.063074 277.778366 271.142205
200109 39.444656 300.124922 277.569571 270.881816
200110 39.336804 300.421520 277.523367 270.766893
200111 39.983849 300.649494 277.752609 270.988836
200112 40.057520 300.673793 277.668170 270.933283
200201 39.513935 300.780987 277.614085 270.918883
200202 39.919963 301.044134 277.746775 271.012154
200203 41.406604 301.285841 278.375433 271.676169
200204 42.156061 301.465502 278.616852 271.898596
200205 42.779329 301.414396 278.342198 271.595323
200206 41.636080 300.984139 278.131639 271.442932
200207 41.267503 300.322257 277.924133 271.312299
200208 41.016779 299.956455 277.729763 271.113381
200209 40.175343 299.987709 277.509699 270.824889
200210 38.648950 300.104792 277.421471 270.690627
200211 38.822460 300.162283 277.448570 270.699656
200212 38.179183 300.230848 277.167221 270.401588
200301 37.536251 300.216252 277.069781 270.314602
200302 38.172197 300.354134 276.989901 270.195566
200303 39.178399 300.674211 277.407303 270.589479
200304 40.165992 301.008009 277.721907 270.886939
200305 41.088441 301.032447 277.696465 270.854369
200306 40.330918 300.619973 277.671872 270.939971
200307 39.931564 300.176933 277.581609 270.930584
200308 39.816578 300.045623 277.434220 270.740747
200309 39.713239 300.148766 277.608748 270.923707
200310 38.735697 300.342355 277.552674 270.792193
200311 39.774186 300.458979 277.624152 270.863923
200312 38.758068 300.560536 277.543967 270.797558
200401 39.268275 300.589801 277.559312 270.860905
200402 40.248920 300.856840 277.603818 270.838544
200403 41.375412 301.073993 278.261285 271.554562
200404 42.244057 301.295578 278.296452 271.557267
200405 42.370971 301.319764 278.199281 271.438847
200406 41.491740 300.777413 278.054785 271.368988
200407 40.316761 300.294620 277.577867 270.895091
200408 40.458349 300.032002 277.821771 271.198016
200409 40.563990 300.159825 277.749759 271.084344
200410 39.641951 300.438753 277.745914 271.018017
200411 39.660420 300.569167 277.736413 271.005654
200412 39.603777 300.554241 277.637292 270.914301
200501 39.045315 300.508982 277.511127 270.798360
200502 39.089556 300.652006 277.548428 270.839442
200503 40.617130 301.080189 277.900353 271.138459
200504 41.694333 301.225897 278.214852 271.440392
200505 42.137801 301.144347 278.101113 271.329543
200506 41.726027 300.667484 277.909412 271.217126
200507 40.406405 300.060353 277.646784 271.005252
200508 39.490910 299.700004 277.351638 270.698553
200509 39.097211 299.728236 277.339262 270.644802
200510 38.557808 300.027575 277.224335 270.447609
200511 37.791498 300.146084 277.190981 270.387572
200512 38.684941 300.138547 277.083969 270.310362
200601 39.225316 300.154731 277.157730 270.415979
200602 38.518169 300.404277 277.167819 270.422861
200603 39.354812 300.649055 277.567175 270.800399
200604 40.241021 300.931315 277.683343 270.871468
200605 40.567591 300.829586 277.583590 270.766115
200606 39.328993 300.364698 277.284641 270.523455
200607 39.634440 299.913849 277.083289 270.359382
200608 39.572959 299.567960 277.114581 270.434835
200609 38.759928 299.639942 277.134061 270.418922
200610 37.610057 299.914613 276.994510 270.211989
200611 38.146211 300.090982 277.194887 270.395924
200612 38.617891 300.096733 277.092369 270.354948
200701 38.117450 300.327569 276.920719 270.136968
200702 39.327254 300.321340 277.280939 270.559349
200703 40.363553 300.719215 277.548574 270.772932
200704 41.424649 301.064468 277.880325 271.065854
200705 42.021030 300.972787 277.932754 271.156771
200706 40.697114 300.573929 277.669286 270.943468
200707 40.197779 300.124997 277.522236 270.833984
200708 40.501704 299.962836 277.441503 270.763220
200709 39.718213 299.970900 277.388339 270.676688
200710 38.758140 300.193027 277.491539 270.743897
200711 38.380281 300.394587 277.477793 270.695260
200712 39.064610 300.339283 277.332203 270.578185
200801 39.079639 300.316391 277.252621 270.554522
200802 39.855332 300.555315 277.331308 270.565714
200803 40.431864 300.837975 277.771740 271.001009
200804 41.423691 301.027747 277.875384 271.078627
200805 42.061105 301.128913 277.860677 271.065053
200806 41.307549 300.663406 277.840253 271.153896
200807 41.510875 300.270223 277.801198 271.143841
200808 40.682240 300.084221 277.745301 271.116340
200809 40.491519 300.242706 277.809212 271.150004
200810 39.313363 300.521722 277.757762 271.029400
200811 40.092248 300.632328 277.666802 270.914395
200812 40.317130 300.598867 277.700710 270.989383
200901 40.187231 300.621859 277.836563 271.158136
200902 39.898358 300.740985 277.865422 271.189499
200903 40.719855 301.125035 278.136573 271.399575
200904 41.257593 301.421353 278.192707 271.421468
200905 42.750170 301.187474 278.280605 271.563171
200906 41.616702 300.799076 278.171735 271.517815
200907 40.881469 300.384264 277.941547 271.318340
200908 41.447541 300.140369 277.961681 271.356431
200909 40.670461 300.274667 277.832986 271.167822
200910 40.413329 300.499610 277.739330 271.005220
200911 40.539315 300.619323 277.871123 271.137579
200912 39.097237 300.551753 277.802532 271.121099
201001 40.267971 300.597425 277.805507 271.147907
201002 39.517287 300.848162 277.862458 271.188756
201003 40.713487 301.068899 278.063706 271.335129
201004 41.773662 301.362652 278.315098 271.548649
201005 41.616891 301.183384 278.136262 271.355983
201006 41.363408 300.589842 277.862441 271.180405
201007 39.996462 300.119148 277.361260 270.662040
201008 39.718693 299.931436 277.464557 270.774841
201009 39.708412 299.978235 277.529346 270.836667
201010 38.699505 300.197175 277.500604 270.733900
201011 38.833064 300.275346 277.487515 270.732512
201012 38.841250 300.230515 277.268090 270.531142
201101 38.419632 300.195833 277.205028 270.488014
201102 38.896390 300.382818 277.117551 270.348051
201103 39.269104 300.716601 277.551152 270.757812
201104 40.065621 301.073661 277.717738 270.872814
201105 40.328567 300.982290 277.693655 270.883357
201106 40.811672 300.526416 277.532777 270.809164
201107 40.054176 300.188060 277.423228 270.701371
201108 39.373174 300.045286 277.632962 270.972703
201109 39.785672 300.008431 277.635270 270.966129
201110 39.599846 300.292892 277.661104 270.934127
201111 39.361477 300.420396 277.599869 270.855545
201112 39.722286 300.400332 277.587769 270.890019
201201 39.441958 300.565759 277.415151 270.703904
201202 39.274749 300.770032 277.614688 270.883595
201203 40.764505 301.117171 278.174123 271.433038
201204 41.917646 301.367407 278.245816 271.474530
201205 42.530114 301.485174 278.223911 271.446593
201206 42.291823 301.135414 278.178420 271.468022
201207 41.983904 300.590225 278.344848 271.758896
201208 41.772598 300.493821 278.305748 271.722344
201209 41.794165 300.604119 278.247012 271.604165
201210 40.698867 300.867927 278.205950 271.512873
201211 41.469681 300.976968 278.068504 271.328465
201212 42.100609 301.045850 278.436080 271.774689
201301 42.233861 301.102930 278.584231 271.982809
201302 41.708672 301.357027 278.900086 272.336990
201303 42.115487 301.623420 279.008090 272.421210
201304 43.520222 301.746747 278.959678 272.288104
201305 44.099153 301.415958 278.928937 272.285757
201306 42.281803 300.898258 278.266005 271.609535
201307 41.002528 300.381851 277.968353 271.353556
201308 41.083343 300.161966 277.795130 271.170767
201309 40.574212 300.044076 277.891560 271.260710
201310 39.629345 300.136240 277.666085 270.952339
201311 38.546581 300.299541 277.399275 270.621804
201312 38.178683 300.080108 277.205074 270.483527
201401 38.587896 300.090877 277.089681 270.377106
201402 38.389615 300.331926 277.089024 270.300569
201403 40.378071 300.604263 277.394111 270.599172
201404 40.743346 300.857514 277.632758 270.794777
201405 41.127696 300.908103 277.588584 270.740059
201406 40.308723 300.509412 277.508267 270.778854
201407 39.940229 300.128402 277.403086 270.704144
201408 39.934260 299.985764 277.455236 270.783329
201409 40.762827 299.980898 277.570340 270.893093
201410 39.919827 300.152389 277.419503 270.670698
201411 39.025415 300.268622 277.425155 270.656198
201412 39.173317 300.206390 277.294478 270.546465
201501 38.129347 300.177976 277.114957 270.387359
201502 39.679647 300.354832 277.242564 270.488156
201503 39.636989 300.624992 277.535059 270.757702
201504 41.034847 300.864421 277.722566 270.887559
201505 40.922257 300.814019 277.758554 270.967917
201506 38.927276 300.410033 277.425356 270.677326
201507 39.659955 300.021378 277.194424 270.497441
201508 39.201558 299.874118 277.381682 270.705837
201509 39.320730 299.959663 277.419837 270.730604
201510 39.278836 300.146916 277.431506 270.680661
201511 39.154831 300.175934 277.464262 270.711241
201512 38.625999 300.185174 277.168366 270.425054
201601 37.932238 300.297045 277.179797 270.439227
201602 38.810283 300.578513 277.293033 270.517357
201603 40.672663 300.967130 277.772038 270.994393
201604 42.077199 301.244790 278.097063 271.332816
201605 42.690996 301.425003 278.089314 271.264053
201606 42.479648 301.058118 278.119247 271.401860
201607 42.032672 300.621943 278.180221 271.547335
201608 41.709902 300.390455 278.082007 271.476895
201609 41.729537 300.486798 278.145747 271.497099
201610 40.296013 300.767060 278.142970 271.445629
201611 40.460503 300.992680 278.113791 271.388593
201612 41.229013 301.004119 278.336407 271.679315
201701 41.226531 301.118769 278.482250 271.880869
201702 41.836822 301.287504 278.796887 272.199293
201703 42.955332 301.532509 279.159272 272.599969
201704 43.993879 301.687832 278.985586 272.322561
201705 44.511000 301.571326 278.915758 272.249877
201706 42.993922 301.058073 278.584027 271.946925
201707 41.788138 300.597840 278.155816 271.522627
201708 41.301494 300.278471 278.132386 271.531788
201709 40.494551 300.356869 277.944129 271.294236
201710 40.166429 300.511996 277.942170 271.238344
201711 40.528546 300.693696 278.046697 271.347042
201712 40.009111 300.693176 277.755353 271.037546
201801 39.903390 300.744149 277.682805 270.977110
201802 41.001805 300.794299 278.026602 271.368271
201803 41.194360 301.148445 278.321294 271.621655
201804 43.080173 301.461210 278.413046 271.643169
201805 42.391016 301.396282 278.391407 271.651882
201806 41.543107 300.900228 278.247392 271.598079
201807 41.145227 300.414877 277.753013 271.102555
201808 41.145805 300.166844 277.820553 271.200052
201809 41.040917 300.141777 277.971795 271.355232
201810 39.842838 300.450350 277.799117 271.069622
201811 40.531435 300.653059 277.903932 271.178358
201812 40.501032 300.567144 277.685414 270.988970
201901 39.395140 300.588702 277.722129 271.040621
201902 39.779268 300.701410 277.665787 270.960850
201903 41.107445 301.149261 278.099045 271.346038
201904 42.202933 301.398174 278.324573 271.570482
201905 42.669180 301.414129 278.451893 271.718083
201906 42.576878 300.903226 278.209079 271.549401
201907 41.629777 300.401494 278.125186 271.498423
201908 41.272823 300.102081 277.872715 271.253019
201909 40.196752 300.137258 277.768221 271.102779
201910 38.797853 300.299200 277.723134 270.992699
201911 39.545166 300.399329 277.628666 270.876320
201912 39.120797 300.350866 277.438649 270.712951
202001 39.612202 300.405487 277.517642 270.850793
202002 38.950074 300.559644 277.464018 270.726422
202003 39.794900 300.953462 277.769819 270.979978
202004 41.581177 301.322974 278.104452 271.301503
202005 42.624135 301.342230 278.308926 271.548101
202006 41.297226 300.858870 278.149345 271.481022
202007 40.581193 300.391176 277.870138 271.228640
202008 40.964978 300.115307 277.733786 271.095071
202009 40.579402 300.028062 277.779598 271.132378
202010 39.266191 300.292001 277.418120 270.656756
202011 39.693723 300.545695 277.599253 270.822346
202012 40.191047 300.676513 277.681815 270.950505
202101 40.439165 300.644159 277.694695 271.008662
202102 40.076747 300.887420 277.832636 271.125179
202103 41.152039 301.185685 278.051636 271.299497
202104 42.403849 301.358808 278.301174 271.537931
202105 42.640265 301.513295 278.253130 271.471925
202106 43.083419 301.027803 278.430387 271.788739
202107 42.321838 300.534334 278.172209 271.583583
202108 41.893938 300.406959 278.256508 271.655633
202109 41.143667 300.439667 278.126516 271.501122
202110 40.402946 300.734524 278.008852 271.290514
202111 41.316102 300.848148 278.091518 271.371541
202112 40.894120 300.957427 278.154951 271.479219
202201 41.138848 301.009736 278.138437 271.486486
202202 41.235450 301.015475 278.440995 271.854344
202203 41.894475 301.425978 278.643894 271.966929
202204 43.163339 301.623895 278.744787 272.043249
202205 43.118734 301.497494 278.611993 271.894906
202206 42.773016 301.100947 278.467799 271.807681
202207 42.772944 300.565891 278.221896 271.618438
202208 42.160049 300.334895 278.235303 271.650349
202209 41.961668 300.289287 278.129186 271.520622
202210 41.198140 300.561774 278.032093 271.315550
202211 40.559781 300.696949 277.915068 271.179844
202212 39.984860 300.501647 277.981547 271.333424
202301 39.379777 300.532310 277.629137 270.937283
202302 39.761322 300.778188 277.652768 270.913042
202303 41.242088 301.050344 278.098743 271.362987
202304 42.536058 301.358636 278.394330 271.628670
202305 42.845129 301.288926 278.320266 271.554274
202306 41.338385 300.866073 278.193221 271.505716
202307 41.261925 300.391330 277.928409 271.322326
202308 41.191865 299.990305 277.856620 271.264838
202309 40.385137 299.973405 277.648360 271.005885
202310 39.555470 300.081440 277.454873 270.715089
202311 38.508569 300.247113 277.543415 270.768494
202312 39.752135 300.185055 277.314395 270.575019
202401 39.237405 300.227896 277.299936 270.576706
202402 39.605883 300.486270 277.496118 270.748840
202403 40.600813 300.827805 277.718073 270.933549
202404 41.486445 301.200793 278.011097 271.211341
202405 42.329678 301.284187 278.081592 271.280248
202406 41.232309 300.880531 278.040077 271.353002
202407 40.959884 300.490162 277.853977 271.191009
202408 41.239342 300.200967 278.006894 271.410188
202409 40.891527 300.378821 277.949974 271.289582
202410 40.813673 300.614631 277.954261 271.248175
202411 40.223872 300.879841 277.886797 271.146891
202412 40.507580 300.826379 278.094136 271.428868
