time(yyyymm) ts_cwv ts_sst ts_tlt ts_tmt
198001 39.364683 299.589692 276.118468 269.571283
198002 39.384722 299.759678 276.441928 269.923399
198003 40.706058 300.079911 276.722357 270.200124
198004 42.364012 300.298813 277.103663 270.578479
198005 42.263724 300.244269 276.904025 270.349772
198006 42.002079 299.760543 276.618120 270.073725
198007 40.942106 299.347717 276.318999 269.775522
198008 40.202153 299.016823 276.153999 269.625330
198009 40.174064 298.973984 276.060499 269.513693
198010 39.343556 299.150100 275.985765 269.414476
198011 38.984414 299.290262 275.867035 269.269220
198012 38.555985 299.214133 275.776502 269.179225
198101 39.585228 299.265854 275.696599 269.115803
198102 39.267268 299.486478 276.151110 269.598973
198103 40.412996 299.845052 276.495205 269.940995
198104 41.376671 300.093197 276.642619 270.062797
198105 41.721370 300.047908 276.602442 270.024496
198106 41.649780 299.677967 276.242783 269.652597
198107 40.224824 299.258490 276.114692 269.552061
198108 40.386687 299.041612 276.066545 269.529710
198109 40.165980 299.081725 276.115684 269.575864
198110 40.597086 299.307207 276.024506 269.448395
198111 39.728188 299.414681 275.944752 269.353670
198112 39.134618 299.379490 275.794663 269.203467
198201 39.295700 299.367700 276.003864 269.461859
198202 39.794940 299.602177 276.380619 269.848407
198203 40.349617 299.930729 276.537290 269.982664
198204 41.185659 300.206164 276.786772 270.215047
198205 41.841872 300.160765 276.680370 270.093798
198206 41.509675 299.782094 276.352942 269.765740
198207 40.261250 299.372256 276.236560 269.682960
198208 40.000940 299.087321 276.154720 269.632835
198209 39.850695 299.071453 276.160405 269.627697
198210 40.044557 299.257998 276.074813 269.500449
198211 39.167626 299.351182 275.958501 269.378833
198212 38.709053 299.254540 275.906493 269.343904
198301 38.632642 299.239632 275.723763 269.181656
198302 38.376243 299.414283 276.088709 269.556354
198303 39.738353 299.762823 276.241790 269.672103
198304 41.216987 300.031341 276.533159 269.947260
198305 41.156858 300.017697 276.429139 269.831527
198306 40.653869 299.681504 276.009679 269.397083
198307 39.857915 299.273753 276.020227 269.438571
198308 39.749041 299.073431 275.895278 269.331629
198309 40.224606 299.102032 276.023750 269.476704
198310 39.814404 299.283363 275.964293 269.390215
198311 38.653982 299.439518 275.750376 269.146913
198312 39.199608 299.410708 275.778528 269.183266
198401 38.081125 299.394758 275.917871 269.357413
198402 38.383725 299.528236 276.218440 269.708763
198403 40.162599 299.845222 276.552370 270.031299
198404 41.351871 300.065355 276.726237 270.169249
198405 41.766048 299.966238 276.566998 269.979171
198406 41.236639 299.629556 276.220161 269.638716
198407 39.868371 299.124418 275.881353 269.305717
198408 39.346350 298.864085 275.917516 269.376289
198409 39.103711 298.850029 275.847331 269.294821
198410 39.090106 298.952930 275.742455 269.160351
198411 38.072147 299.061023 275.599690 268.992654
198412 37.894254 299.030805 275.474613 268.854151
198501 37.120030 299.012466 275.541707 268.958830
198502 37.668209 299.295221 275.682873 269.102863
198503 39.391332 299.608700 276.184365 269.619713
198504 40.656686 299.891489 276.323966 269.719284
198505 41.552567 299.924975 276.272310 269.633444
198506 41.061645 299.617143 276.049348 269.441464
198507 40.326414 299.226128 276.019412 269.444083
198508 40.637688 299.021468 276.094463 269.541664
198509 39.865864 299.141642 276.179053 269.633797
198510 39.696852 299.341412 276.077388 269.506177
198511 39.022055 299.462646 275.954238 269.366516
198512 39.082268 299.426259 275.981223 269.402360
198601 39.334221 299.439047 276.048753 269.491894
198602 39.261134 299.646386 276.504363 269.985736
198603 40.532093 299.977518 276.722006 270.191748
198604 41.663548 300.265551 276.962543 270.412395
198605 41.932827 300.245362 276.777281 270.204462
198606 42.019624 299.885326 276.657091 270.102508
198607 41.123894 299.489121 276.462207 269.932884
198608 40.286752 299.195727 276.279817 269.773650
198609 40.747890 299.255488 276.276147 269.752533
198610 40.223412 299.454234 276.291116 269.741012
198611 40.317208 299.560891 276.203702 269.640913
198612 39.526733 299.514268 276.145518 269.568914
198701 39.400071 299.434426 276.081929 269.536560
198702 39.410083 299.551450 276.266759 269.745969
198703 40.396415 299.869275 276.690029 270.167652
198704 42.181800 300.103010 276.764576 270.198461
198705 42.169475 300.056075 276.647231 270.060948
198706 41.904281 299.634315 276.536359 269.970973
198707 40.090218 299.242715 276.104990 269.542914
198708 39.490812 298.986187 275.995157 269.451448
198709 40.149174 299.020201 276.003299 269.448664
198710 39.689014 299.220749 276.071704 269.505929
198711 39.435658 299.384470 276.044254 269.465979
198712 38.536822 299.368709 275.851429 269.276831
198801 38.813160 299.376049 275.927167 269.369564
198802 39.639381 299.574870 276.282056 269.752229
198803 39.580707 299.919963 276.500073 269.950735
198804 41.671321 300.243695 276.709161 270.128819
198805 42.231501 300.236555 276.767440 270.189608
198806 41.553299 299.918408 276.694177 270.138823
198807 40.883972 299.531640 276.481080 269.956643
198808 40.590636 299.198063 276.413199 269.921739
198809 40.686961 299.201654 276.421524 269.910602
198810 40.271409 299.409130 276.250088 269.722277
198811 40.071221 299.514232 276.267559 269.716175
198812 39.429089 299.560978 276.051772 269.503674
198901 39.823189 299.568233 276.219831 269.690890
198902 39.494611 299.792229 276.427401 269.915771
198903 41.049659 300.127070 276.755277 270.230134
198904 42.137668 300.427897 277.082156 270.558545
198905 42.715950 300.437653 276.889425 270.322807
198906 42.203886 300.046245 276.780281 270.235691
198907 41.694928 299.613753 276.582727 270.064320
198908 41.242038 299.355326 276.591196 270.091923
198909 40.933162 299.321078 276.531528 270.025040
198910 40.485901 299.431889 276.346757 269.804601
198911 39.786158 299.529921 276.131521 269.556377
198912 39.153439 299.501445 275.965097 269.395914
199001 39.204304 299.591624 276.061577 269.505810
199002 39.755035 299.841037 276.384578 269.861239
199003 41.029229 300.105705 276.912339 270.400042
199004 41.976197 300.360661 277.036746 270.500767
199005 42.755872 300.324453 276.975696 270.427499
199006 42.432633 299.943924 276.859622 270.322422
199007 41.212965 299.516602 276.488715 269.969944
199008 40.458222 299.228433 276.454194 269.960845
199009 41.120657 299.193543 276.408631 269.908727
199010 40.300474 299.450966 276.383931 269.865446
199011 39.641586 299.604340 276.170687 269.610163
199012 40.071359 299.590738 276.038700 269.453100
199101 39.889861 299.691402 276.185050 269.614990
199102 39.933949 299.963800 276.502576 269.984145
199103 41.459947 300.308230 277.022279 270.521505
199104 42.835345 300.550491 277.254608 270.734917
199105 42.904131 300.517162 277.153475 270.620066
199106 42.417125 300.154268 277.019634 270.519940
199107 41.958930 299.763293 276.930005 270.443239
199108 41.406488 299.505422 276.757395 270.268762
199109 41.657131 299.438685 276.523474 270.024824
199110 40.943970 299.582844 276.354893 269.812642
199111 40.138945 299.657311 276.095643 269.516549
199112 39.433383 299.556209 276.050019 269.463961
199201 39.159718 299.520607 276.170941 269.621744
199202 39.799440 299.676372 276.439619 269.919724
199203 40.169858 299.947376 276.666117 270.138242
199204 41.259497 300.169549 276.753209 270.194079
199205 41.792987 300.117314 276.597902 270.010570
199206 41.277192 299.721578 276.290792 269.703156
199207 40.616717 299.251796 276.153445 269.596366
199208 39.496500 298.984019 275.965551 269.409597
199209 39.915580 298.946644 275.918992 269.353535
199210 39.759495 299.157531 275.898135 269.314952
199211 38.444822 299.279671 275.745687 269.142327
199212 37.770714 299.197721 275.560598 268.960904
199301 37.931605 299.175388 275.641119 269.074061
199302 38.064813 299.377701 275.830119 269.274762
199303 39.419677 299.703284 276.201403 269.626558
199304 41.743444 299.927498 276.521199 269.938581
199305 41.628356 299.853499 276.454964 269.868640
199306 41.112051 299.442176 276.155400 269.563739
199307 40.018965 299.006922 275.761710 269.188867
199308 39.015062 298.722601 275.722664 269.180874
199309 39.374476 298.764944 275.865013 269.318084
199310 39.454478 298.959201 275.791549 269.210805
199311 38.561804 298.998608 275.601601 269.004258
199312 37.553882 298.995791 275.451005 268.844230
199401 37.646849 299.078076 275.369122 268.809677
199402 38.956931 299.444239 276.032398 269.494799
199403 39.400160 299.789020 276.299716 269.751660
199404 41.025486 300.097814 276.552188 269.979617
199405 40.793431 300.106577 276.550801 269.971962
199406 41.258070 299.668747 276.351190 269.775642
199407 40.771723 299.292136 276.320581 269.786398
199408 40.126111 299.070548 276.221914 269.710422
199409 40.361440 299.078261 276.214529 269.695797
199410 39.910243 299.306307 276.226227 269.679999
199411 39.226282 299.433480 276.010102 269.430426
199412 39.436674 299.362098 275.962205 269.383236
199501 38.828508 299.374158 275.862888 269.313696
199502 40.000096 299.548678 276.365419 269.827760
199503 40.389796 299.819982 276.547653 270.021913
199504 41.218262 300.143598 276.623647 270.059763
199505 41.948770 300.097096 276.585338 269.999104
199506 41.689473 299.658106 276.413168 269.848554
199507 40.517266 299.234745 276.246016 269.700353
199508 40.178498 299.024657 276.238055 269.723061
199509 40.136174 299.102615 276.158256 269.643832
199510 40.048762 299.312000 276.099580 269.549461
199511 39.548757 299.356391 276.033875 269.472343
199512 39.159122 299.243371 275.768142 269.199270
199601 38.985156 299.320548 275.803080 269.242033
199602 39.927384 299.559732 276.324439 269.814237
199603 40.466225 299.905839 276.644234 270.115520
199604 41.419373 300.173166 276.749396 270.192038
199605 41.801592 300.210203 276.697151 270.119100
199606 41.583860 299.888270 276.649352 270.109962
199607 40.807518 299.519968 276.554289 270.034837
199608 40.983466 299.255930 276.485610 269.996244
199609 41.303004 299.307436 276.409673 269.904838
199610 40.414591 299.501817 276.370654 269.832513
199611 40.109311 299.674095 276.163203 269.590392
199612 40.136442 299.677565 276.130497 269.551219
199701 40.686059 299.657066 276.311345 269.776557
199702 40.211590 299.833828 276.630638 270.104127
199703 41.238329 300.157509 276.884581 270.378462
199704 42.388203 300.473848 276.995068 270.441204
199705 43.664970 300.444791 277.010239 270.440403
199706 42.559530 300.067064 276.881353 270.337438
199707 41.626203 299.670968 276.794145 270.294507
199708 41.062930 299.414741 276.636534 270.139877
199709 41.227835 299.400262 276.551287 270.037813
199710 41.050484 299.488105 276.506431 269.975442
199711 40.314412 299.629482 276.283940 269.721788
199712 39.884248 299.543803 276.205626 269.644616
199801 39.615827 299.581512 276.144768 269.607722
199802 39.586137 299.755665 276.530604 270.027883
199803 40.973450 300.084536 276.889767 270.376379
199804 42.514060 300.394700 276.970643 270.435138
199805 43.379872 300.336685 276.997788 270.450843
199806 42.079089 300.009967 276.642108 270.091288
199807 41.052169 299.554854 276.635596 270.139527
199808 40.927080 299.281419 276.544250 270.072889
199809 41.015484 299.295337 276.492536 269.992924
199810 41.134967 299.496224 276.503374 269.993398
199811 39.828960 299.650918 276.352739 269.795387
199812 39.824334 299.582666 276.147927 269.586610
199901 39.122359 299.556422 276.171414 269.636263
199902 39.932006 299.758927 276.453962 269.947652
199903 40.770902 300.011146 276.781806 270.273396
199904 42.291004 300.266674 276.969434 270.413180
199905 42.495398 300.255693 276.759855 270.179870
199906 41.456480 299.909433 276.567672 270.007181
199907 41.015588 299.517340 276.416138 269.892674
199908 40.736657 299.277665 276.455588 269.951345
199909 41.001750 299.301561 276.545990 270.046234
199910 40.645965 299.523708 276.556108 270.029089
199911 38.921205 299.651032 276.222092 269.668856
199912 39.370390 299.646913 276.233024 269.679481
200001 39.592223 299.621356 276.266161 269.739581
200002 39.907732 299.855739 276.538764 270.025972
200003 42.204875 300.201835 277.097954 270.596982
200004 42.344007 300.448163 277.289834 270.766509
200005 43.009137 300.364685 277.148556 270.613998
200006 42.201810 299.992315 276.855809 270.320555
200007 41.452720 299.539281 276.615445 270.105565
200008 40.718929 299.260329 276.503080 270.000997
200009 40.927009 299.335558 276.499751 269.986826
200010 41.141143 299.544022 276.496567 269.968783
200011 40.382062 299.698835 276.408371 269.857720
200012 40.142491 299.648569 276.342755 269.806329
200101 39.644854 299.666752 276.324607 269.809435
200102 40.491365 299.803971 276.614250 270.115121
200103 41.323178 300.111904 276.981999 270.482062
200104 42.238595 300.417074 277.114896 270.580679
200105 43.256002 300.443810 277.005697 270.459350
200106 42.786846 300.065139 276.838801 270.311772
200107 41.611094 299.617864 276.722247 270.219116
200108 41.004559 299.334403 276.535780 270.045130
200109 40.915474 299.376150 276.451213 269.944752
200110 40.339443 299.530628 276.494454 269.967985
200111 39.666761 299.574443 276.206913 269.646643
200112 39.634795 299.588907 276.069076 269.478153
200201 39.170676 299.582176 276.110168 269.572352
200202 40.595493 299.780166 276.586279 270.065530
200203 40.842986 300.152695 276.782442 270.269379
200204 42.344057 300.468268 277.084444 270.541621
200205 43.619052 300.448921 277.138246 270.594019
200206 43.220778 300.079746 276.888221 270.360461
200207 41.580993 299.674930 276.703230 270.206327
200208 40.960823 299.427073 276.681940 270.212122
200209 41.060329 299.425595 276.532789 270.038265
200210 40.847828 299.692586 276.553540 270.028505
200211 39.850716 299.823615 276.432908 269.890253
200212 39.826418 299.802206 276.448194 269.908276
200301 39.594965 299.821559 276.485713 269.960753
200302 39.887168 300.031938 276.707044 270.213656
200303 40.977474 300.391900 277.074820 270.588401
200304 42.769880 300.657802 277.538855 271.046971
200305 43.472386 300.623198 277.384743 270.890749
200306 43.184380 300.292180 277.189456 270.690657
200307 42.072387 299.868644 276.962758 270.484066
200308 41.642909 299.593125 276.898123 270.419296
200309 41.652296 299.561194 276.732309 270.232542
200310 41.425981 299.782705 276.708862 270.204019
200311 41.492205 299.923310 276.633182 270.102414
200312 40.546372 299.929211 276.672000 270.151140
200401 39.941305 300.054945 276.537038 270.009122
200402 40.828291 300.199801 276.931677 270.460688
200403 42.338029 300.550029 277.362092 270.886521
200404 43.565306 300.836211 277.602952 271.130441
200405 44.404138 300.714019 277.556067 271.058770
200406 43.059297 300.295320 277.295960 270.795779
200407 42.242686 299.778422 277.056843 270.580398
200408 41.517372 299.440217 276.724109 270.249181
200409 41.438397 299.405796 276.647220 270.154201
200410 41.097462 299.596505 276.599412 270.081475
200411 40.179458 299.676852 276.392249 269.849658
200412 39.589756 299.586552 276.243386 269.697189
200501 39.393274 299.572457 276.184208 269.670683
200502 40.165920 299.866295 276.447604 269.943737
200503 41.429341 300.236081 277.025334 270.513853
200504 42.886240 300.503248 277.207960 270.688618
200505 43.180988 300.513607 277.226806 270.702306
200506 42.564461 300.136093 276.926870 270.400807
200507 41.874676 299.725723 276.822530 270.330106
200508 41.664913 299.477195 276.728876 270.258181
200509 41.662865 299.464310 276.687831 270.216837
200510 40.770822 299.637164 276.523429 270.016150
200511 40.365454 299.713518 276.353298 269.827578
200512 39.741320 299.651690 276.352129 269.825067
200601 39.529823 299.653208 276.347218 269.844552
200602 40.541169 299.871489 276.632064 270.143854
200603 41.348824 300.187321 277.007714 270.525579
200604 42.765816 300.510049 277.172763 270.653027
200605 42.990863 300.534362 277.111059 270.567295
200606 42.759207 300.204070 277.099961 270.579149
200607 41.776385 299.837605 276.887379 270.380447
200608 41.704522 299.585104 276.792076 270.299939
200609 41.730569 299.618192 276.769412 270.274172
200610 41.483557 299.814390 276.772576 270.260170
200611 40.641508 299.891322 276.569634 270.038037
200612 40.686745 299.840962 276.381200 269.825907
200701 39.793912 299.825752 276.430055 269.905991
200702 40.507375 300.053132 276.890893 270.419447
200703 41.329245 300.344570 277.271129 270.783010
200704 43.504683 300.612972 277.372215 270.862848
200705 43.984198 300.577022 277.480530 270.963113
200706 43.199994 300.137714 277.115195 270.616511
200707 41.492104 299.593974 276.774266 270.298551
200708 41.022024 299.353969 276.611884 270.130144
200709 41.529911 299.361941 276.722351 270.235883
200710 41.110191 299.547085 276.494294 269.970394
200711 39.869990 299.628117 276.295902 269.745137
200712 39.116337 299.546455 276.112349 269.571596
200801 39.528516 299.580824 276.059796 269.513191
200802 40.014194 299.824176 276.360482 269.841943
200803 41.652297 300.167742 276.946082 270.435359
200804 42.553725 300.467021 277.216803 270.686197
200805 43.899023 300.393804 277.068519 270.524640
200806 42.240705 300.066384 276.847974 270.313096
200807 41.931771 299.656361 276.826136 270.332805
200808 40.594579 299.471504 276.692047 270.205630
200809 40.846317 299.458221 276.570211 270.074924
200810 41.315792 299.645980 276.653402 270.147561
200811 40.192960 299.787693 276.528118 269.994392
200812 39.420821 299.778337 276.371856 269.826990
200901 39.380368 299.776064 276.285087 269.769583
200902 40.499843 299.992071 276.718842 270.220742
200903 41.130438 300.285944 277.094526 270.587852
200904 42.175919 300.579646 277.236637 270.701416
200905 43.695322 300.527533 277.209397 270.676757
200906 42.719450 300.145594 277.022757 270.510716
200907 42.768526 299.697910 276.870064 270.387809
200908 41.847683 299.434488 276.788210 270.318944
200909 41.885193 299.419897 276.732500 270.261779
200910 40.948289 299.616915 276.659348 270.171873
200911 40.312120 299.767984 276.540240 270.013845
200912 40.233896 299.736255 276.364578 269.841100
201001 40.574909 299.717762 276.405173 269.889898
201002 40.115113 299.873815 276.684843 270.183515
201003 41.350892 300.218677 276.968117 270.463093
201004 42.922112 300.407792 277.164077 270.634583
201005 42.962751 300.395645 277.052877 270.503718
201006 42.859174 300.007296 276.922968 270.389987
201007 41.782451 299.522695 276.519417 270.000127
201008 41.083522 299.271471 276.421227 269.915082
201009 41.010373 299.320518 276.503551 269.991172
201010 40.978062 299.559222 276.445758 269.907438
201011 40.726287 299.681618 276.329409 269.783387
201012 39.480188 299.643103 276.201205 269.651666
201101 39.404926 299.708333 276.174324 269.658723
201102 39.736448 299.921812 276.612525 270.119901
201103 41.395292 300.250925 276.974920 270.459467
201104 43.036967 300.442715 277.268941 270.733201
201105 43.599734 300.490632 277.041685 270.478084
201106 42.862848 300.158854 276.990758 270.451373
201107 41.269492 299.727730 276.754767 270.249463
201108 40.630726 299.490142 276.763603 270.278446
201109 41.397626 299.493773 276.584703 270.083985
201110 41.347898 299.738902 276.691689 270.181574
201111 40.645216 299.905040 276.638298 270.104952
201112 40.118055 299.789934 276.610809 270.101587
201201 39.412084 299.761814 276.479844 269.977080
201202 40.786863 299.971494 276.811629 270.321344
201203 41.447159 300.298693 277.110088 270.618334
201204 42.837514 300.578022 277.272102 270.762103
201205 43.524351 300.565468 277.158830 270.625931
201206 43.588237 300.209708 276.987553 270.463938
201207 42.416222 299.811238 276.911378 270.420401
201208 41.969009 299.564392 276.852329 270.376996
201209 42.000806 299.563999 276.746107 270.260143
201210 41.656475 299.746162 276.759839 270.250361
201211 40.399898 299.846503 276.658977 270.139019
201212 39.752133 299.809210 276.429160 269.899519
201301 40.598402 299.870015 276.470605 269.966869
201302 40.361194 300.052855 276.816784 270.346544
201303 41.991757 300.390726 277.114615 270.608902
201304 43.561646 300.632845 277.488643 270.985194
201305 43.522041 300.596387 277.287267 270.757287
201306 43.742205 300.200564 277.127544 270.622047
201307 42.116991 299.742543 276.889103 270.402542
201308 41.126404 299.431475 276.709125 270.220376
201309 40.894496 299.456428 276.661060 270.165003
201310 41.554702 299.691430 276.654575 270.130426
201311 41.032903 299.857523 276.561816 270.021225
201312 40.672768 299.809951 276.585104 270.053318
201401 39.977146 299.778264 276.452286 269.965073
201402 40.495845 299.980397 276.804423 270.324957
201403 41.581916 300.313693 277.200411 270.701394
201404 42.932464 300.549986 277.377568 270.872681
201405 43.381369 300.498164 277.284278 270.760307
201406 42.837532 300.106678 276.909848 270.392809
201407 41.579493 299.615246 276.736184 270.235868
201408 41.057935 299.368285 276.687094 270.206012
201409 41.367268 299.410233 276.613372 270.129994
201410 41.028069 299.654529 276.568873 270.057427
201411 39.873838 299.738416 276.447142 269.921066
201412 39.830703 299.728338 276.307098 269.778598
201501 40.774449 299.764407 276.443006 269.917556
201502 41.018190 299.946893 276.824978 270.362541
201503 41.503207 300.319708 277.104482 270.635783
201504 42.667258 300.567382 277.389280 270.883965
201505 43.193955 300.576882 277.178074 270.634399
201506 42.704443 300.258032 277.014869 270.476574
201507 42.387779 299.880508 277.031829 270.536516
201508 41.982407 299.642842 276.998226 270.529812
201509 41.961592 299.648582 276.820803 270.330411
201510 42.241128 299.855239 276.831047 270.324508
201511 41.722403 300.000858 276.843218 270.310336
201512 41.306152 299.966848 276.575950 270.062801
201601 41.426349 299.912438 276.819770 270.329178
201602 40.582580 300.105167 277.051731 270.586606
201603 42.161296 300.419981 277.285799 270.814934
201604 43.463471 300.694804 277.435629 270.934209
201605 43.849132 300.685517 277.356610 270.848560
201606 43.177949 300.325042 277.202613 270.708944
201607 42.793445 299.918601 277.126103 270.656851
201608 42.152402 299.644511 277.005125 270.558313
201609 42.240666 299.757986 277.022464 270.558990
201610 42.242080 299.929862 277.000836 270.526880
201611 41.257353 300.036117 276.709728 270.208625
201612 40.696137 300.035650 276.748294 270.232038
201701 40.836286 300.031548 276.974193 270.506870
201702 41.528078 300.278600 277.053599 270.594561
201703 42.817288 300.593038 277.472905 271.012847
201704 43.472599 300.792208 277.707848 271.237012
201705 44.044200 300.710312 277.549913 271.055847
201706 43.948880 300.342568 277.291307 270.793035
201707 42.860496 299.872504 277.137144 270.664587
201708 42.295489 299.662803 276.951366 270.490408
201709 41.996026 299.722912 277.035686 270.582586
201710 41.371447 299.938893 276.894634 270.401638
201711 40.794569 299.952888 276.748460 270.238456
201712 40.347823 299.873496 276.644761 270.133442
201801 41.275409 299.846236 276.719803 270.231861
201802 40.718146 299.927778 276.875387 270.408626
201803 41.421915 300.209294 277.075551 270.588094
201804 42.862291 300.511357 277.285138 270.762998
201805 43.829128 300.460421 277.277468 270.745726
201806 43.159900 300.064318 276.892831 270.356328
201807 42.340675 299.603202 276.618970 270.113997
201808 41.404145 299.411100 276.660298 270.175827
201809 41.318822 299.466143 276.696230 270.212073
201810 41.275949 299.662829 276.704887 270.195974
201811 40.539369 299.751602 276.561390 270.036524
201812 39.719300 299.723198 276.458410 269.953105
201901 40.152870 299.767865 276.362404 269.869612
201902 40.420905 300.056126 276.762853 270.280382
201903 41.527699 300.357164 277.125438 270.640501
201904 43.244972 300.614131 277.276898 270.769355
201905 43.597985 300.652514 277.224730 270.692388
201906 43.526919 300.256231 277.148139 270.647305
201907 42.456556 299.776080 277.075943 270.613118
201908 41.704693 299.510952 276.810309 270.351035
201909 41.744453 299.547992 276.844801 270.368003
201910 41.718267 299.815488 276.831870 270.335378
201911 41.500991 299.971562 276.792966 270.273531
201912 41.774901 299.904568 276.764682 270.244641
202001 41.026659 299.885386 276.792800 270.310658
202002 41.432358 300.024861 276.993590 270.520585
202003 41.431377 300.344257 277.198254 270.724979
202004 43.579107 300.603841 277.465321 270.981066
202005 43.979943 300.649812 277.391363 270.860456
202006 43.313241 300.297226 277.137001 270.629354
202007 42.538041 299.861652 277.093891 270.607263
202008 42.111217 299.655139 276.999736 270.542074
202009 42.250756 299.696307 277.012801 270.546036
202010 41.391782 299.917310 276.955001 270.467956
202011 41.251423 300.071547 276.842311 270.333886
202012 41.020187 300.013476 276.827888 270.317521
202101 41.110833 300.034542 276.796456 270.299342
202102 41.807484 300.210525 277.084170 270.623819
202103 42.296496 300.445029 277.442774 270.975900
202104 43.809258 300.684685 277.530830 271.037856
202105 44.099003 300.625891 277.449691 270.936811
202106 43.646713 300.239406 277.129942 270.632317
202107 42.732013 299.822941 276.945062 270.473730
202108 41.732981 299.569633 276.944149 270.484197
202109 42.277576 299.614817 276.850816 270.383495
202110 42.413204 299.829764 276.842394 270.345227
202111 40.989562 299.927470 276.719972 270.207315
202112 40.354321 299.856695 276.556339 270.038254
202201 40.123351 299.938115 276.496978 270.003416
202202 41.470178 300.133199 277.070106 270.620253
202203 41.868715 300.478616 277.411294 270.967291
202204 43.186225 300.738352 277.563167 271.073612
202205 43.646286 300.717762 277.487019 270.979178
202206 43.124229 300.411840 277.312691 270.812211
202207 42.900070 300.061600 277.190072 270.719435
202208 42.784966 299.830384 277.167333 270.722051
202209 42.993029 299.862364 277.142582 270.691418
202210 42.944750 300.037714 277.127125 270.650167
202211 42.088548 300.197168 276.923346 270.414986
202212 41.286200 300.158106 276.934336 270.426719
202301 41.188515 300.114938 276.944508 270.453155
202302 41.913553 300.230516 277.257928 270.801842
202303 42.511201 300.568637 277.427732 270.978813
202304 43.746187 300.884221 277.760067 271.276758
202305 44.293192 300.874199 277.688734 271.192361
202306 43.697792 300.547974 277.536587 271.046635
202307 43.221611 300.152556 277.374266 270.919434
202308 43.058174 299.900070 277.298881 270.863959
202309 42.773287 299.928154 277.346279 270.914292
202310 42.226060 300.134771 277.333344 270.888080
202311 41.657289 300.209785 277.122404 270.649875
202312 40.669811 300.144542 276.913270 270.441882
202401 41.535064 300.148277 277.064199 270.613289
202402 42.327766 300.299931 277.441307 271.024680
202403 42.565578 300.616852 277.692736 271.270933
202404 43.655186 300.882977 277.735525 271.258526
202405 44.174774 300.832298 277.604613 271.102330
202406 44.245388 300.417638 277.457099 270.977261
202407 43.608878 299.997691 277.346917 270.905323
202408 42.752283 299.728675 277.068673 270.618588
202409 42.651230 299.747110 277.164291 270.712202
202410 42.026755 299.963817 277.102624 270.627057
202411 41.887001 300.101034 276.799157 270.295701
202412 41.182429 299.975732 276.810623 270.318873
