time(yyyymm) ts_cwv ts_sst ts_tlt ts_tmt
198001 39.280059 299.456511 274.596076 268.159956
198002 39.748406 299.725842 274.908913 268.496588
198003 40.913444 300.180384 275.227679 268.811379
198004 42.350103 300.490416 275.584618 269.147745
198005 42.567229 300.317319 275.493697 269.043736
198006 40.700948 299.763159 275.044511 268.578881
198007 39.409994 299.308394 274.788541 268.343301
198008 39.857361 299.198172 274.757412 268.320576
198009 40.637480 299.333202 275.027641 268.608534
198010 40.542112 299.591883 275.125983 268.683854
198011 40.391129 299.560416 274.961098 268.480591
198012 39.728390 299.384682 274.753571 268.270532
198101 38.408318 299.372931 274.458781 268.001765
198102 39.171551 299.679413 274.570360 268.114094
198103 41.461517 300.101139 275.289233 268.862894
198104 42.072699 300.466262 275.502083 269.066314
198105 42.360931 300.353248 275.441919 269.005384
198106 41.042122 299.879195 275.142311 268.710365
198107 40.418029 299.426243 274.938271 268.518011
198108 39.899417 299.261073 274.911418 268.496890
198109 40.714413 299.342851 275.114998 268.732537
198110 40.210312 299.678085 275.075477 268.629475
198111 39.600379 299.819449 275.026486 268.550978
198112 39.355990 299.684305 274.920454 268.439796
198201 39.831500 299.678532 274.860355 268.424477
198202 40.838000 299.953924 275.143168 268.720959
198203 42.092362 300.413481 275.604057 269.199116
198204 43.875055 300.709641 275.994074 269.611556
198205 43.260935 300.541882 275.946072 269.551333
198206 41.685241 300.026079 275.355817 268.915946
198207 40.505936 299.590394 275.036195 268.605189
198208 40.482323 299.476034 275.001181 268.585554
198209 41.356135 299.679847 275.371997 268.981116
198210 41.587913 299.915088 275.433120 269.016765
198211 41.277299 299.908658 275.381072 268.942261
198212 40.342235 299.798736 275.295680 268.844188
198301 39.339803 299.774172 274.956771 268.524728
198302 40.129752 299.874293 275.292066 268.886858
198303 41.150048 300.284830 275.438540 269.030827
198304 43.479435 300.407992 275.822485 269.413598
198305 41.376055 300.139755 275.403233 268.955083
198306 39.928626 299.628139 274.775100 268.281083
198307 39.609037 299.181370 274.658066 268.192615
198308 39.491322 299.100258 274.641130 268.190465
198309 39.662093 299.343813 274.850812 268.419476
198310 40.923427 299.575922 275.205096 268.776259
198311 40.189544 299.706177 275.016784 268.540747
198312 39.636049 299.511202 274.793051 268.309063
198401 39.354966 299.457767 274.588889 268.127231
198402 39.025366 299.633031 274.920884 268.488067
198403 40.758965 300.213883 275.269837 268.833178
198404 43.349165 300.571995 275.652849 269.235437
198405 42.616947 300.433699 275.730690 269.304166
198406 41.452186 299.968226 275.302524 268.865318
198407 40.470232 299.510036 274.896738 268.451318
198408 40.332793 299.431668 275.057458 268.646233
198409 41.142572 299.614194 275.327996 268.930078
198410 41.903910 299.766483 275.401971 268.982044
198411 40.754611 299.893228 275.243410 268.784059
198412 39.609580 299.738392 275.134367 268.658901
198501 39.492388 299.702338 274.719134 268.279771
198502 40.393494 299.914226 275.119429 268.700905
198503 41.052480 300.418157 275.400869 268.979291
198504 43.446436 300.820162 275.756012 269.353847
198505 43.362419 300.707997 275.917832 269.508336
198506 42.243753 300.245965 275.437434 269.004913
198507 41.251955 299.838501 275.224775 268.822431
198508 41.592874 299.720423 275.320011 268.940094
198509 42.305051 299.869733 275.648585 269.309063
198510 42.176473 300.185146 275.763984 269.395899
198511 41.815025 300.253903 275.834534 269.441127
198512 41.033586 300.157514 275.545688 269.149876
198601 40.892368 300.146923 275.349687 268.988048
198602 41.238164 300.302627 275.700385 269.380364
198603 43.305199 300.603562 275.979518 269.635327
198604 44.068305 300.902440 276.103889 269.743311
198605 43.719725 300.612156 276.011611 269.644776
198606 41.929918 300.063693 275.561001 269.170931
198607 40.246192 299.504122 275.086430 268.688445
198608 40.160385 299.357197 274.985272 268.574452
198609 41.033049 299.516500 275.355697 268.981361
198610 41.424159 299.791593 275.363698 268.962191
198611 41.121746 299.746744 275.332954 268.904492
198612 39.846008 299.609356 275.063155 268.624420
198701 39.218068 299.669658 274.687108 268.242975
198702 39.494329 299.951588 275.060166 268.644839
198703 41.417901 300.549809 275.384961 268.959159
198704 43.397167 300.820536 275.887112 269.480936
198705 42.986538 300.631945 275.781204 269.361103
198706 41.686855 300.170859 275.424102 268.982329
198707 41.366518 299.698314 275.335140 268.939875
198708 41.625262 299.699608 275.323605 268.934976
198709 42.084884 299.882727 275.557591 269.199236
198710 41.920123 300.176580 275.628223 269.221448
198711 41.690425 300.251064 275.797841 269.381448
198712 41.201560 300.160829 275.513736 269.084889
198801 40.743073 300.150662 275.401799 269.017982
198802 41.722185 300.373294 275.661273 269.285265
198803 43.511751 300.771235 276.160157 269.817573
198804 44.479625 300.929534 276.404936 270.095064
198805 43.957629 300.648376 276.123562 269.755812
198806 41.657140 300.118236 275.495607 269.079969
198807 41.170852 299.531403 275.171780 268.768322
198808 40.266699 299.402652 275.065984 268.658412
198809 40.636032 299.491108 275.245109 268.856907
198810 41.191765 299.640431 275.309737 268.898346
198811 40.375083 299.661720 275.077913 268.635485
198812 39.628458 299.460799 274.917559 268.450664
198901 39.082488 299.416763 274.552558 268.118717
198902 39.346778 299.752910 274.871881 268.440455
198903 40.900558 300.118866 275.269700 268.841661
198904 42.217462 300.409267 275.430104 268.987275
198905 41.700888 300.258666 275.364608 268.918137
198906 40.217701 299.645828 275.012546 268.562117
198907 39.384086 299.248356 274.700924 268.238025
198908 39.633545 299.119170 274.760897 268.334485
198909 40.303744 299.337615 274.952782 268.544901
198910 40.244986 299.440904 275.023936 268.591499
198911 39.932742 299.554598 274.914106 268.434713
198912 38.951852 299.462501 274.676878 268.187411
199001 37.850767 299.487659 274.412900 267.954160
199002 39.246972 299.881876 274.750947 268.294714
199003 41.368573 300.360234 275.276353 268.854408
199004 43.368091 300.767591 275.828117 269.432478
199005 43.353930 300.686693 275.734274 269.315165
199006 41.670538 300.281994 275.448025 269.018945
199007 41.244964 299.890316 275.190167 268.771311
199008 41.800463 299.833089 275.330381 268.945664
199009 42.551855 300.071471 275.703627 269.349053
199010 43.301770 300.429509 275.928403 269.553900
199011 43.562378 300.498643 276.018489 269.632070
199012 42.834605 300.386769 276.032529 269.652267
199101 41.501767 300.330840 275.770852 269.428425
199102 42.388401 300.452163 275.966604 269.640735
199103 43.805077 300.855292 276.352116 270.033541
199104 44.953463 301.134010 276.580511 270.264361
199105 45.041322 300.944553 276.522880 270.200644
199106 43.493772 300.462220 276.077178 269.728629
199107 42.168453 300.034443 275.631413 269.257543
199108 42.282220 299.779678 275.608591 269.254643
199109 42.140870 299.869321 275.750675 269.371019
199110 42.555301 299.981968 275.849186 269.458486
199111 41.533950 299.950630 275.491899 269.029151
199112 40.462215 299.802554 275.189771 268.697834
199201 40.318915 299.639816 275.110568 268.706020
199202 40.231505 299.701706 275.097657 268.664891
199203 41.487136 300.078714 275.332271 268.895440
199204 41.555835 300.294269 275.390503 268.907967
199205 41.090660 300.191867 275.221601 268.713082
199206 40.233794 299.713642 274.900702 268.396987
199207 39.601419 299.281751 274.655889 268.182203
199208 39.514463 299.058449 274.775570 268.338859
199209 39.486266 299.265512 274.863741 268.410413
199210 40.114689 299.565306 275.080788 268.624272
199211 40.305268 299.643282 274.982700 268.492608
199212 39.456774 299.566115 274.906473 268.410210
199301 39.044056 299.549999 274.667267 268.202398
199302 39.559696 299.838957 274.897703 268.441138
199303 41.097363 300.324652 275.482328 269.045732
199304 43.394540 300.733354 275.814035 269.390939
199305 43.043795 300.624742 275.868925 269.445664
199306 41.856508 300.133961 275.547097 269.114689
199307 41.198959 299.712459 275.129278 268.712786
199308 41.708098 299.587365 275.225061 268.839421
199309 41.656174 299.704926 275.518552 269.164741
199310 42.505600 300.016992 275.596283 269.195607
199311 42.267858 300.066406 275.739660 269.338308
199312 41.659333 299.936248 275.480368 269.053125
199401 41.075809 299.931620 275.215133 268.819115
199402 40.645086 300.098203 275.459231 269.072515
199403 42.489824 300.412765 275.841363 269.484770
199404 43.514346 300.682031 276.015066 269.655502
199405 43.357823 300.455997 275.998374 269.625298
199406 41.918804 299.801735 275.457685 269.064807
199407 39.858031 299.258626 274.853459 268.425215
199408 39.926768 299.186309 274.996111 268.599034
199409 40.040705 299.370184 275.144873 268.765525
199410 40.703065 299.486574 275.150209 268.730955
199411 39.706511 299.408692 274.973203 268.514784
199412 39.429274 299.235682 274.779572 268.316351
199501 38.111754 299.231746 274.341788 267.925609
199502 38.472227 299.428349 274.498750 268.073377
199503 39.934404 299.863749 274.973235 268.532533
199504 40.800521 300.153640 275.126630 268.664658
199505 40.694307 299.978806 274.977207 268.506759
199506 40.146030 299.485860 274.811367 268.348099
199507 39.064745 299.140093 274.517853 268.046957
199508 39.268295 298.989080 274.574313 268.167732
199509 39.633082 299.212689 274.836201 268.425267
199510 40.667408 299.424522 275.060268 268.643494
199511 40.241460 299.428318 274.924867 268.472673
199512 39.425047 299.275031 274.706051 268.231927
199601 38.768077 299.306392 274.510861 268.076873
199602 39.455171 299.579874 274.740930 268.321483
199603 40.988428 300.034581 275.097718 268.662508
199604 42.456981 300.483803 275.451760 269.020035
199605 42.051390 300.410704 275.443840 268.994149
199606 41.504577 299.918559 275.171624 268.733909
199607 40.947739 299.434157 275.062612 268.649510
199608 40.356457 299.329917 274.935752 268.527668
199609 41.074160 299.589744 275.176556 268.775719
199610 41.393659 299.802223 275.422040 269.021632
199611 41.376055 299.844610 275.415489 268.997836
199612 40.144539 299.716649 275.182987 268.737296
199701 39.396438 299.711771 275.013419 268.629103
199702 40.158466 300.016732 275.072170 268.684814
199703 41.571341 300.364398 275.587812 269.203299
199704 44.294262 300.646925 275.945829 269.570323
199705 43.668728 300.558976 275.874220 269.487950
199706 42.382795 300.162289 275.524204 269.110355
199707 41.381512 299.630561 275.317795 268.934106
199708 41.171978 299.498983 275.352309 268.987925
199709 42.359807 299.699129 275.531608 269.187727
199710 42.501998 299.953469 275.604981 269.234500
199711 42.294867 300.043894 275.721470 269.343054
199712 40.905470 299.944576 275.324666 268.911550
199801 40.603501 299.847322 275.260542 268.879009
199802 40.256419 300.059216 275.482854 269.103820
199803 43.157131 300.504357 275.876869 269.484786
199804 44.333109 300.813565 276.196873 269.833496
199805 44.001425 300.671771 276.228065 269.866556
199806 42.233810 300.238982 275.677352 269.267099
199807 42.025945 299.728888 275.522954 269.143550
199808 41.774171 299.550061 275.555299 269.213590
199809 41.666291 299.703817 275.672489 269.325038
199810 42.281298 300.024069 275.809536 269.429177
199811 41.586742 299.997293 275.626519 269.213895
199812 41.223244 299.836036 275.305395 268.864888
199901 39.823180 299.790756 275.049921 268.644247
199902 40.262533 300.105121 275.133181 268.733410
199903 41.910377 300.513160 275.687392 269.302816
199904 44.789200 300.880067 276.198150 269.843636
199905 44.052675 300.839610 276.186022 269.820584
199906 43.221216 300.381233 275.870859 269.503533
199907 42.025716 299.872554 275.653881 269.299706
199908 41.464167 299.795171 275.514357 269.165070
199909 42.867132 299.995441 275.816324 269.484314
199910 42.849302 300.231710 275.872631 269.516788
199911 43.453909 300.357861 275.925188 269.544121
199912 42.721350 300.229982 276.008815 269.654217
200001 41.606879 300.186138 275.683223 269.334608
200002 41.824952 300.375005 275.757950 269.403958
200003 43.469747 300.824072 276.114101 269.786631
200004 45.307125 301.110564 276.509120 270.197341
200005 44.718010 300.854812 276.413920 270.087645
200006 43.247134 300.326891 275.994301 269.637905
200007 41.876793 299.718075 275.474539 269.106898
200008 41.619312 299.470542 275.498673 269.160937
200009 41.111116 299.625679 275.488803 269.133172
200010 41.725106 299.774195 275.615017 269.243289
200011 41.439428 299.835058 275.467099 269.045370
200012 40.559029 299.620414 275.164724 268.733402
200101 39.558745 299.735128 274.886440 268.478377
200102 40.009281 300.010829 275.181405 268.782195
200103 41.536976 300.474578 275.555700 269.162881
200104 43.047111 300.684886 275.902818 269.511801
200105 43.043975 300.450307 275.781043 269.372838
200106 41.537441 299.947618 275.272047 268.837971
200107 39.638191 299.512744 274.898385 268.457621
200108 40.596331 299.448343 275.079247 268.675369
200109 41.465216 299.616239 275.467102 269.118280
200110 41.854746 299.815088 275.394814 268.998841
200111 41.539022 299.838811 275.386312 268.964486
200112 40.287063 299.700482 275.210821 268.763585
200201 39.533883 299.757048 274.976410 268.570218
200202 40.757219 300.090171 275.263848 268.859118
200203 42.477277 300.624232 275.707050 269.328037
200204 44.457305 300.984665 276.236044 269.876859
200205 44.768415 300.814340 276.276578 269.941746
200206 43.557762 300.401520 275.827569 269.466221
200207 42.298753 299.905619 275.597086 269.241884
200208 42.149221 299.772799 275.621195 269.290871
200209 43.200123 299.900909 275.838743 269.512497
200210 43.223081 300.162201 275.932753 269.591156
200211 43.424605 300.162472 275.903837 269.541317
200212 41.564112 299.994298 275.699657 269.323999
200301 41.023868 299.767241 275.215877 268.838322
200302 40.989386 300.004986 275.306701 268.917339
200303 42.035212 300.372736 275.690796 269.306253
200304 43.804070 300.652367 275.857388 269.470068
200305 43.108150 300.428340 275.818252 269.424235
200306 41.874202 299.926697 275.375657 268.967132
200307 40.634054 299.506520 275.041295 268.617707
200308 40.762642 299.324045 275.184300 268.818055
200309 40.986613 299.443125 275.340354 268.984421
200310 41.746670 299.653015 275.600286 269.239905
200311 41.008647 299.709061 275.287838 268.857952
200312 39.474348 299.568236 274.976583 268.515135
200401 39.894184 299.528882 274.870991 268.434728
200402 40.158695 299.844438 275.021027 268.581447
200403 41.862227 300.336710 275.477568 269.043917
200404 43.223087 300.706993 275.757684 269.338678
200405 42.823247 300.577384 275.838944 269.414084
200406 41.275227 300.080537 275.357146 268.907751
200407 40.531357 299.664870 275.043697 268.602807
200408 41.345899 299.596123 275.277325 268.890278
200409 42.166322 299.850717 275.633789 269.282181
200410 42.506947 300.068723 275.807790 269.435791
200411 41.925211 300.075201 275.565620 269.139419
200412 41.445120 300.034099 275.514528 269.088146
200501 40.874008 300.168276 275.426016 269.045457
200502 42.044301 300.420142 275.771761 269.425092
200503 44.066642 300.881904 276.309095 269.996344
200504 45.805057 301.155911 276.748655 270.468524
200505 45.560383 300.981606 276.694256 270.393403
200506 43.608759 300.514721 276.097655 269.771197
200507 41.750715 300.082263 275.672027 269.320854
200508 42.453661 300.024031 275.732083 269.388220
200509 43.681195 300.262802 276.126581 269.828141
200510 44.428117 300.440998 276.357328 270.058292
200511 43.554241 300.530199 276.140661 269.780259
200512 42.541212 300.528990 276.044208 269.663708
200601 41.949009 300.579677 275.840957 269.496856
200602 42.804328 300.774493 276.195800 269.899368
200603 43.871770 301.155158 276.505509 270.216410
200604 46.058757 301.453825 276.884122 270.611205
200605 46.004317 301.138675 276.834336 270.556248
200606 44.318048 300.677577 276.304339 269.971890
200607 43.468596 300.216378 276.014930 269.707455
200608 43.047285 300.094648 275.969875 269.661834
200609 44.187652 300.192850 276.246393 269.971082
200610 43.172214 300.437992 276.313845 270.010882
200611 42.723609 300.420717 276.058588 269.709301
200612 42.179840 300.312467 275.890700 269.508372
200701 41.854376 300.358516 275.829328 269.506263
200702 41.960236 300.537811 275.937234 269.607301
200703 43.970395 301.035939 276.231827 269.916578
200704 46.278420 301.300755 276.672114 270.391051
200705 45.585121 301.104752 276.645661 270.348836
200706 44.187225 300.551222 276.354034 270.048797
200707 43.086722 299.990582 275.840373 269.530327
200708 42.359452 299.759258 275.783205 269.476970
200709 42.162244 299.850864 275.878000 269.573307
200710 42.521894 300.077908 275.810027 269.459546
200711 42.363490 300.132371 275.711104 269.315367
200712 41.044063 300.033027 275.521608 269.125957
200801 40.764293 299.922962 275.268378 268.892737
200802 41.217315 300.142773 275.421900 269.060731
200803 42.812487 300.691811 275.938511 269.562295
200804 44.413365 301.144224 276.364339 270.017469
200805 44.899894 301.073507 276.268921 269.908148
200806 43.398621 300.651692 276.102583 269.747425
200807 42.872230 300.145230 275.857631 269.529376
200808 42.262454 300.016148 275.719809 269.382460
200809 43.288885 300.239821 276.069932 269.760849
200810 43.790238 300.393564 276.245420 269.920374
200811 43.096765 300.504530 275.949346 269.559611
200812 42.565070 300.432302 275.955889 269.571272
200901 42.142960 300.435402 275.939686 269.603913
200902 42.934257 300.681212 276.232142 269.921813
200903 44.549377 301.099797 276.662622 270.383919
200904 46.117169 301.386227 277.021844 270.749843
200905 45.986328 301.258948 276.883045 270.591652
200906 44.816406 300.770430 276.416660 270.100820
200907 43.435492 300.316593 276.149744 269.849604
200908 43.166136 300.167874 275.963722 269.656452
200909 43.918714 300.341841 276.263375 269.974058
200910 44.839447 300.526175 276.502490 270.200101
200911 44.009323 300.608861 276.288613 269.924837
200912 43.886505 300.458408 276.245555 269.902960
201001 42.763542 300.312070 275.910532 269.601429
201002 43.057800 300.476154 275.957901 269.649125
201003 44.445908 300.827556 276.293546 269.990954
201004 45.233504 300.972763 276.500840 270.198900
201005 44.441531 300.629184 276.170572 269.832120
201006 41.859808 299.995078 275.675991 269.309156
201007 41.155500 299.439254 275.231166 268.848739
201008 39.705900 299.277621 274.994317 268.617693
201009 40.771393 299.493932 275.350769 268.981104
201010 41.588682 299.647300 275.576333 269.201166
201011 40.587293 299.613567 275.223223 268.789961
201012 39.602990 299.537047 274.870008 268.398143
201101 38.904391 299.608473 274.590962 268.159052
201102 39.572074 299.890511 274.825517 268.385639
201103 42.229903 300.489898 275.488860 269.064666
201104 44.800132 300.945258 276.028447 269.644382
201105 44.042856 300.833774 276.052285 269.663799
201106 42.892573 300.337816 275.737653 269.348220
201107 41.197558 299.898552 275.412019 269.024929
201108 41.394089 299.838811 275.498075 269.130278
201109 42.555648 300.035022 275.906098 269.576729
201110 43.616710 300.333182 275.974642 269.606879
201111 42.834316 300.364675 275.829639 269.433702
201112 42.287339 300.244418 275.737178 269.340960
201201 41.538157 300.268291 275.639682 269.286237
201202 42.746933 300.503612 276.009037 269.691523
201203 44.490058 300.977652 276.445883 270.151282
201204 46.199975 301.279550 276.770756 270.495401
201205 45.379017 301.093753 276.759743 270.454539
201206 44.014824 300.538400 276.138873 269.791655
201207 42.741595 300.049001 275.908187 269.580918
201208 42.687261 299.933284 275.809207 269.489006
201209 43.408116 300.183076 276.140307 269.851431
201210 44.211445 300.379873 276.352706 270.034804
201211 42.769938 300.530599 276.091986 269.705173
201212 42.587458 300.328985 275.934074 269.544212
201301 41.249809 300.307326 275.676447 269.330866
201302 41.808018 300.503291 275.790214 269.471895
201303 43.260268 300.841412 276.292406 269.964342
201304 44.775103 301.046506 276.397682 270.055972
201305 44.167143 300.852671 276.240327 269.875383
201306 43.685256 300.353500 275.930799 269.566565
201307 42.278468 299.885173 275.684468 269.340326
201308 41.385202 299.741495 275.677220 269.344132
201309 42.795807 299.980307 275.881368 269.553573
201310 42.443705 300.228686 276.113464 269.769482
201311 42.791181 300.231111 275.847811 269.470682
201312 41.689934 300.141578 275.647917 269.232597
201401 41.506192 300.132124 275.517406 269.158436
201402 41.824598 300.418339 275.713885 269.372896
201403 43.325436 300.838026 276.146085 269.819328
201404 45.460872 301.077985 276.379139 270.063052
201405 45.612932 300.989041 276.434808 270.118984
201406 44.118112 300.597369 276.151237 269.816241
201407 42.477262 300.141432 275.795857 269.455409
201408 42.629927 300.115777 275.818705 269.505279
201409 43.780485 300.364870 276.208618 269.930469
201410 44.550560 300.576269 276.475018 270.196637
201411 44.475763 300.538115 276.392019 270.076138
201412 43.030650 300.484887 276.159620 269.821859
201501 41.918473 300.383442 275.903115 269.563846
201502 42.579524 300.463593 276.263113 269.947081
201503 43.446818 300.909954 276.376050 270.043920
201504 45.355935 301.181437 276.581064 270.256006
201505 44.823509 301.004607 276.467032 270.119593
201506 43.259520 300.502938 276.007242 269.666371
201507 43.014400 300.072812 275.807831 269.472942
201508 42.735957 300.032464 275.907003 269.590584
201509 43.318458 300.190792 276.154626 269.860910
201510 44.096759 300.357645 276.305397 270.007741
201511 43.006616 300.364193 276.064784 269.693097
201512 42.029501 300.283505 275.758696 269.364009
201601 42.149751 300.310698 275.764425 269.417768
201602 41.386538 300.498838 275.981143 269.663671
201603 43.381082 300.901980 276.297116 269.978869
201604 45.508610 301.274157 276.607860 270.273067
201605 45.403243 301.149047 276.475242 270.122380
201606 44.882128 300.649501 276.334728 270.008751
201607 43.767630 300.200241 276.052308 269.751897
201608 43.593009 300.073546 276.205333 269.934061
201609 44.236485 300.247399 276.460130 270.202545
201610 44.842348 300.467995 276.556174 270.252174
201611 44.299070 300.444892 276.448493 270.123631
201612 42.838794 300.339618 276.162573 269.832037
201701 42.034141 300.158350 275.784387 269.479783
201702 41.627322 300.375109 275.872274 269.565753
201703 43.606947 300.716260 276.241131 269.946660
201704 44.296546 300.920597 276.269098 269.939084
201705 43.792811 300.720140 276.119575 269.762766
201706 42.677500 300.123040 275.685671 269.308055
201707 41.715248 299.675399 275.422456 269.057190
201708 41.153149 299.537420 275.595205 269.272273
201709 42.105588 299.660818 275.782699 269.477743
201710 43.146150 299.832711 275.916269 269.581747
201711 42.169667 299.908183 275.663116 269.280308
201712 40.991428 299.882468 275.358881 268.927970
201801 40.846436 299.885843 275.191028 268.794008
201802 40.976676 300.162250 275.393492 269.013251
201803 42.589732 300.657373 275.857228 269.497977
201804 44.466536 301.144286 276.182139 269.832813
201805 45.123189 301.027268 276.423179 270.078188
201806 43.649266 300.593101 275.983460 269.627416
201807 42.605362 300.136787 275.772657 269.430534
201808 43.496124 300.118736 275.940121 269.617799
201809 43.736431 300.434496 276.216910 269.913725
201810 45.073487 300.669626 276.512549 270.214089
201811 44.652065 300.837401 276.434393 270.103489
201812 43.727327 300.746875 276.267597 269.914781
201901 43.927258 300.694158 276.305426 270.006980
201902 44.413074 300.971030 276.606170 270.347052
201903 45.885029 301.462319 277.061120 270.835869
201904 47.232843 301.674696 277.228790 271.004382
201905 47.016512 301.501437 277.158131 270.920998
201906 45.319769 300.960300 276.752938 270.489587
201907 44.978303 300.487198 276.345600 270.071597
201908 44.598474 300.357597 276.396179 270.136495
201909 45.760624 300.411293 276.747253 270.541226
201910 45.639347 300.522761 276.630228 270.374832
201911 43.452519 300.505797 276.343405 270.022906
201912 42.406079 300.285939 276.053094 269.697450
202001 41.406015 300.178971 275.729263 269.402505
202002 42.045242 300.267034 275.846715 269.519932
202003 42.771661 300.721921 276.014228 269.667573
202004 44.334192 300.874049 276.252527 269.904728
202005 43.651560 300.701010 276.061918 269.681622
202006 42.065913 300.234492 275.651415 269.256865
202007 41.630372 299.780786 275.403698 269.025699
202008 41.544912 299.704232 275.556925 269.215495
202009 42.355916 299.859991 275.924659 269.624852
202010 43.332297 300.150121 275.993172 269.656939
202011 43.207654 300.198620 275.986256 269.615368
202012 42.427808 300.023408 275.792847 269.407897
202101 41.717849 300.007473 275.477358 269.113715
202102 41.425511 300.202743 275.599059 269.230171
202103 43.069240 300.685251 276.002337 269.648374
202104 44.808815 300.974724 276.334721 269.990429
202105 45.070629 300.906012 276.337442 269.977759
202106 42.981675 300.430622 276.033004 269.668149
202107 41.477420 300.023344 275.570510 269.197927
202108 43.011620 299.964737 275.851341 269.541546
202109 44.265790 300.189126 276.237428 269.966554
202110 44.609664 300.379415 276.385013 270.088227
202111 43.600763 300.363194 276.177065 269.848388
202112 41.857997 300.236549 275.804985 269.419991
202201 41.478430 300.174537 275.612147 269.282244
202202 41.922820 300.457703 275.768599 269.430756
202203 44.299155 300.965597 276.267991 269.945000
202204 45.868624 301.363221 276.739522 270.420604
202205 46.068492 301.222798 276.684874 270.365989
202206 44.622484 300.786366 276.335520 270.015257
202207 43.653400 300.279050 276.016685 269.703221
202208 43.982973 300.267102 276.184122 269.895542
202209 44.529843 300.564338 276.502742 270.235321
202210 45.533102 300.747107 276.732533 270.454716
202211 45.008659 300.856793 276.745333 270.438713
202212 44.582368 300.754623 276.507742 270.195942
202301 43.653026 300.736214 276.334048 270.069798
202302 43.889629 300.941476 276.524261 270.254885
202303 45.554164 301.351053 276.939809 270.692459
202304 47.627980 301.638984 277.332829 271.103471
202305 47.182946 301.494364 277.285257 271.032048
202306 45.429546 301.012285 276.705539 270.414157
202307 44.620494 300.525791 276.529023 270.274144
202308 43.863684 300.467125 276.486787 270.227111
202309 44.987137 300.740691 276.721923 270.477627
202310 45.424121 300.940663 277.035118 270.801867
202311 45.628668 300.830425 276.938740 270.667176
202312 43.771230 300.730290 276.591157 270.283362
202401 43.285618 300.725244 276.336063 270.069876
202402 43.584974 300.872275 276.433069 270.143552
202403 45.094019 301.231817 276.745718 270.467534
202404 46.997549 301.559332 277.009265 270.741312
202405 46.549899 301.398472 277.009584 270.743219
202406 45.330750 300.921966 276.602004 270.310200
202407 44.183725 300.466025 276.352038 270.059056
202408 44.519227 300.342791 276.431428 270.170537
202409 45.108403 300.438488 276.571507 270.333966
202410 45.336360 300.634701 276.704883 270.439255
202411 44.420833 300.672555 276.618365 270.319361
202412 43.940429 300.461043 276.427956 270.124033
