time(yyyymm) ts_cwv ts_sst ts_tlt ts_tmt
198001 40.632083 300.338248 276.548578 270.104853
198002 39.975627 300.493341 276.877850 270.440644
198003 41.298225 300.649097 277.236522 270.793404
198004 41.592496 300.832719 277.226534 270.791292
198005 43.000956 300.768939 276.887923 270.386910
198006 42.255746 300.363461 276.598601 270.107219
198007 41.105806 299.942001 276.224332 269.762627
198008 40.643872 299.821491 276.148301 269.670454
198009 40.313910 299.937696 276.342522 269.877127
198010 41.213438 300.167728 276.369504 269.834733
198011 41.440660 300.324681 276.695757 270.203398
198012 41.341518 300.325733 276.713723 270.283082
198101 40.151002 300.340665 276.671299 270.244539
198102 39.428762 300.436133 276.788556 270.357449
198103 39.996644 300.634349 277.090723 270.676940
198104 41.959349 300.780012 277.074307 270.605478
198105 41.723462 300.711841 276.877786 270.389028
198106 41.748969 300.340845 276.719235 270.262738
198107 41.125579 300.016983 276.357937 269.910479
198108 41.019146 299.811705 276.420693 270.004999
198109 40.227283 299.821225 276.366986 269.933491
198110 40.525235 300.001013 276.489069 269.998061
198111 40.106387 300.109714 276.584036 270.111784
198112 39.948349 300.169733 276.404718 269.930427
198201 40.494812 300.185866 276.583520 270.152312
198202 40.370950 300.364340 276.830318 270.392675
198203 40.895599 300.526432 276.996726 270.581580
198204 41.996309 300.642389 276.934498 270.463765
198205 42.275885 300.568674 276.804490 270.316469
198206 41.318241 300.180063 276.443528 269.988245
198207 40.617828 299.778014 276.115374 269.666851
198208 39.956103 299.584386 275.954330 269.482082
198209 39.362475 299.643416 276.119228 269.634066
198210 39.815342 299.840399 276.188200 269.661633
198211 39.048581 300.073177 276.142844 269.594976
198212 39.809529 300.087657 276.208622 269.696687
198301 40.307401 300.070839 276.437879 269.977986
198302 39.079747 300.225103 276.590391 270.150880
198303 40.021673 300.443144 276.737128 270.253962
198304 41.310386 300.521519 276.706406 270.208164
198305 41.554024 300.447421 276.498566 269.950598
198306 40.912947 300.155158 276.161509 269.643315
198307 39.585908 299.826813 276.022888 269.551859
198308 39.190422 299.753577 275.944351 269.453281
198309 39.459685 299.961588 276.246735 269.766183
198310 40.205714 300.191257 276.528956 270.042353
198311 40.533062 300.346581 276.555624 270.056288
198312 40.643456 300.370958 276.618557 270.139906
198401 41.200438 300.413814 276.960667 270.537439
198402 40.919897 300.568666 277.280023 270.932054
198403 40.626633 300.843719 277.517266 271.142697
198404 41.817996 300.906862 277.408820 270.987016
198405 42.281587 300.788455 276.835311 270.365219
198406 41.934990 300.363980 276.710435 270.268382
198407 41.338347 299.852212 276.190027 269.753601
198408 40.002463 299.638213 276.103448 269.639528
198409 39.803381 299.658275 276.147323 269.696521
198410 40.512470 299.899255 276.182495 269.665597
198411 39.892958 300.071963 276.347128 269.840506
198412 39.794400 300.070288 276.290244 269.812357
198501 39.744503 300.076717 276.224804 269.742160
198502 40.153970 300.224173 276.531255 270.046989
198503 41.075481 300.489233 276.731685 270.252485
198504 41.835976 300.666026 276.743990 270.238602
198505 43.111095 300.570696 276.643560 270.121472
198506 41.195664 300.275797 276.324127 269.807890
198507 40.552844 299.921640 276.133135 269.665864
198508 40.273321 299.789234 276.220403 269.777435
198509 39.942437 299.855589 276.364218 269.912925
198510 41.019154 300.052534 276.446531 269.962977
198511 40.191091 300.300249 276.519811 270.019757
198512 40.505798 300.358670 276.603812 270.115379
198601 41.018358 300.394440 276.883642 270.470489
198602 41.239253 300.521195 277.118139 270.741443
198603 42.082826 300.758022 277.451975 271.096674
198604 42.461233 300.885175 277.472254 271.051464
198605 43.201289 300.782538 276.967552 270.499933
198606 42.433617 300.359441 276.607473 270.149678
198607 40.809546 299.959455 276.119106 269.620463
198608 41.063891 299.786094 276.129791 269.665816
198609 40.960135 299.867087 276.254719 269.785300
198610 40.053227 300.022865 276.417828 269.937407
198611 39.992189 300.232400 276.441382 269.909449
198612 39.990823 300.303258 276.471811 269.970493
198701 39.389452 300.297452 276.563984 270.110199
198702 38.832145 300.432408 276.735653 270.288092
198703 40.727780 300.690378 276.958064 270.479341
198704 41.232533 300.899743 277.092637 270.592471
198705 42.585553 300.845361 276.876197 270.367243
198706 42.715987 300.481741 276.739666 270.293395
198707 41.897046 300.113785 276.528033 270.106186
198708 40.079036 299.939546 276.412583 269.978905
198709 40.911979 300.034737 276.554827 270.112597
198710 40.754236 300.241169 276.705935 270.231358
198711 41.449091 300.468214 276.922337 270.457979
198712 41.598364 300.559822 276.820926 270.379947
198801 41.940477 300.666173 277.266522 270.873308
198802 41.223475 300.878089 277.669692 271.307506
198803 41.631563 301.146397 277.745297 271.339761
198804 43.095207 301.206130 277.651304 271.256706
198805 42.777901 301.007917 277.151525 270.695377
198806 42.214353 300.535030 276.774649 270.323798
198807 40.920828 300.134464 276.288184 269.814369
198808 41.079581 299.947764 276.225407 269.736922
198809 41.167502 300.025471 276.474543 270.016546
198810 41.177985 300.213500 276.580597 270.102288
198811 40.784919 300.391207 276.661435 270.145919
198812 39.635208 300.450598 276.653698 270.162080
198901 40.355517 300.386645 276.744713 270.309069
198902 39.906019 300.421934 276.957467 270.540413
198903 40.491221 300.692074 277.071982 270.649606
198904 41.181800 300.907891 276.958978 270.470419
198905 42.491748 300.811661 276.884688 270.387483
198906 42.515966 300.492519 276.637587 270.145867
198907 41.286623 300.114016 276.457026 269.992252
198908 40.957457 299.962205 276.337117 269.884566
198909 40.528877 300.082654 276.505719 270.033710
198910 40.799402 300.304984 276.708290 270.218806
198911 40.431187 300.506966 276.762695 270.258626
198912 40.298752 300.564189 276.758501 270.282660
199001 41.090540 300.615150 277.056997 270.623099
199002 41.722850 300.723898 277.357839 270.979599
199003 41.830640 300.957072 277.551013 271.201771
199004 43.482907 301.105367 277.545581 271.146431
199005 44.495763 300.929043 277.370534 270.946127
199006 42.854382 300.519624 276.924768 270.498936
199007 40.885713 300.106481 276.628788 270.222434
199008 41.019713 299.880907 276.339636 269.912772
199009 41.142908 299.918696 276.505777 270.063696
199010 40.574203 300.099285 276.530803 270.048221
199011 39.819371 300.232873 276.524940 270.027683
199012 40.180578 300.257160 276.548057 270.087940
199101 40.727673 300.277860 276.621992 270.166383
199102 40.081795 300.428878 276.901885 270.473700
199103 40.589130 300.675636 277.010934 270.555833
199104 42.112598 300.867874 277.131696 270.637646
199105 43.116749 300.793752 276.961173 270.462425
199106 41.829361 300.518039 276.714087 270.235115
199107 41.289630 300.150401 276.528453 270.097621
199108 40.298200 299.893356 276.439654 270.036625
199109 39.895424 299.915556 276.448480 269.977924
199110 41.301233 300.049690 276.459867 269.957282
199111 39.788609 300.156795 276.493244 269.976212
199112 39.846941 300.124237 276.321748 269.797424
199201 39.631757 300.141872 276.310130 269.796612
199202 41.050847 300.203648 276.620444 270.163823
199203 40.923458 300.443278 276.899697 270.421838
199204 41.072674 300.563069 276.758391 270.255487
199205 41.141063 300.479937 276.442651 269.881746
199206 40.678762 300.124393 276.223809 269.698071
199207 40.292395 299.712455 276.030736 269.577727
199208 39.309502 299.581611 275.890758 269.387029
199209 39.034777 299.624958 276.197743 269.741293
199210 39.617028 299.845062 276.046608 269.518152
199211 39.400043 300.005043 276.162671 269.638515
199212 39.564672 300.081335 276.132304 269.622590
199301 39.644710 300.141868 276.381388 269.913554
199302 39.244978 300.370768 276.712536 270.281714
199303 40.164767 300.577796 276.933478 270.496705
199304 41.834570 300.695023 276.899243 270.438560
199305 41.641595 300.519564 276.747561 270.271291
199306 41.218032 300.166762 276.305756 269.799187
199307 40.183476 299.778911 276.003259 269.528879
199308 39.779463 299.641263 275.954025 269.467155
199309 40.129562 299.739492 276.207718 269.724252
199310 39.722867 299.995424 276.231170 269.698913
199311 39.781485 300.200547 276.198083 269.659493
199312 39.894493 300.266728 276.367074 269.894099
199401 39.707756 300.340551 276.649552 270.204625
199402 39.882958 300.411607 277.020436 270.632153
199403 40.861852 300.648504 277.352098 270.966477
199404 41.439984 300.821604 277.169634 270.715150
199405 42.660928 300.641779 276.970169 270.512529
199406 41.342200 300.258284 276.453062 269.998579
199407 40.893603 299.870036 276.107848 269.627707
199408 40.163710 299.664524 275.981881 269.521287
199409 40.291219 299.697815 276.196356 269.730846
199410 39.878242 299.963168 276.313421 269.814944
199411 40.170004 300.160517 276.352249 269.837778
199412 40.521622 300.226331 276.464204 270.000703
199501 39.940138 300.219839 276.566382 270.133338
199502 40.043603 300.337355 276.940614 270.535226
199503 40.045952 300.627758 277.105748 270.674335
199504 41.231869 300.777975 277.056944 270.614715
199505 42.796010 300.696208 276.947883 270.484841
199506 41.786166 300.347516 276.524460 270.056725
199507 41.682334 299.956742 276.301526 269.855895
199508 40.717456 299.744884 276.464088 270.087055
199509 39.640634 299.834718 276.339318 269.883886
199510 39.821896 300.057024 276.534622 270.077152
199511 40.470132 300.240686 276.479149 269.991577
199512 40.556694 300.289208 276.533555 270.075908
199601 40.570585 300.367397 276.668861 270.253765
199602 40.739103 300.507949 277.031436 270.680558
199603 40.914597 300.722161 277.233133 270.840716
199604 41.855025 300.841815 277.323236 270.915270
199605 42.685802 300.743918 276.921908 270.434972
199606 42.642138 300.344229 276.560040 270.108746
199607 40.471964 299.953759 276.206870 269.743420
199608 41.088721 299.833643 276.264207 269.808925
199609 41.225724 299.883882 276.416111 269.985823
199610 40.597100 300.147824 276.500642 270.039673
199611 40.889256 300.384819 276.578650 270.075027
199612 41.196896 300.435291 276.708074 270.242113
199701 41.205841 300.498308 276.916302 270.477172
199702 40.707676 300.616407 277.302712 270.905052
199703 40.826234 300.890234 277.425571 271.027679
199704 42.545952 301.021366 277.405724 270.976096
199705 43.065996 300.904390 277.374203 270.929674
199706 42.393476 300.512898 276.797815 270.361133
199707 41.316979 300.074677 276.293585 269.858592
199708 40.861124 299.847621 276.401207 269.999337
199709 40.278285 299.887513 276.522116 270.092668
199710 41.137670 300.061719 276.749440 270.313945
199711 39.811160 300.256113 276.732368 270.275787
199712 39.834850 300.333298 276.547318 270.103435
199801 40.470673 300.373495 276.650581 270.201790
199802 40.542132 300.515243 276.988814 270.572446
199803 40.332557 300.795046 277.143609 270.693828
199804 42.435703 300.978597 277.228458 270.768497
199805 43.614100 300.829127 277.196503 270.761201
199806 41.844578 300.531866 276.804780 270.353059
199807 41.320930 300.172173 276.495688 270.070331
199808 40.804388 300.031212 276.444984 269.994972
199809 41.857691 300.101591 276.706032 270.275062
199810 41.394933 300.324374 276.812980 270.349546
199811 40.967822 300.490110 276.941205 270.486691
199812 40.622223 300.526098 276.947725 270.494456
199901 41.522543 300.519522 277.032893 270.633320
199902 42.711199 300.592982 277.387549 271.025899
199903 41.974038 300.829085 277.456490 271.021445
199904 41.912279 300.958790 277.343030 270.893490
199905 43.210750 300.788199 277.024039 270.532117
199906 42.759962 300.453683 276.647347 270.151839
199907 41.114554 300.001336 276.514621 270.097717
199908 41.259575 299.772598 276.459816 270.049133
199909 40.872754 299.777784 276.472678 270.054160
199910 40.263885 299.950837 276.414903 269.952370
199911 40.046659 300.130647 276.419015 269.909125
199912 40.399560 300.118468 276.537776 270.075401
200001 40.040022 300.077488 276.574632 270.161547
200002 39.418412 300.280792 276.489234 269.981307
200003 41.171020 300.594784 276.777192 270.271032
200004 42.084839 300.837561 276.868015 270.347324
200005 43.131726 300.740027 276.892887 270.391950
200006 42.167304 300.428501 276.677760 270.206250
200007 41.791992 300.076918 276.419923 269.989897
200008 42.121768 299.893232 276.430834 270.003128
200009 41.321401 299.920275 276.571428 270.133830
200010 39.912249 300.124764 276.686362 270.210881
200011 40.637641 300.298752 276.668562 270.180627
200012 40.468601 300.373397 276.731669 270.288744
200101 41.428034 300.354750 276.740949 270.313342
200102 41.240573 300.451273 276.861542 270.455919
200103 41.016811 300.696164 277.112146 270.669095
200104 41.959620 300.890733 277.155005 270.680200
200105 42.665728 300.808573 277.016311 270.532932
200106 42.117037 300.476856 276.670188 270.175205
200107 41.018541 300.137431 276.407554 269.988671
200108 41.530767 299.904024 276.565405 270.165401
200109 40.827275 300.017402 276.686651 270.260100
200110 40.401020 300.230664 276.816326 270.360533
200111 41.273019 300.435313 276.689630 270.190523
200112 40.612319 300.563701 276.833004 270.366081
200201 41.661378 300.595797 276.970931 270.552344
200202 41.100803 300.748381 277.217151 270.810904
200203 41.382104 301.012595 277.583247 271.184965
200204 43.386343 301.160945 277.640445 271.221089
200205 43.261223 301.100943 277.383387 270.945370
200206 42.554515 300.735629 277.220915 270.839103
200207 42.436473 300.343810 276.903815 270.537746
200208 41.551361 300.179771 276.987275 270.615695
200209 41.464027 300.280959 276.983953 270.593695
200210 41.891106 300.439960 277.122241 270.706563
200211 41.200808 300.624252 277.056596 270.609909
200212 41.049263 300.656190 276.941005 270.512452
200301 42.404206 300.762412 277.216671 270.829590
200302 42.110246 300.900775 277.837434 271.511968
200303 42.763993 301.216294 277.922313 271.560546
200304 43.389776 301.295937 277.905187 271.547059
200305 43.931826 301.153180 277.516817 271.072381
200306 43.421477 300.796935 277.188966 270.775067
200307 41.725699 300.364911 276.826260 270.443075
200308 42.427289 300.188122 276.747383 270.356767
200309 40.828727 300.261133 276.870099 270.445473
200310 41.367998 300.445604 276.848119 270.409265
200311 41.603400 300.642023 276.961593 270.505364
200312 41.564313 300.712098 277.027432 270.597179
200401 41.248802 300.779939 277.172691 270.750054
200402 42.317782 300.933502 277.543064 271.179597
200403 42.849727 301.206805 277.901134 271.543084
200404 43.185103 301.356539 277.873684 271.490530
200405 44.313036 301.196993 277.666151 271.249666
200406 42.962933 300.780985 277.137016 270.714127
200407 41.969242 300.364418 276.817420 270.426355
200408 41.806411 300.133725 276.795121 270.407464
200409 42.108845 300.170407 276.857875 270.443278
200410 41.802297 300.403131 276.934810 270.475090
200411 41.272637 300.596836 277.051266 270.567246
200412 40.789649 300.702813 276.925129 270.453893
200501 42.251356 300.696324 277.212786 270.817070
200502 42.283001 300.853352 277.478034 271.107400
200503 43.271699 301.002406 277.839230 271.512226
200504 44.157447 301.139386 277.688090 271.291724
200505 43.255689 300.954734 277.401143 270.959518
200506 42.116144 300.603295 276.708898 270.228113
200507 42.390259 300.284391 276.472759 269.993580
200508 41.514225 300.073027 276.695046 270.294421
200509 41.499509 300.088225 276.735629 270.336244
200510 41.227286 300.299353 276.854197 270.407559
200511 41.439942 300.424699 276.831856 270.380896
200512 41.480555 300.448138 276.921132 270.502218
200601 41.042509 300.436297 276.787800 270.372374
200602 41.456274 300.507354 276.993593 270.605524
200603 41.790503 300.701135 277.218781 270.795694
200604 42.385433 300.846310 277.112965 270.614196
200605 42.914067 300.771288 276.885688 270.367433
200606 41.951039 300.418357 276.471046 269.978321
200607 41.005685 300.051384 276.211255 269.736523
200608 41.276011 299.950799 276.377554 269.938794
200609 40.360132 300.028905 276.612058 270.170659
200610 39.728549 300.252947 276.742326 270.288936
200611 41.055215 300.360756 276.826602 270.370620
200612 40.577319 300.453061 276.707992 270.253490
200701 41.375608 300.509288 277.008707 270.607814
200702 41.164290 300.782209 277.196501 270.773817
200703 41.644752 301.039001 277.711865 271.327097
200704 42.950943 301.155145 277.657047 271.278864
200705 43.577617 301.043346 277.417533 270.996706
200706 42.741484 300.698333 277.002959 270.578431
200707 41.436017 300.353115 276.676281 270.223696
200708 41.250218 300.190588 276.779808 270.361951
200709 41.188038 300.273147 276.943229 270.540693
200710 41.433068 300.451471 277.037601 270.615060
200711 42.028745 300.571830 277.130803 270.705590
200712 41.681758 300.623092 277.091496 270.673431
200801 40.848292 300.686631 277.280455 270.897412
200802 41.499947 300.752204 277.520332 271.170473
200803 42.301720 301.051466 277.805418 271.437892
200804 43.375508 301.215139 277.890737 271.525656
200805 43.481980 301.176841 277.513761 271.087662
200806 42.643566 300.780943 277.226195 270.825056
200807 42.408788 300.373705 276.960636 270.563825
200808 42.114954 300.184151 276.832163 270.443584
200809 42.252999 300.202451 276.943308 270.554091
200810 41.369163 300.442301 276.898506 270.430591
200811 41.822208 300.609782 277.014775 270.572869
200812 40.734005 300.665324 276.973613 270.520240
200901 41.925567 300.625469 277.098575 270.700241
200902 42.316274 300.736035 277.354035 270.999649
200903 42.625006 301.018317 277.517804 271.139775
200904 43.682724 301.178729 277.596757 271.179213
200905 43.881893 301.054682 277.393083 270.930111
200906 43.050693 300.717718 277.106815 270.690953
200907 41.593592 300.370860 276.651615 270.221050
200908 42.346837 300.236296 276.964234 270.580072
200909 41.936028 300.337060 276.881811 270.458469
200910 41.990312 300.545242 277.196606 270.754793
200911 41.800500 300.714412 277.283671 270.840668
200912 42.490479 300.759129 277.194867 270.780570
201001 42.108359 300.849921 277.404857 271.037734
201002 41.715676 300.889303 277.863257 271.567686
201003 42.138474 301.055772 277.875811 271.527393
201004 43.248723 301.198724 277.666773 271.262942
201005 44.357795 301.042052 277.445586 271.028489
201006 42.594850 300.650425 276.983982 270.530449
201007 42.668495 300.272131 276.730786 270.322474
201008 41.900801 300.093738 276.847057 270.469747
201009 41.301545 300.173341 276.891892 270.487623
201010 42.043511 300.405070 277.085692 270.664895
201011 41.163651 300.551202 276.878999 270.423855
201012 41.659738 300.585327 276.989566 270.592564
201101 41.065434 300.702444 276.994624 270.541933
201102 41.776540 300.867961 277.285562 270.884084
201103 42.868162 301.147872 277.801614 271.414257
201104 42.941560 301.265815 278.004705 271.641124
201105 44.707610 301.118933 277.633178 271.270894
201106 43.462433 300.778788 277.190200 270.773333
201107 42.406530 300.371510 276.885460 270.486994
201108 41.466789 300.166535 276.954296 270.576656
201109 41.913768 300.204347 276.963307 270.569387
201110 41.098767 300.405121 277.045755 270.609418
201111 41.723853 300.589831 277.029203 270.564219
201112 42.108715 300.679023 277.056481 270.611956
201201 41.978473 300.741967 277.212164 270.803853
201202 41.600976 300.936588 277.521238 271.114111
201203 42.473728 301.233645 277.764574 271.350443
201204 43.633133 301.425380 277.907887 271.504543
201205 45.002462 301.293505 277.865559 271.481118
201206 43.946567 300.919923 277.440682 271.056511
201207 43.037407 300.514446 277.179601 270.831328
201208 42.311777 300.263633 276.984934 270.612137
201209 41.670512 300.294290 277.119649 270.740102
201210 41.835488 300.499901 276.991203 270.549022
201211 42.154010 300.690967 277.164871 270.701380
201212 41.762771 300.766488 277.181977 270.742886
201301 41.760321 300.812869 277.250206 270.837799
201302 42.435095 300.953774 277.674395 271.322412
201303 42.059760 301.105798 277.836028 271.465298
201304 43.220052 301.314458 277.689446 271.265002
201305 44.347549 301.154489 277.549480 271.136131
201306 43.009874 300.767516 277.178943 270.780173
201307 42.230587 300.378790 276.933012 270.546851
201308 41.685647 300.202177 276.743364 270.342127
201309 41.753439 300.262305 277.011988 270.618780
201310 41.546235 300.509366 277.003375 270.565728
201311 41.339658 300.710898 277.121053 270.665783
201312 41.276414 300.777039 277.067316 270.603078
201401 42.381027 300.850282 277.133124 270.718854
201402 42.252679 300.995672 277.646697 271.259166
201403 42.073565 301.262317 277.959672 271.584986
201404 43.898926 301.442840 277.925352 271.519857
201405 45.065985 301.327534 277.843246 271.459044
201406 43.421350 300.989640 277.485866 271.092872
201407 43.009418 300.644275 277.115332 270.715817
201408 42.776025 300.503870 277.104078 270.719763
201409 42.688959 300.583190 277.306231 270.914166
201410 42.737534 300.764577 277.465651 271.052220
201411 42.610514 300.961847 277.435390 271.023452
201412 42.353842 300.984913 277.460725 271.079649
201501 42.067463 301.120647 277.504739 271.096904
201502 42.441607 301.294189 277.910887 271.546104
201503 43.196392 301.555069 278.267785 271.907445
201504 44.543469 301.659574 278.532912 272.175620
201505 44.526009 301.520880 278.294244 271.895252
201506 44.770990 301.129710 277.939086 271.535801
201507 43.103260 300.736882 277.558191 271.149860
201508 42.921343 300.546715 277.542784 271.163733
201509 42.687907 300.638658 277.476338 271.053194
201510 43.008083 300.877932 277.509397 271.042258
201511 42.396232 301.101265 277.569274 271.086914
201512 43.613967 301.054867 277.688202 271.250778
201601 43.153893 301.077736 277.826070 271.411324
201602 42.722779 301.132877 278.012855 271.700457
201603 43.333091 301.426111 278.288235 271.923285
201604 43.794764 301.581480 278.222292 271.808172
201605 45.795880 301.402630 278.287761 271.890175
201606 44.322003 301.012233 277.801332 271.369865
201607 42.908944 300.589930 277.472923 271.060074
201608 42.717822 300.389275 277.364968 270.966914
201609 42.718783 300.385798 277.481048 271.078312
201610 42.753352 300.574075 277.346686 270.884729
201611 41.675215 300.706262 277.470504 271.007248
201612 41.406784 300.786332 277.331870 270.848310
201701 42.334495 300.818148 277.546963 271.132602
201702 42.232029 300.990194 277.666655 271.236840
201703 41.763834 301.240446 277.890317 271.428427
201704 42.862933 301.408532 277.932411 271.431141
201705 42.805984 301.336781 277.660221 271.120479
201706 43.449355 301.002805 277.515137 271.021848
201707 43.572149 300.666201 277.347625 270.892096
201708 43.302364 300.460700 277.536455 271.148685
201709 42.418725 300.523210 277.505629 271.090118
201710 41.428602 300.656921 277.581231 271.160690
201711 42.231323 300.805240 277.448978 270.986793
201712 41.771939 300.882130 277.429343 270.961888
201801 42.403257 300.877762 277.736544 271.365606
201802 41.426994 301.088286 277.883180 271.498022
201803 42.502716 301.336902 278.080318 271.672063
201804 43.636980 301.538231 278.052955 271.605119
201805 45.214771 301.465855 278.020273 271.567831
201806 44.748169 301.091724 277.852850 271.427424
201807 44.011332 300.780781 277.687815 271.289369
201808 42.966930 300.632733 277.723646 271.351230
201809 42.917992 300.687133 277.680520 271.285652
201810 43.347662 300.901134 277.695752 271.256957
201811 42.417768 301.139298 277.925480 271.470786
201812 42.893901 301.204979 277.789335 271.365208
201901 43.136694 301.241532 277.939295 271.537099
201902 44.128270 301.419117 278.402033 272.062924
201903 43.701881 301.708895 278.646818 272.328697
201904 45.088716 301.836935 278.740781 272.399689
201905 45.375020 301.642731 278.539415 272.143042
201906 44.532495 301.162578 277.968854 271.558705
201907 43.268826 300.652140 277.607568 271.189258
201908 43.428520 300.456910 277.604137 271.209305
201909 43.012145 300.544654 277.674507 271.281592
201910 43.338969 300.689183 277.642881 271.207919
201911 42.028311 300.826275 277.639484 271.183757
201912 41.761383 300.881807 277.470916 271.010244
202001 41.567491 300.886117 277.555358 271.112050
202002 41.873601 300.987954 277.752326 271.341986
202003 42.720182 301.284749 277.797497 271.336928
202004 44.099758 301.486779 278.014639 271.540022
202005 44.869167 301.353758 277.956919 271.466452
202006 43.595566 301.070517 277.502362 270.988364
202007 44.624878 300.723741 277.549136 271.129547
202008 43.276236 300.616014 277.496197 271.094324
202009 43.600467 300.672296 277.650444 271.237430
202010 42.649324 300.811465 277.666482 271.241604
202011 42.770058 300.973711 277.806967 271.362920
202012 42.391958 301.072297 277.555880 271.085435
202101 42.760472 301.101821 277.752064 271.316652
202102 43.760904 301.176391 278.099719 271.752133
202103 44.478865 301.524781 278.275677 271.871290
202104 43.940634 301.723344 278.449867 272.031505
202105 45.845548 301.578480 278.359569 271.944231
202106 44.594186 301.244896 278.068578 271.662286
202107 44.085075 300.837749 277.849018 271.472306
202108 43.422724 300.654084 277.692838 271.307342
202109 43.879100 300.713767 277.816460 271.419531
202110 42.979944 300.953454 277.909223 271.473218
202111 43.056865 301.084130 277.937798 271.524409
202112 43.099188 301.182855 277.741478 271.285408
202201 43.609257 301.196409 278.044504 271.678950
202202 42.898015 301.352486 278.279748 271.941283
202203 44.061419 301.637941 278.617851 272.282495
202204 44.281924 301.815758 278.616123 272.237345
202205 45.419055 301.646542 278.423452 272.015816
202206 44.793073 301.161852 278.109499 271.734955
202207 44.062939 300.699969 277.566503 271.161828
202208 43.279520 300.476768 277.650944 271.281276
202209 43.282204 300.520955 277.570741 271.155758
202210 42.730881 300.758718 277.757291 271.323570
202211 42.627538 300.983596 277.625373 271.149729
202212 42.685991 301.030534 277.795110 271.365203
202301 43.189535 301.090146 277.831161 271.433033
202302 43.155358 301.172964 278.061751 271.682579
202303 43.275566 301.418129 278.195870 271.781771
202304 44.205489 301.643678 278.211979 271.741796
202305 44.880852 301.573797 278.106193 271.603717
202306 45.261145 301.219970 278.015056 271.594718
202307 43.765740 300.870744 277.726595 271.312972
202308 44.073405 300.754243 277.788527 271.395920
202309 43.543709 300.830215 278.036343 271.674469
202310 43.168618 301.019861 277.949380 271.533779
202311 43.424888 301.139749 277.968841 271.549115
202312 43.416058 301.136265 277.927210 271.527015
202401 43.308286 301.213279 278.000998 271.610631
202402 43.729025 301.299556 278.399893 272.041645
202403 43.605819 301.558829 278.551660 272.177615
202404 45.121583 301.742177 278.649556 272.258907
202405 45.461517 301.677177 278.413312 271.967114
202406 45.448687 301.286910 278.209460 271.816564
202407 44.790634 300.912352 277.966350 271.590840
202408 43.745000 300.711046 278.017538 271.690984
202409 43.411373 300.806617 277.922512 271.551578
202410 43.678858 300.985347 277.958775 271.522624
202411 43.247516 301.171343 278.018044 271.576048
202412 43.136848 301.212075 278.015727 271.582395
