time(yyyymm) ts_cwv ts_sst ts_tlt ts_tmt
198001 36.108491 299.775098 276.906810 270.061472
198002 37.043402 299.902492 277.011780 270.117178
198003 37.226929 300.122315 277.250706 270.325297
198004 37.847619 300.170525 277.144208 270.201983
198005 37.007470 300.095620 276.893866 269.902893
198006 36.600469 299.810417 276.586230 269.594267
198007 36.549454 299.625293 276.564463 269.612860
198008 37.019533 299.618973 276.743575 269.821157
198009 37.091559 299.743941 277.061526 270.160608
198010 37.555987 299.901292 277.387793 270.514243
198011 37.801988 299.960943 277.394896 270.517453
198012 36.461017 299.969292 276.961457 270.050693
198101 37.491397 299.814907 277.019412 270.182698
198102 37.665106 300.076434 277.151897 270.235617
198103 37.597749 300.287211 277.541016 270.670288
198104 37.940975 300.399965 277.457661 270.551089
198105 38.122480 300.288406 277.190489 270.242210
198106 36.797949 300.047608 276.801741 269.845114
198107 36.018939 299.873808 276.480535 269.517992
198108 37.089655 299.979461 276.919839 269.992179
198109 38.288701 300.305687 277.499599 270.607431
198110 39.404961 300.473012 277.949341 271.104392
198111 39.267631 300.554274 277.983242 271.160076
198112 38.442398 300.451275 277.766510 270.937071
198201 38.342990 300.332340 277.631439 270.807129
198202 37.939305 300.449880 277.785174 270.980269
198203 39.410003 300.673307 278.073014 271.257426
198204 39.547031 300.848739 278.122094 271.273764
198205 39.361299 300.730427 277.763448 270.857727
198206 37.946664 300.419807 277.382740 270.468599
198207 37.547167 300.120799 277.131194 270.234835
198208 37.529678 300.104468 277.168612 270.263505
198209 38.541840 300.255572 277.558595 270.690167
198210 38.466271 300.462879 277.715816 270.855401
198211 39.129154 300.553546 277.783714 270.916013
198212 38.658480 300.399666 277.640520 270.822605
198301 37.953334 300.363972 277.677572 270.870306
198302 37.522808 300.448262 277.680835 270.845436
198303 38.372119 300.581525 278.024829 271.184615
198304 38.751546 300.675371 277.810260 270.931435
198305 38.011187 300.531890 277.484837 270.569151
198306 37.568045 300.204471 277.170460 270.276605
198307 36.876620 299.929963 276.855128 269.938801
198308 36.849914 299.878731 276.763304 269.831975
198309 37.896926 300.031582 277.269338 270.368808
198310 38.182009 300.204273 277.447218 270.546257
198311 38.162403 300.198201 277.496816 270.627884
198312 37.607293 300.077358 277.297157 270.419365
198401 37.185402 299.977578 277.132329 270.283259
198402 37.292415 300.149198 277.331273 270.462435
198403 37.988121 300.272048 277.397961 270.517875
198404 38.275622 300.362080 277.578265 270.695743
198405 37.122322 300.261173 276.947697 269.965089
198406 36.519542 300.040509 276.682008 269.713594
198407 36.440409 299.834684 276.522203 269.566715
198408 37.031653 299.877129 276.711368 269.769436
198409 37.103093 300.067673 277.336886 270.445601
198410 38.407334 300.221451 277.609141 270.742331
198411 38.936110 300.210470 277.573185 270.723196
198412 38.091783 300.131245 277.391365 270.540425
198501 36.304890 300.054746 277.040172 270.171628
198502 37.444893 300.240370 277.360214 270.506590
198503 37.823686 300.508170 277.519324 270.618238
198504 39.063015 300.611100 277.716371 270.820639
198505 38.078820 300.445062 277.347326 270.404906
198506 37.545202 300.201742 277.058092 270.130949
198507 36.628549 299.970031 276.867963 269.926920
198508 37.605641 299.983493 277.186005 270.310281
198509 38.239253 300.179415 277.553452 270.699288
198510 38.731408 300.324358 277.783984 270.946739
198511 39.821378 300.364046 277.934097 271.122367
198512 38.975328 300.346286 277.654205 270.830987
198601 38.053265 300.330859 277.724802 270.931248
198602 37.384993 300.524095 277.829110 271.037250
198603 38.829705 300.668344 278.086353 271.265156
198604 40.066116 300.660685 278.110508 271.268641
198605 38.248322 300.542112 277.435853 270.482321
198606 37.381042 300.255119 277.156391 270.224258
198607 37.115367 299.998828 276.942994 270.040763
198608 37.616091 299.935739 277.143208 270.260296
198609 38.468361 300.057737 277.382426 270.494302
198610 38.510507 300.229153 277.602944 270.724359
198611 38.420357 300.237216 277.544475 270.657328
198612 38.578075 300.158184 277.349657 270.466599
198701 38.190162 300.024816 277.339512 270.491744
198702 37.363348 300.122490 277.212027 270.318990
198703 38.094148 300.415901 277.789467 270.934113
198704 38.310164 300.595134 277.569033 270.646304
198705 38.508331 300.526886 277.261666 270.282846
198706 37.373947 300.231297 277.076726 270.162740
198707 36.930676 299.991980 276.834111 269.913954
198708 38.339297 300.120827 277.099443 270.169198
198709 38.344802 300.359526 277.495510 270.610108
198710 39.773631 300.606716 278.018148 271.179303
198711 39.331900 300.643692 278.115483 271.300866
198712 38.683268 300.616635 278.025766 271.225849
198801 38.618423 300.612373 278.034854 271.259363
198802 38.921143 300.846123 278.291951 271.526040
198803 40.072434 301.040391 278.799528 272.077939
198804 40.848463 301.075728 278.832541 272.081918
198805 40.093507 300.919947 278.041827 271.178919
198806 38.562253 300.558849 277.649077 270.782389
198807 37.805301 300.292021 277.275828 270.391830
198808 38.218522 300.252115 277.518958 270.641744
198809 39.070600 300.354269 277.931499 271.095146
198810 39.380710 300.572454 278.032577 271.203366
198811 40.004627 300.587575 278.026130 271.182814
198812 38.661577 300.447108 277.703937 270.869525
198901 38.005138 300.301255 277.568282 270.749268
198902 37.870464 300.371447 277.596760 270.728287
198903 38.400957 300.553685 277.747287 270.867047
198904 39.486646 300.600300 277.641918 270.729370
198905 38.234838 300.439378 277.464341 270.533333
198906 37.237896 300.139866 276.889061 269.927527
198907 38.006359 300.009287 276.843410 269.904610
198908 38.062328 300.058205 277.163545 270.262855
198909 38.360202 300.216382 277.610089 270.741472
198910 38.750350 300.420173 277.916432 271.050179
198911 38.679698 300.433446 277.920831 271.096201
198912 38.764050 300.357379 277.709151 270.865933
199001 38.083693 300.335873 277.507561 270.700640
199002 38.503503 300.487171 277.669335 270.836314
199003 39.509914 300.755646 277.999844 271.138248
199004 40.302257 300.932434 278.128231 271.283052
199005 39.058786 300.838598 277.845232 270.952529
199006 38.563802 300.641967 277.483330 270.569414
199007 38.456509 300.410758 277.426538 270.545297
199008 38.779117 300.435476 277.683734 270.823577
199009 40.160186 300.609903 278.035180 271.196695
199010 40.041005 300.810956 278.437717 271.632529
199011 40.119844 300.784677 278.349825 271.557007
199012 39.485556 300.686411 278.093547 271.289154
199101 38.861874 300.693887 278.090454 271.315906
199102 40.170239 300.891860 278.689288 271.970034
199103 40.819686 301.198886 279.032427 272.344832
199104 41.666221 301.456472 279.197818 272.486212
199105 41.249017 301.304697 278.743136 271.943028
199106 40.330489 300.877798 278.196923 271.373044
199107 39.556972 300.586355 277.973971 271.145639
199108 39.031656 300.403349 277.716089 270.867857
199109 40.345011 300.425931 277.845781 270.978606
199110 39.411465 300.452786 277.952099 271.102563
199111 39.269249 300.355346 277.739858 270.880375
199112 37.987471 300.086672 277.320898 270.437329
199201 37.434439 299.857244 277.013222 270.126652
199202 36.316037 299.796905 277.043547 270.170584
199203 36.664947 299.964182 277.164401 270.239655
199204 36.905987 300.117971 276.903570 269.915840
199205 36.018380 300.043079 276.603950 269.592322
199206 35.667189 299.812997 276.263676 269.260965
199207 35.989417 299.662714 276.065186 269.057007
199208 36.374005 299.722001 276.609652 269.656848
199209 37.539204 299.918181 277.062542 270.144289
199210 37.637871 300.126168 277.408455 270.515687
199211 37.962725 300.159570 277.546754 270.699307
199212 37.888265 300.069294 277.142384 270.262986
199301 37.622339 300.100252 277.154727 270.268684
199302 37.656192 300.219067 277.438038 270.590675
199303 38.092962 300.441060 277.808260 270.973782
199304 38.658285 300.649857 277.839494 270.975967
199305 39.103311 300.681111 277.630503 270.728653
199306 38.448962 300.469619 277.350645 270.462038
199307 37.538344 300.253408 277.133890 270.254840
199308 37.992943 300.215088 277.333984 270.479752
199309 39.276284 300.292118 277.688359 270.842942
199310 39.147925 300.414838 277.852425 270.998453
199311 40.251762 300.485745 277.898043 271.092502
199312 38.683818 300.313685 277.675073 270.866286
199401 38.197937 300.216695 277.575538 270.761976
199402 37.919325 300.308151 277.691682 270.878633
199403 38.450598 300.491937 277.792961 270.940131
199404 39.390329 300.456799 277.783327 270.916006
199405 37.966943 300.275149 277.260143 270.321350
199406 37.329853 300.030978 276.943001 269.998878
199407 37.142154 299.793542 276.739092 269.803081
199408 37.057005 299.705537 276.832679 269.906552
199409 36.994747 299.796197 277.054494 270.145142
199410 38.076761 299.903110 277.361111 270.473240
199411 38.029620 299.895184 277.341618 270.469496
199412 37.109843 299.821454 276.896861 269.979265
199501 36.580674 299.709938 276.774699 269.882094
199502 36.698895 299.884500 276.924266 270.017991
199503 37.638723 300.133834 277.310714 270.400169
199504 38.263585 300.395648 277.369209 270.451685
199505 37.717389 300.389350 277.275836 270.334021
199506 36.718328 300.173020 277.057478 270.148481
199507 36.893102 300.084399 276.950687 270.042721
199508 37.999643 300.141313 277.358834 270.489746
199509 38.989568 300.394273 277.884606 271.051696
199510 39.338067 300.591255 278.278762 271.492864
199511 39.731830 300.689033 278.248645 271.443361
199512 39.463499 300.539840 278.111363 271.365877
199601 39.047215 300.490811 277.922404 271.152156
199602 38.350346 300.553262 277.972214 271.159913
199603 39.417861 300.711471 278.127628 271.301041
199604 40.093931 300.799936 278.212010 271.383292
199605 39.211187 300.595295 277.683328 270.774127
199606 38.113350 300.279817 277.278236 270.360472
199607 37.471610 300.014618 276.992548 270.075262
199608 37.422170 299.971584 277.317615 270.461370
199609 37.336298 300.062769 277.473082 270.609412
199610 39.125895 300.217247 277.715615 270.845245
199611 39.477831 300.168361 277.720647 270.867224
199612 37.642759 300.042772 277.273960 270.388480
199701 37.436366 299.942710 277.161785 270.307482
199702 37.785745 300.005502 277.234232 270.371633
199703 38.296889 300.245290 277.513771 270.631043
199704 38.549979 300.404113 277.351333 270.399799
199705 36.928258 300.186689 276.813568 269.814204
199706 36.784336 299.899391 276.583287 269.583682
199707 36.026886 299.687267 276.579211 269.661748
199708 36.332292 299.735785 276.637177 269.692760
199709 37.313742 300.005642 277.150322 270.221493
199710 38.220102 300.236460 277.665325 270.781076
199711 38.772935 300.324982 277.648100 270.780753
199712 38.518065 300.260925 277.667140 270.836131
199801 37.636432 300.233987 277.521450 270.698989
199802 37.734466 300.480334 277.721871 270.890540
199803 38.680279 300.790402 278.084404 271.250459
199804 39.880849 300.976219 278.282382 271.474465
199805 39.438925 300.895652 277.894719 271.033768
199806 38.423128 300.706861 277.547843 270.651131
199807 38.313873 300.552373 277.545746 270.673486
199808 39.404147 300.575426 277.880168 271.061406
199809 39.484739 300.696592 278.177555 271.372239
199810 40.577998 300.869539 278.387373 271.597458
199811 40.541653 300.928862 278.533866 271.766566
199812 39.868435 300.851434 278.455698 271.707694
199901 39.171442 300.812518 278.328508 271.573400
199902 39.302843 300.839436 278.339916 271.559354
199903 40.042211 300.971063 278.410179 271.602758
199904 40.717398 301.052059 278.325561 271.477718
199905 39.724720 300.955298 278.235335 271.374129
199906 38.689935 300.670828 277.813174 270.948785
199907 39.521006 300.331762 277.500416 270.620619
199908 38.755779 300.239586 277.627034 270.772552
199909 39.151628 300.303880 277.916698 271.090789
199910 39.799424 300.433134 278.102576 271.279113
199911 39.656908 300.596167 277.993910 271.131355
199912 38.750782 300.437104 277.729511 270.860914
200001 38.413642 300.334427 277.495819 270.636491
200002 38.883820 300.369887 277.747379 270.944692
200003 38.628232 300.676415 277.857297 270.983513
200004 39.477138 300.818417 277.996689 271.114788
200005 39.393101 300.714098 277.833377 270.937726
200006 38.627295 300.490550 277.491081 270.609061
200007 37.720188 300.339941 277.325386 270.434269
200008 39.124353 300.398895 277.719668 270.867600
200009 39.668280 300.608116 278.102261 271.275948
200010 40.360047 300.825571 278.434430 271.636146
200011 40.674880 300.927586 278.541002 271.783530
200012 40.316523 300.889661 278.635265 271.893251
200101 38.988479 300.868791 278.221189 271.418596
200102 39.452395 301.084623 278.599454 271.853625
200103 41.015172 301.406129 279.135916 272.415501
200104 41.870617 301.482666 279.145015 272.417119
200105 40.858675 301.247137 278.645972 271.827791
200106 39.562048 300.792271 278.031654 271.214289
200107 39.019565 300.481968 277.689197 270.843875
200108 39.234982 300.381796 277.847551 271.027317
200109 38.883990 300.480565 278.020925 271.217236
200110 39.869072 300.626031 278.204253 271.389483
200111 39.989248 300.622385 278.301308 271.506532
200112 39.609457 300.468932 278.011458 271.219694
200201 37.701035 300.378651 277.744159 270.945234
200202 38.331058 300.468833 277.724524 270.871000
200203 39.124814 300.577503 278.014968 271.191900
200204 39.144003 300.626029 277.971267 271.121511
200205 37.974494 300.482730 277.429894 270.483765
200206 37.541453 300.221411 277.019269 270.060857
200207 37.257086 300.042246 276.933026 269.996009
200208 37.923844 300.060705 277.319674 270.432965
200209 38.542278 300.233506 277.610265 270.741033
200210 39.205904 300.446970 277.780166 270.898104
200211 39.533951 300.514859 277.893958 271.045260
200212 39.776797 300.420024 277.776766 270.936005
200301 38.431587 300.349157 277.742546 270.908833
200302 38.080560 300.480438 277.736287 270.901357
200303 38.890237 300.672498 278.091859 271.281578
200304 39.539734 300.861059 278.216158 271.407425
200305 39.245036 300.771319 277.682653 270.782562
200306 38.543914 300.493472 277.571735 270.677531
200307 38.767383 300.355067 277.347266 270.436762
200308 38.500980 300.337382 277.469935 270.574753
200309 39.093448 300.543725 278.043264 271.207196
200310 40.691082 300.742141 278.368195 271.587353
200311 40.654129 300.812754 278.339379 271.530697
200312 39.892334 300.736494 278.252302 271.463271
200401 39.648875 300.588528 278.271339 271.551337
200402 39.140987 300.834516 278.262371 271.473401
200403 40.292090 300.999840 278.453900 271.679903
200404 40.937257 301.055354 278.479150 271.688873
200405 39.797215 301.002298 278.048078 271.153757
200406 39.269212 300.741828 277.629810 270.721920
200407 38.655788 300.515433 277.675930 270.834397
200408 38.625070 300.535147 277.687726 270.823470
200409 40.461902 300.647228 278.300530 271.493410
200410 40.249644 300.729731 278.431722 271.631720
200411 39.920012 300.734309 278.442619 271.678613
200412 39.739958 300.643032 278.083762 271.264302
200501 39.337476 300.576803 277.900882 271.076566
200502 39.131992 300.608836 278.092316 271.276360
200503 39.323787 300.719941 278.030461 271.189275
200504 40.720851 300.889681 278.185548 271.312062
200505 39.602096 300.862960 277.895479 270.991560
200506 39.044929 300.611615 277.657720 270.765350
200507 38.651820 300.442808 277.567885 270.698004
200508 39.277425 300.414277 277.840285 271.005932
200509 40.017168 300.583796 278.012616 271.161509
200510 40.709589 300.753028 278.374029 271.557182
200511 39.925821 300.730519 278.278560 271.478689
200512 39.238444 300.581904 278.203410 271.424932
200601 39.063923 300.464465 277.991272 271.226816
200602 39.158819 300.479939 278.219308 271.462594
200603 39.249593 300.643817 278.158251 271.343815
200604 39.667577 300.757112 277.866974 270.986657
200605 39.414109 300.614841 277.800835 270.899648
200606 38.390120 300.395567 277.393167 270.495546
200607 38.270222 300.174005 277.079747 270.147528
200608 37.309607 300.155433 277.318948 270.434522
200609 38.608333 300.233877 277.786027 270.952991
200610 39.124854 300.425458 278.041020 271.217490
200611 39.111231 300.505982 278.000095 271.170187
200612 38.593137 300.392533 277.747303 270.907982
200701 38.069871 300.311781 277.671893 270.854053
200702 38.115463 300.471198 277.644325 270.794707
200703 39.339565 300.693070 278.021197 271.185722
200704 39.703360 300.898179 278.022057 271.125181
200705 39.486169 300.912263 277.983409 271.069429
200706 38.414612 300.619735 277.714682 270.851027
200707 38.688438 300.472110 277.491438 270.613244
200708 39.080632 300.543822 277.808619 270.948726
200709 40.695232 300.706208 278.428904 271.661162
200710 40.594930 300.858565 278.447629 271.640345
200711 40.593622 300.879280 278.512521 271.740154
200712 41.190387 300.824415 278.414559 271.682331
200801 40.132715 300.876475 278.434369 271.679831
200802 39.213193 301.046759 278.679573 271.953929
200803 40.266583 301.241181 278.836812 272.102469
200804 41.274057 301.433797 278.698582 271.880043
200805 41.595668 301.337913 278.669297 271.856295
200806 40.722233 301.158589 278.352934 271.525031
200807 40.378914 300.934596 278.296816 271.523343
200808 40.516502 300.960158 278.548938 271.782959
200809 42.122640 301.132886 278.902528 272.151767
200810 42.616094 301.304635 279.266198 272.578998
200811 42.188978 301.349108 279.240114 272.552042
200812 41.702291 301.221735 278.931598 272.222630
200901 41.501269 301.155078 279.128536 272.494368
200902 40.142890 301.216894 279.273335 272.629311
200903 41.331623 301.343272 279.154101 272.440532
200904 41.244125 301.297388 278.781818 271.970244
200905 40.368158 301.095174 278.300012 271.412719
200906 39.448691 300.734333 278.018835 271.170819
200907 38.999532 300.481213 277.780227 270.922669
200908 39.896312 300.466555 277.909107 271.078293
200909 39.761890 300.599025 278.105978 271.266832
200910 40.661954 300.735450 278.458972 271.667421
200911 40.328635 300.687138 278.395633 271.608259
200912 39.530733 300.572095 277.990794 271.154183
201001 39.268753 300.469263 277.747213 270.909436
201002 38.477757 300.536600 277.829003 271.000119
201003 38.657654 300.744252 277.987471 271.114820
201004 39.682310 300.829679 278.001216 271.111314
201005 38.965969 300.823306 277.642128 270.698842
201006 38.125193 300.535310 277.588394 270.714825
201007 38.443295 300.318058 277.257904 270.362508
201008 38.100896 300.352688 277.483007 270.609049
201009 39.303697 300.587756 277.924487 271.079433
201010 40.818463 300.801503 278.485381 271.690890
201011 40.102069 300.892827 278.555480 271.780569
201012 39.443067 300.880713 278.258290 271.457957
201101 39.477737 300.813120 278.495330 271.749054
201102 39.133205 301.030432 278.682034 271.953528
201103 40.549691 301.306889 278.875546 272.154775
201104 41.620346 301.463909 279.048645 272.295712
201105 41.036550 301.357149 278.660489 271.845489
201106 39.105938 300.960881 278.045122 271.188030
201107 40.585391 300.751283 278.053845 271.229988
201108 39.945573 300.741250 278.194972 271.401203
201109 41.102964 300.927468 278.640310 271.858839
201110 40.917527 301.042336 278.896562 272.157207
201111 41.965390 301.159771 278.816676 272.074137
201112 41.000330 301.114124 278.713016 271.975455
201201 39.744688 301.108809 278.577599 271.826115
201202 40.528906 301.188330 278.682757 271.942342
201203 41.483229 301.491491 279.343804 272.669944
201204 42.520784 301.625891 279.426409 272.735080
201205 41.868539 301.514412 278.756307 271.908579
201206 40.589580 301.118042 278.452177 271.641752
201207 40.790894 300.886006 278.323581 271.528604
201208 40.845315 300.800302 278.429809 271.648360
201209 40.843873 300.846954 278.581599 271.800856
201210 40.875109 300.947898 278.834414 272.079642
201211 41.315450 300.970731 278.545323 271.747782
201212 39.901778 300.764683 278.224103 271.426808
201301 38.917615 300.727586 278.084527 271.296833
201302 39.998873 300.783815 278.211770 271.404239
201303 40.413054 300.993921 278.489335 271.676302
201304 40.193838 301.111419 278.354097 271.498377
201305 39.573348 301.071113 278.202130 271.312223
201306 38.522163 300.879078 277.702955 270.808441
201307 39.795366 300.708427 277.915241 271.068356
201308 40.219022 300.789670 278.297869 271.480435
201309 40.980744 300.950769 278.718279 271.956849
201310 42.061197 301.148251 278.962340 272.221755
201311 41.622114 301.264265 279.137388 272.414902
201312 42.337513 301.179015 279.092639 272.425538
201401 41.202226 301.112334 279.052655 272.389389
201402 40.763510 301.263584 279.183819 272.507887
201403 41.761818 301.351272 279.271701 272.586706
201404 42.480824 301.410949 279.061455 272.321231
201405 41.283021 301.250930 278.786126 271.999535
201406 39.885882 301.027829 278.149545 271.292055
201407 39.657273 300.753564 277.993875 271.169427
201408 39.249013 300.699560 278.053994 271.225880
201409 40.045665 300.775014 278.358199 271.546745
201410 41.186319 300.993732 278.631540 271.842693
201411 41.068280 300.987488 278.803984 272.054304
201412 40.495474 300.927049 278.552586 271.783969
201501 40.210465 300.820475 278.234647 271.440476
201502 39.917674 300.869939 278.421175 271.659643
201503 40.177493 301.113396 278.684717 271.903287
201504 40.834367 301.243332 278.498767 271.657362
201505 41.183638 301.042842 278.344792 271.495308
201506 39.416473 300.766329 277.860439 270.975514
201507 38.658203 300.540265 277.751675 270.900405
201508 39.033726 300.516252 277.906194 271.074636
201509 40.102903 300.629086 278.147138 271.300326
201510 40.448584 300.825623 278.605925 271.835899
201511 41.232377 300.913086 278.561159 271.794951
201512 40.183322 300.886615 278.365760 271.575165
201601 39.551464 300.838628 278.256629 271.477973
201602 39.602680 301.039477 278.356931 271.553911
201603 40.244002 301.215324 278.836662 272.078046
201604 41.053685 301.438069 278.670850 271.845011
201605 40.591245 301.309777 278.513887 271.680246
201606 40.261549 300.979378 278.349295 271.552946
201607 39.314201 300.820153 277.930848 271.103944
201608 40.794506 300.827651 278.370870 271.576864
201609 41.286034 300.920173 278.701921 271.952974
201610 40.861767 301.123758 278.901394 272.145418
201611 41.079313 301.164058 278.897321 272.164557
201612 41.584881 301.095255 279.101755 272.453824
201701 40.389470 301.134413 279.138233 272.510125
201702 40.851144 301.237949 279.256030 272.613162
201703 41.580513 301.532844 279.358960 272.647371
201704 41.948817 301.568320 279.228295 272.474935
201705 41.625265 301.435361 278.662478 271.808984
201706 40.769018 301.103066 278.333939 271.482193
201707 40.382322 300.726782 278.225905 271.456293
201708 40.529214 300.672835 278.309690 271.531838
201709 40.483934 300.698010 278.433872 271.653450
201710 41.518564 300.793674 278.700935 271.942173
201711 40.538985 300.839483 278.587715 271.803380
201712 40.161924 300.716062 278.337270 271.533256
201801 39.056298 300.517002 278.153058 271.359687
201802 39.351085 300.459889 278.050299 271.241223
201803 39.121547 300.706057 278.099351 271.256179
201804 40.412264 300.878712 278.084700 271.178848
201805 39.606983 300.750712 277.799804 270.884953
201806 38.283265 300.458096 277.471559 270.555875
201807 37.856683 300.223806 277.182162 270.276648
201808 38.858438 300.275004 277.646282 270.769652
201809 39.354197 300.462638 277.950955 271.105976
201810 40.382348 300.644956 278.235262 271.401446
201811 40.473491 300.679075 278.275112 271.460995
201812 39.848583 300.578437 278.158572 271.363615
201901 39.026697 300.526133 277.826279 271.016854
201902 38.412745 300.517034 277.981684 271.187379
201903 38.950077 300.746425 278.216316 271.389244
201904 39.907305 300.969986 278.139938 271.247697
201905 39.279051 300.810268 277.762796 270.857736
201906 38.716185 300.483595 277.653535 270.774326
201907 38.681719 300.358206 277.373571 270.470364
201908 38.910847 300.424353 277.755186 270.898453
201909 39.657575 300.637697 278.043021 271.193144
201910 39.980393 300.836267 278.456851 271.664517
201911 40.375286 300.931089 278.363921 271.542953
201912 40.731572 300.913107 278.444833 271.663352
202001 40.214175 300.931169 278.265171 271.472940
202002 40.373376 300.980003 278.572316 271.823172
202003 41.099765 301.199365 278.746063 271.981748
202004 41.748168 301.382110 278.893175 272.095529
202005 41.319333 301.159851 278.510290 271.690128
202006 40.415397 301.005591 278.115835 271.248898
202007 39.629868 300.861961 278.005607 271.148465
202008 40.407769 300.833596 278.475062 271.724262
202009 41.408098 301.059119 278.680824 271.913722
202010 42.716359 301.204802 279.104748 272.389505
202011 41.675870 301.312135 279.058138 272.323565
202012 41.691956 301.194077 278.866777 272.140182
202101 40.262838 301.100897 278.686382 271.964292
202102 40.091454 301.264926 278.826437 272.078257
202103 41.302529 301.500951 279.164475 272.433408
202104 42.146562 301.551624 278.947209 272.180999
202105 41.858555 301.391517 278.725399 271.941986
202106 40.520574 301.057778 278.373615 271.578327
202107 40.350310 300.982326 278.164614 271.342317
202108 40.644171 301.051830 278.608060 271.812830
202109 41.463762 301.196930 278.908015 272.151166
202110 42.294739 301.408487 279.124406 272.387491
202111 42.283053 301.553642 279.268793 272.542347
202112 42.682855 301.477666 279.423725 272.773163
202201 41.682532 301.581547 279.454586 272.811296
202202 41.623204 301.521146 279.597275 272.992098
202203 41.895315 301.726595 279.564933 272.891207
202204 43.448363 301.714510 279.429923 272.717254
202205 43.348640 301.616847 279.247604 272.476355
202206 41.126387 301.205984 278.755522 271.997815
202207 41.311456 300.899830 278.321848 271.527484
202208 41.074304 300.886014 278.550016 271.795614
202209 42.194531 300.978532 278.873114 272.131512
202210 41.365436 301.130815 278.939248 272.188737
202211 41.447293 301.173363 278.823097 272.048794
202212 41.159906 301.038584 278.641884 271.872564
202301 39.943216 300.987693 278.389234 271.601115
202302 40.517232 301.093093 278.474545 271.677265
202303 41.743486 301.252123 278.851431 272.086240
202304 41.651362 301.449176 278.939121 272.152561
202305 41.267675 301.316038 278.538532 271.702338
202306 40.277977 300.986704 278.194650 271.350239
202307 39.888053 300.798913 277.984160 271.150383
202308 40.264400 300.776023 278.219530 271.411627
202309 41.098011 300.913205 278.727819 271.970178
202310 41.709883 301.133652 278.959888 272.206966
202311 41.367748 301.189174 278.930562 272.187504
202312 42.237149 301.105287 278.916767 272.210213
202401 40.772137 301.088252 278.784566 272.066960
202402 40.708393 301.185295 278.913145 272.213664
202403 40.882847 301.423905 279.131414 272.412564
202404 41.683641 301.502772 279.065471 272.305045
202405 41.514426 301.410471 278.759820 271.951071
202406 40.472966 301.169074 278.502425 271.697042
202407 40.605983 301.011033 278.461749 271.700667
202408 41.039092 300.936066 278.538898 271.769350
202409 41.156122 300.981259 278.802063 272.036567
202410 41.496336 301.157778 278.869656 272.096604
202411 41.800357 301.213707 279.050496 272.316070
202412 41.515734 301.084502 278.750321 272.035533
