time(yyyymm) ts_cwv ts_sst ts_tlt ts_tmt
198001 38.786344 299.928782 273.310383 267.077968
198002 39.355606 300.040471 273.845370 267.585062
198003 39.857526 300.405503 274.207520 267.914973
198004 41.228828 300.826064 274.026805 267.711080
198005 41.673549 300.796257 273.870527 267.629534
198006 42.324529 300.499949 274.446527 268.276763
198007 41.784459 300.210319 274.409198 268.194098
198008 40.784505 300.110546 274.076924 267.874846
198009 40.856997 300.337201 274.047325 267.807811
198010 41.795333 300.677327 274.579034 268.298060
198011 41.600947 300.807147 274.464602 268.294285
198012 41.024395 300.668292 274.548894 268.405005
198101 40.830368 300.579093 274.952814 268.737836
198102 41.032969 300.628845 274.916918 268.778306
198103 40.516227 300.929774 274.775611 268.580238
198104 42.278491 301.091800 274.395364 268.190857
198105 43.101038 300.906881 274.221247 268.125246
198106 42.263765 300.444010 274.065714 267.924391
198107 41.284217 299.957786 273.964977 267.813653
198108 40.677351 299.782836 273.521187 267.301204
198109 40.072480 299.793665 273.456966 267.230561
198110 39.634431 299.945574 273.565389 267.323944
198111 38.870481 299.983224 272.806320 266.604852
198112 37.927004 299.753600 272.808010 266.558575
198201 37.092812 299.650808 272.836280 266.550217
198202 37.075850 299.723811 272.866514 266.577564
198203 38.246957 300.058101 272.950369 266.705573
198204 39.420418 300.438928 272.933869 266.615913
198205 40.318608 300.352047 272.922194 266.683670
198206 40.390724 299.820846 273.218645 267.010355
198207 39.141507 299.373978 272.932364 266.702893
198208 37.931459 299.151895 272.643053 266.409362
198209 37.409990 299.197281 273.024556 266.756224
198210 37.411481 299.324088 272.322324 266.129428
198211 36.875399 299.360795 271.821445 265.702346
198212 35.850694 299.341572 271.979903 265.728773
198301 35.647248 299.293078 271.914631 265.610351
198302 36.710506 299.484869 272.137915 265.837130
198303 37.559322 299.807085 272.553669 266.287028
198304 38.095017 300.202204 272.660430 266.312452
198305 39.969971 300.077930 272.420603 266.230165
198306 39.144966 299.658612 272.169662 266.051082
198307 38.345151 299.321072 272.731122 266.401562
198308 38.302664 299.239546 272.689211 266.418762
198309 38.653319 299.397897 272.413672 266.215699
198310 37.969889 299.571541 272.853455 266.585502
198311 37.591982 299.619460 272.396139 266.171019
198312 36.367674 299.567582 272.446819 266.101828
198401 37.198396 299.551814 272.637970 266.350416
198402 37.424924 299.807554 272.935341 266.614608
198403 38.461356 300.156061 273.155345 266.877338
198404 39.680351 300.590822 273.052721 266.699747
198405 41.347115 300.503643 273.504421 267.247463
198406 40.614050 300.103821 273.681902 267.432630
198407 40.329270 299.792091 273.420830 267.197748
198408 40.810434 299.649588 273.855858 267.655740
198409 38.771527 299.809991 273.609551 267.356103
198410 39.622057 300.199431 273.546799 267.242717
198411 40.360488 300.331824 273.457456 267.235855
198412 39.084828 300.190102 274.094775 267.819904
198501 38.964126 300.084265 273.997208 267.720752
198502 39.030301 300.226115 274.201229 267.870794
198503 40.008083 300.660533 274.217239 267.884327
198504 42.034081 300.966987 273.853391 267.610031
198505 42.380462 300.962730 273.955285 267.748032
198506 43.226411 300.617260 274.598449 268.459725
198507 42.504625 300.230578 274.505989 268.365897
198508 41.031374 300.121443 274.434397 268.292528
198509 40.728931 300.304775 274.324739 268.150669
198510 41.304386 300.617567 274.320771 268.114357
198511 41.506861 300.790874 274.260404 268.042801
198512 41.550954 300.615397 274.818482 268.674330
198601 40.263734 300.559992 274.849088 268.651999
198602 40.722694 300.745025 274.520581 268.362185
198603 42.513434 301.032462 275.179803 268.961913
198604 43.791576 301.333693 274.678314 268.539975
198605 44.654187 301.185809 275.031108 268.907949
198606 43.006099 300.601956 274.831245 268.758993
198607 41.307175 299.924369 274.201392 268.037720
198608 40.349369 299.534913 273.364083 267.229417
198609 38.751233 299.527261 273.335899 267.108623
198610 37.715530 299.643949 273.143039 266.875791
198611 37.028679 299.651218 272.697607 266.399310
198612 37.001705 299.551550 272.427465 266.118304
198701 36.954144 299.443489 272.614094 266.361360
198702 36.685604 299.688058 272.598435 266.358287
198703 38.021412 299.992643 273.019991 266.691360
198704 39.628525 300.370598 272.706139 266.402949
198705 40.379992 300.248411 272.959878 266.761095
198706 40.464999 299.814679 272.846224 266.698713
198707 39.087051 299.418406 272.612566 266.427043
198708 37.503924 299.265056 272.749138 266.518167
198709 38.185698 299.296606 272.998134 266.756682
198710 38.423938 299.570876 272.690238 266.439413
198711 38.066169 299.592754 272.579182 266.336281
198712 37.060230 299.476283 272.246709 266.061097
198801 36.849337 299.390668 272.271994 266.086580
198802 36.954150 299.551649 272.881905 266.576891
198803 37.947292 299.910986 273.262522 266.935085
198804 39.818261 300.331657 273.170975 266.839937
198805 41.342655 300.160399 273.419378 267.221140
198806 39.899775 299.817732 273.120767 266.885873
198807 38.830300 299.459108 272.936664 266.659406
198808 38.817197 299.312850 273.066493 266.829321
198809 38.071223 299.454978 273.253068 266.937306
198810 38.312740 299.688970 273.298998 266.957463
198811 38.341150 299.733699 272.761265 266.518950
198812 37.788083 299.619498 272.512306 266.308802
198901 36.986523 299.547513 272.269216 266.060747
198902 37.018659 299.676274 272.737958 266.412081
198903 37.912023 300.057366 273.171694 266.820448
198904 39.557565 300.493210 273.024959 266.699767
198905 41.062005 300.485743 273.297324 267.030782
198906 41.926450 300.101349 273.714968 267.596830
198907 40.481315 299.791333 273.412802 267.318250
198908 39.771925 299.647720 273.575346 267.360770
198909 38.850760 299.768642 273.445706 267.190590
198910 39.301682 300.005499 273.544326 267.293625
198911 39.682095 300.039910 273.434778 267.227690
198912 38.532512 299.901022 273.542732 267.289562
199001 37.666610 299.856188 273.373608 267.121449
199002 38.108956 299.963254 273.686156 267.399060
199003 39.426478 300.396573 273.728472 267.394657
199004 41.043584 300.797968 273.805131 267.533347
199005 42.657932 300.726429 273.950790 267.672950
199006 42.112361 300.365450 273.980418 267.833523
199007 41.666021 300.087072 274.203710 267.988184
199008 40.688145 300.050669 273.831726 267.597250
199009 41.194943 300.211266 274.438268 268.176199
199010 40.654200 300.521718 274.140526 267.961964
199011 41.610985 300.677741 274.230732 268.045540
199012 41.607618 300.623295 274.831963 268.645810
199101 40.980877 300.656358 274.949317 268.815730
199102 40.568063 300.793686 274.924074 268.808841
199103 42.169388 301.110270 274.944136 268.775199
199104 43.503376 301.418038 274.660990 268.510500
199105 44.946543 301.292892 274.683758 268.602560
199106 44.270052 300.734108 275.134936 269.079907
199107 42.208024 300.187183 274.285632 268.215723
199108 41.208615 299.929960 273.998889 267.801093
199109 39.567153 299.860319 273.663887 267.437990
199110 39.891862 300.164233 273.647361 267.363828
199111 40.044122 300.123638 273.328373 267.119892
199112 38.886011 299.888009 272.847044 266.684830
199201 38.472075 299.695266 272.929380 266.766442
199202 37.812212 299.742383 273.713159 267.379423
199203 37.944293 299.997168 273.148010 266.869850
199204 39.253060 300.418362 273.000599 266.663123
199205 40.976860 300.236172 273.235739 266.943366
199206 39.825336 299.707534 273.094669 266.831426
199207 38.685744 299.277214 272.893722 266.572681
199208 38.202749 299.065081 272.773170 266.502471
199209 37.534727 299.073255 272.795206 266.506652
199210 36.984526 299.167762 272.665834 266.415871
199211 36.786266 299.244397 272.346454 266.001389
199212 35.803914 299.148570 272.030561 265.691379
199301 35.566794 299.054621 272.307367 265.942412
199302 35.972928 299.282025 272.206386 265.892994
199303 36.826259 299.717018 272.197770 265.896139
199304 38.217342 300.074319 272.705355 266.307183
199305 39.039105 300.091408 272.620948 266.292685
199306 40.428575 299.632120 272.724100 266.523625
199307 38.484162 299.292907 272.677834 266.442344
199308 37.622172 299.209564 272.604950 266.295837
199309 37.448356 299.293774 272.489656 266.273765
199310 37.898090 299.559946 272.965122 266.645897
199311 38.013741 299.610191 272.809155 266.545753
199312 36.968668 299.526392 272.767207 266.444771
199401 36.424058 299.546435 272.498248 266.153733
199402 37.419152 299.662054 272.812734 266.559531
199403 38.351114 300.061813 273.440427 267.107105
199404 40.048420 300.530018 273.015380 266.661535
199405 41.178295 300.474587 273.265819 266.985737
199406 41.082278 300.028401 273.675980 267.465234
199407 40.244050 299.652258 273.398599 267.231039
199408 39.384927 299.577340 273.409827 267.150291
199409 39.104641 299.706646 273.391143 267.149849
199410 38.988968 299.997429 273.509827 267.229156
199411 38.647876 300.131653 273.345865 267.087196
199412 38.951485 299.986476 273.842988 267.591959
199501 38.554360 299.938054 273.681735 267.394397
199502 38.663428 300.117286 273.704120 267.412670
199503 39.967130 300.511726 273.928813 267.657569
199504 41.114941 300.912609 273.984408 267.687024
199505 42.594309 300.909495 274.057577 267.809557
199506 41.834108 300.512440 274.529206 268.392455
199507 41.520074 300.176056 274.320665 268.172085
199508 40.600596 300.010054 274.239596 268.093459
199509 40.623476 300.033625 274.161989 267.923429
199510 40.175009 300.208710 273.670524 267.457677
199511 40.290537 300.311026 273.832504 267.544385
199512 39.160342 300.216436 273.602281 267.400728
199601 39.013484 300.051754 273.809781 267.577356
199602 39.543793 300.160427 273.760977 267.520010
199603 39.668651 300.560948 274.118846 267.769870
199604 41.213231 300.932816 273.775027 267.505899
199605 42.675855 300.856541 273.923956 267.704751
199606 42.157605 300.467209 274.453382 268.292323
199607 41.520836 300.167397 274.260785 268.046398
199608 40.878889 300.091642 274.176086 267.975794
199609 41.827930 300.341896 274.218681 268.010223
199610 42.789079 300.655267 274.837968 268.619399
199611 42.218947 300.818711 274.769085 268.520496
199612 40.664240 300.719286 274.890682 268.703565
199701 40.588410 300.660955 274.631619 268.442045
199702 40.824643 300.785380 275.061898 268.869600
199703 42.408391 301.185244 274.709337 268.549840
199704 44.113250 301.430274 275.026259 268.916513
199705 45.117322 301.308168 275.206970 269.144443
199706 42.955333 300.788917 274.810397 268.728212
199707 42.830641 300.273077 274.363651 268.233943
199708 41.823160 299.911645 274.180980 268.014658
199709 40.210405 299.870204 273.730937 267.541763
199710 39.575304 300.051927 273.380699 267.152330
199711 39.539096 299.976089 273.054790 266.886422
199712 37.834059 299.889423 272.512119 266.328214
199801 37.429896 299.778141 272.972312 266.701007
199802 38.135258 299.856464 272.761952 266.493760
199803 39.149772 300.102510 273.355100 267.113360
199804 39.912657 300.395022 273.057077 266.818595
199805 41.288257 300.250993 273.257600 267.043787
199806 40.426492 299.766069 272.964161 266.794207
199807 38.831496 299.326467 272.825842 266.639730
199808 38.009545 299.094810 272.770659 266.559318
199809 37.866472 299.173895 272.920304 266.682413
199810 38.112313 299.377968 272.456099 266.289608
199811 37.813716 299.442151 272.199666 266.004460
199812 37.361769 299.295508 272.295244 266.120370
199901 37.040353 299.226372 272.407302 266.225963
199902 36.697182 299.543158 272.426916 266.185717
199903 37.711684 299.964225 272.722087 266.358311
199904 39.029510 300.343883 272.576354 266.232760
199905 40.616524 300.155074 272.907831 266.648515
199906 39.637700 299.731434 272.920613 266.761560
199907 38.716121 299.361654 272.736807 266.505582
199908 38.013928 299.251219 272.771465 266.534022
199909 38.289070 299.342722 272.921232 266.647347
199910 38.007079 299.611778 273.026141 266.747792
199911 37.419641 299.752102 272.622557 266.335986
199912 36.820149 299.627884 272.889549 266.580452
200001 36.988870 299.582588 272.491619 266.240361
200002 37.559713 299.744814 272.986917 266.687934
200003 38.707809 300.233771 273.237083 266.828732
200004 41.031158 300.567686 273.371390 267.110576
200005 42.093440 300.568940 273.762004 267.531523
200006 42.106212 300.187547 273.952854 267.721385
200007 40.751604 299.868995 273.681222 267.497592
200008 40.195220 299.733730 273.565610 267.335104
200009 39.815234 299.821505 273.632045 267.424997
200010 39.414868 300.102906 273.589633 267.284806
200011 40.280079 300.244287 273.525937 267.316075
200012 39.903702 300.101622 274.333724 268.098541
200101 39.229610 300.223105 274.216489 267.878169
200102 39.895637 300.379605 274.347082 268.107439
200103 41.025436 300.755763 274.512047 268.273792
200104 42.596988 301.091382 274.288899 268.071877
200105 43.586210 301.032676 274.537104 268.361967
200106 43.376350 300.646376 275.042751 268.940059
200107 42.186295 300.269801 274.482373 268.347130
200108 41.922361 300.075625 274.294161 268.168558
200109 41.412643 300.153930 274.118259 267.954167
200110 41.225365 300.331508 274.297114 268.068868
200111 40.751425 300.369027 274.151040 267.949104
200112 39.949909 300.224780 274.105470 267.944650
200201 39.157221 300.159886 274.000085 267.801087
200202 39.323284 300.286607 273.991584 267.757554
200203 40.128690 300.647697 274.118515 267.878397
200204 41.867526 301.007736 273.965142 267.678148
200205 42.873542 300.929432 274.405349 268.186814
200206 42.814721 300.492221 274.141237 268.071521
200207 41.465858 300.078704 274.000385 267.798384
200208 40.634619 299.807403 273.603368 267.450550
200209 39.851411 299.805091 273.920011 267.723659
200210 39.566882 300.084099 273.790390 267.517510
200211 38.901212 300.077673 273.512805 267.287944
200212 38.056779 299.996618 273.392491 267.042017
200301 38.101874 299.852163 273.305051 267.028434
200302 38.489140 300.038813 273.487792 267.154163
200303 39.591318 300.468524 273.624840 267.303201
200304 40.976605 300.870882 273.884630 267.561845
200305 43.153216 300.676257 274.043728 267.861419
200306 41.778916 300.333012 274.035948 267.844480
200307 41.124884 300.000869 273.908526 267.740976
200308 40.160584 300.003826 273.726000 267.488674
200309 40.405147 300.204184 273.992557 267.761242
200310 41.331788 300.527179 274.331286 268.061622
200311 41.441019 300.664202 274.201248 267.993762
200312 41.364348 300.602513 274.495836 268.307456
200401 40.521088 300.573464 274.428076 268.230256
200402 40.441439 300.758976 274.693831 268.427338
200403 41.970257 301.132076 275.028674 268.805441
200404 43.474247 301.454327 274.446819 268.306149
200405 44.933202 301.388854 274.686020 268.569148
200406 44.288665 301.035733 274.996375 268.987081
200407 43.539797 300.675701 275.126702 269.023812
200408 43.142944 300.534919 274.882600 268.770859
200409 43.113158 300.711503 275.164477 268.991308
200410 43.020541 301.005053 275.160818 268.988176
200411 43.370295 301.116661 275.009484 268.916749
200412 42.093893 301.008946 275.007311 268.940049
200501 41.884488 300.942660 275.279710 269.167809
200502 41.428361 301.121982 275.061871 268.902269
200503 42.781975 301.366681 275.433219 269.312769
200504 44.362339 301.665875 275.108892 268.962751
200505 45.331445 301.494756 275.406827 269.334080
200506 45.190858 300.972404 275.017756 268.990960
200507 42.491884 300.335805 274.495165 268.421311
200508 41.073089 299.950755 274.173533 268.049615
200509 40.721987 299.854382 273.990415 267.761274
200510 39.467252 300.027242 273.528234 267.292507
200511 39.016700 300.033859 273.362753 267.149123
200512 38.820627 299.758077 273.005598 266.822453
200601 37.766079 299.646596 272.832694 266.664793
200602 37.677256 299.870320 273.090203 266.847859
200603 38.559308 300.280536 273.444997 267.053164
200604 39.886282 300.530873 272.995080 266.741097
200605 41.288421 300.268614 273.230108 267.077641
200606 39.975156 299.818666 272.911897 266.801659
200607 38.629575 299.406263 273.128500 266.892215
200608 38.114944 299.211844 272.882469 266.678211
200609 38.105100 299.223935 272.972348 266.768502
200610 37.564225 299.411017 273.179772 266.941024
200611 37.336268 299.532393 272.351292 266.151971
200612 36.633555 299.488949 272.085254 265.807722
200701 36.311747 299.393404 272.143616 265.923499
200702 37.617492 299.597597 273.121699 266.858935
200703 38.399983 300.077117 273.028716 266.676725
200704 39.582521 300.398441 273.070321 266.775481
200705 40.669040 300.386766 273.000762 266.750440
200706 40.742849 299.998751 272.854430 266.709451
200707 39.341238 299.665276 273.101798 266.860840
200708 39.590248 299.586178 273.298750 267.050467
200709 39.096498 299.739976 273.553074 267.293939
200710 39.655803 299.957283 273.511144 267.258849
200711 39.242448 300.061340 272.952700 266.727962
200712 38.882528 299.936901 272.973370 266.777034
200801 37.939569 299.833057 273.034924 266.769369
200802 38.298396 299.910119 273.487817 267.220034
200803 39.021771 300.297006 273.655260 267.312569
200804 40.960674 300.679820 273.427348 267.136142
200805 41.489193 300.605325 273.685020 267.465471
200806 41.798971 300.251124 273.621379 267.511748
200807 41.048173 299.924717 273.841334 267.662938
200808 40.803692 299.867184 273.949548 267.767137
200809 39.291260 300.095781 273.768539 267.531240
200810 39.431817 300.294857 273.747217 267.540418
200811 40.833529 300.314257 273.944953 267.744642
200812 40.096690 300.234266 273.682749 267.495175
200901 39.438902 300.094236 274.068350 267.852060
200902 39.157131 300.203952 273.973620 267.732481
200903 39.855784 300.579008 274.131521 267.801797
200904 42.072919 300.960269 274.113688 267.855020
200905 43.178661 300.922627 274.265027 267.990123
200906 43.036563 300.498668 274.351236 268.231266
200907 41.143531 300.236946 273.999600 267.795731
200908 41.868047 300.166881 274.287986 268.075458
200909 41.409488 300.339202 274.254322 268.087739
200910 40.743421 300.554271 274.514310 268.280687
200911 41.402563 300.754328 274.364909 268.108446
200912 41.099336 300.689371 274.603482 268.447446
201001 40.840159 300.707163 274.802913 268.612477
201002 41.082982 300.933062 274.966290 268.723831
201003 42.657840 301.256430 275.416679 269.262825
201004 44.271877 301.613369 274.968714 268.835699
201005 45.004939 301.566557 275.068977 268.953149
201006 45.052976 301.149338 275.550074 269.527817
201007 43.556288 300.757383 275.096503 269.027989
201008 43.561631 300.543719 274.923972 268.821994
201009 42.342730 300.549206 274.876377 268.701329
201010 42.831146 300.750091 274.727341 268.516948
201011 42.018006 300.735393 274.573279 268.394975
201012 41.073166 300.521397 274.172479 268.080596
201101 40.041385 300.446780 274.039044 267.805684
201102 39.533995 300.443692 274.176750 267.948002
201103 40.130545 300.722017 274.313684 267.990277
201104 42.259165 301.068015 274.318516 268.047332
201105 42.990968 301.025810 274.431263 268.166250
201106 42.110397 300.549597 274.260809 268.106131
201107 41.584028 300.169705 274.137473 267.968228
201108 41.247473 299.919506 274.355109 268.196669
201109 39.431638 299.970282 274.088022 267.890336
201110 40.018016 300.242228 273.924886 267.702722
201111 40.200538 300.189265 273.778816 267.589451
201112 38.760801 300.106443 273.371410 267.198600
201201 37.859332 299.950192 273.186606 266.938200
201202 39.214505 300.161049 273.352188 267.157290
201203 39.983710 300.589078 273.960437 267.686511
201204 41.748362 300.896128 273.724823 267.499992
201205 42.610988 300.702480 273.987377 267.802918
201206 41.734450 300.226935 273.532120 267.376231
201207 39.921825 299.860528 273.577929 267.311183
201208 39.533520 299.724268 273.596642 267.336187
201209 39.405610 299.849183 273.722130 267.470184
201210 39.522755 299.998203 273.727800 267.522222
201211 38.800139 300.096310 273.336761 267.083109
201212 38.108112 299.993797 272.807256 266.564526
201301 38.041245 299.895219 272.906174 266.692566
201302 38.475189 300.058084 273.214035 266.934716
201303 39.501794 300.348478 273.587858 267.309476
201304 40.089144 300.720989 273.707386 267.438803
201305 41.808672 300.724436 273.910148 267.604031
201306 41.830286 300.322626 274.193846 267.956242
201307 41.123567 299.945220 273.723154 267.520848
201308 39.917488 299.900364 273.794155 267.542899
201309 39.442063 300.114050 273.859004 267.627982
201310 41.162113 300.308077 274.115616 267.939386
201311 40.633789 300.355806 274.094821 267.866442
201312 39.696369 300.200894 273.832667 267.627986
201401 39.116040 300.126849 273.997537 267.784499
201402 38.757964 300.296065 274.047309 267.760483
201403 40.206695 300.740351 274.092151 267.766079
201404 42.251225 301.170858 273.956765 267.661645
201405 42.910974 301.128949 274.268102 268.040031
201406 43.318973 300.783427 274.339448 268.187442
201407 42.856781 300.435873 274.754433 268.628517
201408 41.929457 300.367932 274.625900 268.417849
201409 40.903347 300.519291 274.470139 268.335596
201410 42.498004 300.866876 274.842969 268.662645
201411 42.928367 300.989114 274.996391 268.849551
201412 42.639236 300.903478 274.634060 268.603748
201501 41.720857 300.862392 275.126554 269.060721
201502 41.824078 301.051860 275.145819 269.020577
201503 43.468111 301.324770 275.673945 269.521272
201504 44.753559 301.614167 275.241883 269.150364
201505 46.034443 301.492422 275.112496 269.056610
201506 44.632332 300.929664 275.068528 269.036696
201507 43.050853 300.396974 274.686921 268.577154
201508 41.797396 300.013359 274.545624 268.444388
201509 40.438668 299.914352 274.169709 268.030997
201510 39.990739 300.070337 273.841366 267.597331
201511 40.051448 300.039423 273.417589 267.276517
201512 38.616054 299.902455 273.507826 267.221768
201601 37.775056 299.837347 273.051675 266.789624
201602 37.790838 300.034727 273.315754 266.995068
201603 39.396664 300.450995 273.626460 267.347105
201604 41.731439 300.898636 273.669036 267.398383
201605 42.740931 300.747368 273.456976 267.333853
201606 41.758075 300.194608 273.748251 267.611858
201607 40.613789 299.778954 273.629469 267.484410
201608 40.183913 299.590770 273.556520 267.357602
201609 40.044957 299.565067 273.441203 267.290413
201610 38.460550 299.739514 273.536937 267.333017
201611 38.555030 299.798178 273.098980 266.871720
201612 38.001596 299.654360 272.534395 266.342902
201701 37.520321 299.605913 272.680051 266.411013
201702 37.334147 299.719983 273.107036 266.896513
201703 38.289698 300.207753 273.497037 267.184120
201704 40.570064 300.583386 273.405789 267.104452
201705 41.729649 300.447228 273.205969 267.042852
201706 40.516763 300.049303 273.600360 267.353794
201707 40.012466 299.741284 273.276230 267.062819
201708 39.237115 299.613933 273.342435 267.139178
201709 38.872989 299.795143 273.480591 267.218554
201710 39.869880 300.033150 273.238767 267.075275
201711 40.146426 300.122748 273.137872 267.007816
201712 39.067940 300.074983 273.062532 266.866980
201801 38.699565 299.957195 273.214827 267.022343
201802 39.131332 300.022875 273.921991 267.652329
201803 39.994792 300.338424 273.970069 267.694973
201804 40.978391 300.753146 273.719694 267.457658
201805 42.146682 300.696572 273.758685 267.554813
201806 41.967453 300.303418 274.155140 268.025974
201807 41.322880 299.966992 274.291334 268.074737
201808 40.462333 299.902518 274.069546 267.879492
201809 39.725903 300.072747 273.851532 267.636052
201810 39.908392 300.408503 273.890189 267.645312
201811 41.050530 300.508761 273.594650 267.467842
201812 39.229577 300.422565 273.876017 267.622164
201901 39.729849 300.293936 273.999621 267.790474
201902 40.142638 300.514412 274.258770 267.980289
201903 41.218098 300.968255 274.705750 268.401619
201904 43.254537 301.337719 274.547147 268.294189
201905 44.287890 301.242549 274.614308 268.448072
201906 43.957519 300.933811 275.024111 268.869657
201907 42.829629 300.673255 275.030641 268.887829
201908 42.434085 300.590326 274.749576 268.636257
201909 43.402390 300.776603 274.624560 268.544803
201910 43.953890 301.119120 275.144529 268.972046
201911 43.793699 301.268806 275.357001 269.182236
201912 43.406023 301.200564 275.553939 269.453499
202001 42.896928 301.121449 275.694201 269.597705
202002 43.659243 301.265128 275.569949 269.498734
202003 44.684254 301.648945 275.578974 269.511483
202004 46.371693 301.963620 275.622382 269.563098
202005 46.498124 301.891328 275.466553 269.426148
202006 46.359426 301.415903 275.650984 269.715940
202007 44.757445 300.835194 275.294692 269.235989
202008 43.646189 300.454146 274.938081 268.878832
202009 42.542026 300.395538 274.880442 268.725996
202010 41.773314 300.611337 274.161790 268.004686
202011 40.227900 300.557644 273.910793 267.725107
202012 39.955854 300.424509 273.636527 267.397063
202101 39.420441 300.309961 273.695215 267.478165
202102 39.584908 300.481905 273.803259 267.562203
202103 40.791670 300.851449 274.078718 267.815390
202104 43.123533 301.166925 274.729212 268.529667
202105 44.034709 301.149120 274.388322 268.217378
202106 43.707486 300.677227 274.693065 268.556720
202107 41.860932 300.289684 274.577677 268.430617
202108 41.555748 300.128345 274.403012 268.220189
202109 41.200700 300.175860 274.277834 268.088903
202110 41.306258 300.366527 274.334295 268.139233
202111 40.313134 300.375775 273.820486 267.666668
202112 39.692216 300.218503 272.834296 266.765398
202201 39.200884 300.066445 273.896978 267.692195
202202 38.816244 300.241629 273.706639 267.451171
202203 39.835115 300.505450 273.750924 267.516032
202204 41.630151 300.817541 273.878469 267.640793
202205 42.451430 300.790694 274.005169 267.799979
202206 42.166745 300.390532 273.878249 267.762775
202207 40.413680 300.044198 273.837104 267.691550
202208 41.409606 299.866441 273.920168 267.761802
202209 40.106490 299.881288 274.096504 267.901353
202210 39.506832 300.133821 273.630802 267.452998
202211 39.457511 300.213763 273.708173 267.480505
202212 38.762870 300.176277 273.588745 267.280779
202301 38.747189 300.064368 273.601395 267.372337
202302 38.971054 300.181367 273.954999 267.690468
202303 40.302231 300.514171 274.281235 267.997489
202304 42.386477 300.979244 274.442879 268.202632
202305 43.127862 301.012798 274.411696 268.181113
202306 43.380494 300.652492 274.857768 268.734971
202307 41.789828 300.397838 274.540356 268.397511
202308 42.470783 300.284064 274.645667 268.465918
202309 41.648948 300.462154 274.241312 268.088998
202310 42.166176 300.700913 274.394884 268.219283
202311 42.187392 300.780141 274.280150 268.186804
202312 41.151383 300.542864 274.717794 268.525331
202401 40.647434 300.542905 274.075195 267.955438
202402 40.603836 300.695505 274.644095 268.442320
202403 41.442035 301.077961 274.727452 268.471355
202404 43.543422 301.381081 274.674476 268.486191
202405 44.595387 301.287557 274.836313 268.691381
202406 45.190499 300.848561 275.031586 268.975090
202407 43.314002 300.462141 274.870433 268.738323
202408 42.283586 300.224480 274.476962 268.385299
202409 41.919904 300.282058 274.412044 268.251065
202410 40.833372 300.493884 274.473584 268.251016
202411 40.833571 300.627950 274.277228 268.049460
202412 39.936764 300.470100 273.574380 267.477428
