time(yyyymm) ts_cwv ts_sst ts_tlt ts_tmt
198001 42.889932 300.424892 276.270344 269.896549
198002 42.474139 300.666126 276.103676 269.731863
198003 43.841019 300.893019 276.627877 270.248589
198004 45.314600 301.167792 276.659680 270.232458
198005 46.653097 301.108045 276.784070 270.488468
198006 45.292200 300.795699 276.590098 270.331537
198007 44.864231 300.417563 276.819646 270.613021
198008 44.783113 300.206739 276.814352 270.584186
198009 44.737383 300.357167 276.670429 270.358051
198010 43.972842 300.604483 276.539425 270.154781
198011 43.587178 300.719486 276.566669 270.191065
198012 43.580361 300.679248 276.575885 270.269683
198101 42.461709 300.671499 276.424308 270.119405
198102 43.062727 300.765161 276.545495 270.220194
198103 44.263979 301.063467 276.806032 270.455706
198104 45.514868 301.292957 276.839595 270.502134
198105 46.454101 301.006897 276.812617 270.549085
198106 44.487066 300.400711 276.406684 270.178502
198107 43.668294 299.804866 275.991734 269.747560
198108 42.152035 299.533493 275.792832 269.438845
198109 41.507313 299.553188 275.467899 269.041721
198110 41.040529 299.772765 275.282844 268.798265
198111 39.844106 299.799834 274.864980 268.432794
198112 39.118146 299.690648 274.754823 268.303312
198201 39.482380 299.648048 274.814395 268.349654
198202 40.205720 299.804485 274.826881 268.394761
198203 40.124636 300.080683 275.467904 268.944072
198204 41.993611 300.378619 275.269969 268.803851
198205 42.448137 300.308361 275.326642 268.877430
198206 42.277823 299.885217 275.236061 268.891897
198207 42.231848 299.446486 275.205096 268.883662
198208 40.714286 299.167549 274.974723 268.639423
198209 40.655588 299.100157 274.628415 268.243648
198210 40.093624 299.246964 274.847597 268.363815
198211 38.857291 299.389235 274.551154 268.011251
198212 38.720354 299.265494 274.263339 267.794683
198301 38.280185 299.194257 273.785716 267.399357
198302 38.152910 299.332812 274.399353 267.909964
198303 38.652360 299.686469 274.761084 268.232754
198304 40.717871 300.096469 274.668452 268.134510
198305 42.271090 300.056228 274.859688 268.400541
198306 40.592507 299.736863 274.776890 268.377382
198307 41.107846 299.413149 275.029016 268.647998
198308 40.827568 299.253627 274.986892 268.627707
198309 40.777534 299.318710 275.284023 268.870585
198310 40.514417 299.522886 275.062117 268.583326
198311 39.858886 299.594506 274.873939 268.392219
198312 39.203503 299.509560 274.675183 268.205464
198401 39.792657 299.483087 274.459975 268.041755
198402 40.123496 299.672904 274.741705 268.317256
198403 39.994101 300.030546 274.874411 268.368441
198404 41.522851 300.464069 275.064705 268.534956
198405 42.737896 300.440156 275.395175 268.928961
198406 42.835731 300.075269 275.493165 269.144001
198407 42.042488 299.689866 275.687844 269.333227
198408 41.917346 299.530714 275.455720 269.073743
198409 41.206860 299.607789 275.371658 268.975494
198410 41.483359 299.803633 275.344453 268.888874
198411 40.536225 299.894298 275.083297 268.662848
198412 40.361314 299.772225 274.954657 268.525961
198501 40.290860 299.716526 274.737587 268.315354
198502 40.599656 299.832257 275.317954 268.948024
198503 41.101256 300.151337 275.695741 269.273664
198504 42.552543 300.488677 275.438406 268.991064
198505 42.570210 300.493624 275.573981 269.168048
198506 43.911301 300.131187 275.761927 269.448599
198507 42.568620 299.754961 275.567798 269.207542
198508 42.456616 299.460652 275.589535 269.258460
198509 41.773844 299.491936 275.430165 269.038461
198510 40.985889 299.601077 275.407101 268.946165
198511 40.039178 299.739064 275.203553 268.757801
198512 39.509620 299.616786 274.878662 268.448129
198601 40.282831 299.553744 275.018203 268.612715
198602 39.780793 299.789646 275.238109 268.789420
198603 39.571377 300.197369 275.030929 268.461327
198604 41.894951 300.521266 275.603085 269.071627
198605 42.769500 300.543419 275.681216 269.230880
198606 43.113022 300.170205 275.553885 269.247574
198607 42.581641 299.776386 275.641948 269.324942
198608 41.409488 299.594350 275.814961 269.463245
198609 42.546026 299.603193 275.874478 269.495247
198610 41.606913 299.808880 275.521454 269.056623
198611 40.676089 300.019682 275.207820 268.763714
198612 41.063534 299.937995 275.413703 269.016818
198701 40.656288 299.958303 275.349924 268.934937
198702 41.457814 300.096680 275.607400 269.213207
198703 41.974125 300.519056 275.841619 269.370527
198704 43.363251 300.868251 275.886343 269.408291
198705 44.980497 300.757724 276.235340 269.930462
198706 44.182832 300.296100 276.143607 269.877228
198707 43.235662 299.721726 275.873081 269.633238
198708 42.448170 299.452967 275.608834 269.308324
198709 41.463735 299.510585 275.539897 269.138552
198710 41.635976 299.612207 275.277080 268.841409
198711 39.519422 299.631815 275.174103 268.724608
198712 38.737707 299.596491 274.778588 268.314010
198801 38.941494 299.506233 274.538565 268.174568
198802 39.570720 299.690093 274.974771 268.474562
198803 39.460868 299.998247 275.130584 268.608913
198804 41.811077 300.380029 275.259842 268.764223
198805 42.299015 300.329943 275.492136 269.043532
198806 42.342126 299.994795 275.304838 268.908266
198807 42.832093 299.632475 275.456284 269.071368
198808 41.881615 299.443134 275.449141 269.096162
198809 42.137986 299.466831 275.525629 269.167312
198810 40.857708 299.642682 275.166202 268.754935
198811 40.244211 299.697579 274.862738 268.438559
198812 39.393922 299.574745 274.764664 268.307669
198901 39.384248 299.561963 274.944842 268.492711
198902 39.778921 299.743263 275.097965 268.675701
198903 40.313166 300.066440 275.155227 268.648116
198904 41.987845 300.486336 275.398193 268.916812
198905 43.054140 300.436499 275.593861 269.179825
198906 42.194780 300.039917 275.372863 268.983846
198907 42.224993 299.621768 275.529919 269.185776
198908 41.567293 299.416283 275.333756 269.018805
198909 41.356911 299.457544 275.325474 268.954076
198910 40.755545 299.660491 275.072837 268.629089
198911 40.290656 299.741329 275.153122 268.673622
198912 39.368258 299.667935 274.741321 268.324136
199001 40.322897 299.646175 274.617650 268.250970
199002 39.972841 299.727617 275.002640 268.651313
199003 40.022053 300.083968 275.112717 268.651058
199004 42.135310 300.442275 275.357312 268.853665
199005 42.496332 300.332503 275.468870 269.021502
199006 42.487226 299.914769 275.241836 268.882137
199007 42.418168 299.506326 275.240011 268.884757
199008 41.326323 299.273375 275.035946 268.711771
199009 40.620208 299.335863 275.212025 268.822000
199010 39.409397 299.466011 274.890783 268.423090
199011 39.359748 299.581239 274.664670 268.173269
199012 39.184952 299.603068 274.585250 268.074625
199101 39.822460 299.626015 274.558712 268.107455
199102 39.833499 299.800263 274.780644 268.335556
199103 40.584272 300.102868 275.371814 268.881823
199104 41.849300 300.499232 275.091884 268.590159
199105 43.451063 300.513628 275.574380 269.105856
199106 44.146163 300.233625 275.737719 269.423173
199107 43.239195 299.897875 276.096860 269.739749
199108 41.731327 299.744246 275.696717 269.317191
199109 41.996623 299.770421 275.692205 269.319242
199110 41.650937 299.941339 275.701567 269.254556
199111 41.989203 300.025071 275.327667 268.913098
199112 40.689097 299.926138 275.679678 269.218560
199201 40.933534 299.963766 275.475108 269.070486
199202 40.488486 300.135121 275.676088 269.243815
199203 40.985685 300.516461 275.826248 269.330066
199204 42.935496 300.879495 275.996993 269.513641
199205 44.087602 300.830240 276.155849 269.736825
199206 44.077591 300.473441 276.359078 270.024919
199207 44.217536 300.105555 276.289339 269.959441
199208 42.953930 299.941524 276.240565 269.932004
199209 41.899155 300.069473 275.927438 269.623387
199210 42.596260 300.316889 276.120735 269.738350
199211 42.897785 300.434766 276.105194 269.719398
199212 42.234935 300.381043 276.069369 269.643736
199301 42.393960 300.269370 276.067765 269.697301
199302 42.087978 300.472737 276.238361 269.853355
199303 43.065942 300.849882 276.266722 269.833670
199304 45.317101 301.095198 276.730417 270.334687
199305 45.576230 301.061875 276.592142 270.245741
199306 44.950585 300.559278 276.666496 270.423314
199307 44.897268 299.925433 276.191776 269.997860
199308 43.433398 299.547550 275.728509 269.480052
199309 42.877872 299.509223 275.423646 269.091536
199310 40.252587 299.614855 275.354076 268.934069
199311 39.321825 299.678470 274.882010 268.390138
199312 39.329956 299.578758 274.718486 268.233059
199401 39.452361 299.437907 274.640649 268.230682
199402 38.875302 299.561045 274.920914 268.469149
199403 39.689257 299.914344 274.764802 268.289826
199404 41.179019 300.111642 274.953402 268.487188
199405 41.492464 299.959415 275.032971 268.627311
199406 41.175808 299.607583 274.919929 268.488413
199407 40.881602 299.242643 274.753600 268.363787
199408 40.223996 298.988464 274.636562 268.264923
199409 40.048769 298.991825 274.566960 268.148173
199410 39.400774 299.134164 274.410343 267.958161
199411 38.170419 299.216009 274.395359 267.907716
199412 37.482149 299.226074 274.151446 267.602328
199501 38.465442 299.189690 274.185831 267.680793
199502 38.494564 299.386838 274.286334 267.817837
199503 38.930415 299.712260 274.633693 268.118792
199504 41.406278 300.076758 274.781494 268.273329
199505 41.725243 300.061397 274.960939 268.482061
199506 41.543743 299.717782 274.839225 268.421500
199507 41.723950 299.377772 275.121605 268.736629
199508 41.060913 299.193605 274.866462 268.525114
199509 40.268519 299.245986 274.988893 268.567339
199510 40.092889 299.473433 274.854475 268.386395
199511 39.185904 299.616057 274.652597 268.166761
199512 39.557499 299.614531 274.561067 268.085571
199601 39.345786 299.601847 274.585673 268.140565
199602 39.618587 299.723873 275.029196 268.594342
199603 40.650910 300.106714 275.089917 268.599331
199604 42.003638 300.447307 275.405334 268.878332
199605 42.930270 300.462119 275.563732 269.104770
199606 43.175472 300.120766 275.665473 269.311022
199607 42.659567 299.756188 275.605703 269.281824
199608 42.375606 299.626589 275.665946 269.327333
199609 41.976928 299.742660 275.833705 269.459882
199610 41.531508 299.914789 275.576184 269.177844
199611 40.942655 299.999386 275.495804 269.077269
199612 41.100207 299.932689 275.078289 268.676532
199701 40.676047 299.896381 275.148130 268.729928
199702 41.463082 299.981370 275.476974 269.087093
199703 41.330680 300.376468 275.537380 269.045114
199704 42.690361 300.703600 275.774153 269.261609
199705 43.883598 300.741613 275.872582 269.398525
199706 44.354932 300.457609 276.140316 269.823157
199707 43.305045 300.198236 276.059550 269.677982
199708 44.066665 300.119109 276.265931 269.937776
199709 43.824752 300.307598 276.469484 270.099096
199710 44.143439 300.614804 276.564575 270.154416
199711 45.448582 300.816555 276.641620 270.283815
199712 45.178781 300.825340 276.931961 270.615983
199801 43.265118 300.907302 276.766697 270.456560
199802 43.983312 301.057607 277.113806 270.784002
199803 45.314716 301.428652 277.108343 270.779155
199804 46.545742 301.701934 277.540295 271.210677
199805 48.721057 301.566438 277.454743 271.239809
199806 47.454365 301.082265 277.544566 271.355929
199807 45.699913 300.469831 276.859034 270.649014
199808 44.180444 300.131104 276.293620 270.062994
199809 44.099425 300.202223 276.379392 270.032424
199810 43.368539 300.322950 276.260735 269.890044
199811 42.607662 300.348296 275.742067 269.373023
199812 42.019825 300.201086 275.560362 269.180221
199901 41.104507 300.108525 275.589957 269.186240
199902 41.633618 300.206975 275.455623 269.073232
199903 42.103683 300.396377 275.928013 269.526199
199904 43.419575 300.682261 275.787732 269.359094
199905 42.790350 300.504011 275.745618 269.377790
199906 43.352044 300.088182 275.503948 269.210494
199907 42.487190 299.659028 275.640296 269.305689
199908 41.879219 299.397838 275.412945 269.086280
199909 41.382881 299.397242 275.220353 268.857090
199910 40.392043 299.521225 274.944648 268.502875
199911 39.767540 299.595799 274.756558 268.322154
199912 39.645856 299.494629 274.513106 268.105927
200001 39.423642 299.437514 274.214854 267.820482
200002 39.022754 299.648687 274.765702 268.298214
200003 40.092255 300.010031 274.992323 268.461534
200004 41.476139 300.311850 275.007787 268.518874
200005 42.580330 300.323065 275.113273 268.676719
200006 42.487418 300.013664 275.361599 268.975094
200007 42.748003 299.655679 275.518358 269.206013
200008 41.634550 299.494987 275.409605 269.098386
200009 41.191606 299.571408 275.417380 269.013228
200010 41.172983 299.678186 275.328973 268.920382
200011 39.860068 299.829200 275.084434 268.590145
200012 40.302272 299.747844 274.944025 268.481064
200101 39.762415 299.758236 274.924086 268.517583
200102 40.955019 299.881381 275.243906 268.799245
200103 41.104584 300.221656 275.511989 269.046049
200104 43.259489 300.590580 275.670357 269.195785
200105 43.657536 300.564578 275.815491 269.416110
200106 42.803108 300.212037 275.784640 269.415498
200107 42.677070 299.871520 275.747380 269.418734
200108 43.311531 299.753792 275.840697 269.525569
200109 42.520934 299.838221 275.859521 269.501096
200110 41.595410 300.058068 275.668214 269.225769
200111 41.301813 300.200993 275.545841 269.096622
200112 41.565217 300.049909 275.575152 269.152923
200201 41.399036 299.933543 275.279726 268.934592
200202 40.740251 300.112167 275.693408 269.288116
200203 42.713713 300.444991 276.123026 269.668287
200204 44.397160 300.756285 275.885713 269.494115
200205 44.533380 300.678307 276.182830 269.823963
200206 43.887001 300.292800 276.048848 269.741046
200207 43.300799 299.900012 276.095024 269.767448
200208 42.520006 299.719406 275.834272 269.475403
200209 42.133951 299.690125 275.884495 269.493370
200210 41.421723 299.958840 275.555970 269.053856
200211 41.024887 300.108012 275.210257 268.791586
200212 40.543021 300.040730 275.092819 268.707834
200301 41.372466 299.868084 275.503620 269.138644
200302 40.347792 300.064140 275.661582 269.244122
200303 41.285474 300.386324 275.696803 269.223565
200304 43.281923 300.720311 275.927523 269.426731
200305 44.244200 300.667083 275.789695 269.350226
200306 44.276698 300.350072 275.904613 269.581871
200307 43.337581 299.968177 275.924448 269.593838
200308 43.426783 299.803875 276.028146 269.712455
200309 42.540015 299.936935 275.821166 269.459816
200310 42.422327 300.121566 275.903143 269.504768
200311 40.665429 300.236239 275.669352 269.223316
200312 41.599045 300.128761 275.709578 269.310342
200401 41.818111 300.106885 275.757971 269.425140
200402 41.552339 300.328953 275.503700 269.187447
200403 41.565490 300.633796 275.779482 269.322327
200404 43.006182 300.968441 275.959179 269.462314
200405 44.764144 300.963951 276.358989 269.957632
200406 45.032625 300.587430 276.201722 269.973060
200407 44.573814 300.197715 276.517834 270.245953
200408 44.360850 300.002557 276.391684 270.158010
200409 43.956243 300.147948 276.337708 270.013657
200410 43.019192 300.343278 276.328168 269.926935
200411 43.135760 300.504733 276.167196 269.800995
200412 42.220178 300.389626 276.135863 269.765763
200501 41.917840 300.350226 276.006121 269.651548
200502 41.626595 300.458494 276.109884 269.692166
200503 42.599939 300.780375 276.384311 269.959050
200504 44.166506 301.022758 276.547541 270.129953
200505 45.591859 301.011882 276.463780 270.126873
200506 45.739035 300.701337 276.792979 270.512636
200507 44.715577 300.347815 276.769978 270.479997
200508 44.060831 300.194064 276.679573 270.470832
200509 43.864784 300.295309 276.656671 270.371346
200510 44.957196 300.521240 276.671518 270.290248
200511 44.154977 300.633844 276.487390 270.126442
200512 42.545084 300.507224 276.357336 270.022024
200601 42.774690 300.419092 276.424943 270.040902
200602 42.764622 300.650558 276.364157 269.958751
200603 43.338428 300.944279 276.460905 270.085250
200604 44.984462 301.235740 276.692921 270.298267
200605 45.817961 301.141125 276.758997 270.433734
200606 45.430872 300.742358 276.778950 270.532087
200607 44.331328 300.261431 276.461902 270.234549
200608 42.922065 300.024875 276.003870 269.776927
200609 43.351654 299.961620 276.195658 269.914734
200610 43.101880 300.115490 275.979299 269.585251
200611 42.123076 300.224679 275.674489 269.273515
200612 41.375336 300.055764 275.551733 269.195147
200701 40.469386 299.939183 275.560598 269.205195
200702 40.998505 300.126097 275.575343 269.184019
200703 40.803566 300.571698 275.586192 269.101955
200704 43.217308 300.915830 275.654992 269.177426
200705 44.233403 300.781369 275.960814 269.621085
200706 43.156456 300.325574 275.736606 269.485560
200707 43.299135 299.877864 275.829147 269.524145
200708 42.799614 299.591402 275.640728 269.399674
200709 42.859121 299.624237 275.511317 269.217908
200710 41.098568 299.742276 275.429809 269.006766
200711 40.927790 299.838247 275.274933 268.837058
200712 40.225164 299.747289 275.109801 268.718949
200801 39.622397 299.681578 274.765643 268.355779
200802 40.188228 299.863946 275.158991 268.750781
200803 41.454536 300.291803 275.457806 269.033292
200804 42.986222 300.656202 275.721143 269.256175
200805 43.971627 300.555777 275.795062 269.427659
200806 43.249117 300.223009 275.886164 269.528026
200807 42.909235 299.869519 275.849447 269.536076
200808 42.582503 299.726339 275.575644 269.280974
200809 42.554864 299.749339 275.893345 269.526357
200810 41.745708 299.944604 275.550025 269.122660
200811 41.112209 300.020757 275.660093 269.232976
200812 40.341288 299.961231 275.193581 268.768089
200901 39.816501 299.972552 275.269726 268.809321
200902 40.750607 300.093091 275.625141 269.150194
200903 41.726164 300.506113 275.688956 269.233890
200904 43.300897 300.914203 275.997455 269.542414
200905 44.779472 300.831894 276.156242 269.755390
200906 43.401053 300.475983 276.171102 269.864010
200907 44.026491 300.088478 276.222434 269.925112
200908 42.840322 299.991783 276.219848 269.899298
200909 43.735366 300.043359 276.297914 269.968928
200910 43.005072 300.353650 276.125566 269.730404
200911 43.196613 300.440666 276.111950 269.735202
200912 41.959542 300.363237 276.067630 269.709815
201001 41.733556 300.324607 275.799298 269.435616
201002 41.728248 300.563399 275.616605 269.240456
201003 42.646312 300.902179 276.201078 269.786807
201004 45.469450 301.287814 276.471196 270.063279
201005 46.309505 301.239339 276.674335 270.330191
201006 46.172246 300.837169 276.783788 270.569795
201007 45.097705 300.423868 276.778265 270.555268
201008 44.098260 300.193365 276.634499 270.403277
201009 43.953074 300.243521 276.472631 270.185070
201010 43.462805 300.436910 276.323581 269.949234
201011 42.870781 300.541735 276.132895 269.756015
201012 42.455409 300.392378 276.026459 269.701669
201101 41.570955 300.324149 276.095092 269.688789
201102 41.877690 300.440374 275.722298 269.408351
201103 43.046873 300.748061 276.260097 269.880967
201104 44.475344 301.130335 276.174968 269.792502
201105 46.027417 300.913456 276.736277 270.438424
201106 44.281477 300.461755 276.440288 270.197823
201107 43.388958 299.931555 276.047293 269.825568
201108 43.398110 299.622102 275.984029 269.763294
201109 43.164397 299.610913 275.579456 269.290819
201110 41.178102 299.684739 275.506827 269.142815
201111 40.415746 299.778092 275.038292 268.602031
201112 39.650001 299.775171 274.995538 268.542705
201201 40.110964 299.780095 274.988168 268.600608
201202 40.748573 300.014483 275.185030 268.782507
201203 41.404818 300.361266 275.444251 268.966502
201204 43.226347 300.681608 275.675258 269.176928
201205 44.010990 300.640530 275.853045 269.481871
201206 43.832887 300.284592 275.966117 269.674938
201207 43.309653 299.836525 275.848813 269.573066
201208 42.715007 299.631194 275.689839 269.442081
201209 42.811437 299.656191 275.931879 269.582264
201210 42.238703 299.755773 275.389401 269.028100
201211 40.914635 299.828082 275.290223 268.862163
201212 40.144507 299.727164 275.144771 268.738683
201301 40.268088 299.748719 274.767743 268.402619
201302 40.534923 299.947546 275.121234 268.746801
201303 41.797648 300.254214 275.613270 269.177176
201304 43.347811 300.673470 275.554365 269.099211
201305 44.163183 300.749295 275.677451 269.220576
201306 43.980194 300.388684 275.980888 269.670665
201307 43.398661 300.032732 276.015119 269.712922
201308 44.120014 299.870554 276.120415 269.822832
201309 43.145915 299.922128 275.855019 269.545248
201310 42.556562 300.129379 276.156599 269.728667
201311 42.325354 300.262786 275.926935 269.519305
201312 42.106399 300.275900 275.926905 269.514449
201401 42.126275 300.248419 276.027756 269.661596
201402 42.333044 300.429705 276.216330 269.775450
201403 42.909045 300.796923 276.175916 269.763938
201404 44.863709 301.185145 276.250633 269.837642
201405 46.042412 301.085079 276.617772 270.349244
201406 44.847910 300.674908 276.667652 270.420516
201407 44.123402 300.277292 276.529752 270.246139
201408 43.998648 300.068358 276.583174 270.312829
201409 43.716480 300.221794 276.252590 269.943504
201410 42.898937 300.520443 276.380933 269.965680
201411 43.976319 300.741214 276.317850 269.931725
201412 42.741833 300.732511 276.235862 269.916896
201501 43.194173 300.691774 276.600983 270.237108
201502 43.982956 300.912769 276.912308 270.558872
201503 45.529291 301.340483 277.100573 270.786883
201504 47.123290 301.676564 277.119431 270.808482
201505 48.253972 301.575058 277.494227 271.281751
201506 47.161866 301.130207 277.421871 271.220660
201507 45.105577 300.720356 276.829186 270.583802
201508 45.789589 300.423973 277.074223 270.844266
201509 44.779096 300.447878 277.089348 270.831910
201510 44.484379 300.686603 276.693415 270.321128
201511 44.007069 300.833152 276.615440 270.288245
201512 42.688430 300.706069 276.068682 269.751097
201601 43.132752 300.488741 276.098800 269.800704
201602 42.558449 300.501729 276.375003 269.978965
201603 42.835630 300.713883 276.246033 269.853905
201604 44.345680 301.077591 276.088703 269.676512
201605 44.591731 300.904768 276.272728 269.964375
201606 43.953168 300.454937 276.183696 269.891937
201607 43.253932 300.006737 275.928838 269.646408
201608 43.053420 299.770109 275.718653 269.471060
201609 42.690512 299.757923 275.983778 269.666543
201610 41.522228 299.919456 275.461297 269.090377
201611 40.567002 299.995788 275.438643 269.003938
201612 40.837978 299.904552 275.156251 268.745859
201701 39.856445 299.813248 275.367593 269.009343
201702 40.035362 300.075185 275.071013 268.637944
201703 41.181603 300.445516 275.341995 268.866092
201704 43.284564 300.749818 275.666829 269.217188
201705 44.360248 300.672331 275.877187 269.526063
201706 44.182206 300.252065 275.955569 269.657815
201707 43.990589 299.867957 275.912446 269.610582
201708 42.744493 299.634764 275.868569 269.553320
201709 42.584477 299.608942 275.481247 269.166807
201710 40.952279 299.853558 275.587355 269.174747
201711 41.435617 299.872012 275.314967 268.911062
201712 40.778232 299.843326 275.164488 268.762507
201801 40.559627 299.896819 275.012978 268.608809
201802 40.930088 300.072420 275.221751 268.830428
201803 41.380707 300.483633 275.590340 269.099746
201804 43.421457 300.823592 275.664662 269.230880
201805 44.379148 300.790482 276.173632 269.726993
201806 44.145420 300.477180 276.133581 269.781114
201807 44.982111 300.083067 276.425581 270.158521
201808 43.923891 299.928373 276.293340 270.005035
201809 43.059104 299.989142 276.165258 269.869473
201810 42.767433 300.167133 276.039445 269.651660
201811 42.020294 300.302513 275.802261 269.412081
201812 41.419389 300.241091 275.722016 269.340757
201901 41.663879 300.168369 275.546757 269.148834
201902 41.519655 300.245777 275.963129 269.580142
201903 42.379710 300.656715 276.097239 269.665922
201904 44.500072 301.001825 276.288976 269.852027
201905 45.471724 300.987509 276.411917 270.038784
201906 45.692373 300.639364 276.631080 270.409540
201907 44.281833 300.187158 276.584646 270.326695
201908 43.451302 300.040660 276.454992 270.196593
201909 43.249972 300.113437 276.130883 269.818178
201910 42.636727 300.314817 276.373117 269.956111
201911 42.332444 300.495139 275.993275 269.550596
201912 42.361505 300.413226 276.124199 269.718760
202001 42.159459 300.479452 276.042750 269.680443
202002 42.663845 300.657150 276.322262 269.890069
202003 43.141834 301.018549 276.648708 270.217159
202004 45.412557 301.331610 276.912669 270.485130
202005 46.135173 301.444132 276.688543 270.319356
202006 45.784851 301.098274 277.022460 270.837525
202007 45.915340 300.670982 277.121285 270.916522
202008 45.428831 300.463919 277.191199 271.025011
202009 45.165282 300.603353 276.922405 270.632621
202010 44.838626 300.865861 276.878425 270.533072
202011 45.547934 301.000731 277.161283 270.814705
202012 45.195653 300.957726 277.007213 270.721216
202101 44.820169 300.924959 277.303021 271.024745
202102 44.974458 301.139923 277.120535 270.844851
202103 45.492646 301.422549 277.292859 271.041907
202104 48.161681 301.654635 277.380561 271.100219
202105 47.823019 301.462312 277.309239 271.095054
202106 46.062044 300.817370 277.267991 271.088275
202107 45.331351 300.206542 276.772969 270.537717
202108 45.152483 299.924671 276.234199 270.010411
202109 44.156183 299.816416 276.213398 269.920415
202110 42.252444 299.885034 275.734440 269.341570
202111 41.157282 299.889138 275.390641 268.994506
202112 40.725495 299.733911 275.497213 269.078207
202201 40.011061 299.667842 274.855874 268.464464
202202 40.193753 299.821546 274.773259 268.340513
202203 40.644093 300.200012 275.202277 268.732642
202204 42.068340 300.421157 275.209727 268.761807
202205 42.239560 300.325641 275.371518 268.982965
202206 42.037083 299.951918 275.351439 268.996835
202207 42.339137 299.606756 275.371472 269.008212
202208 41.730138 299.455420 275.416387 269.046895
202209 41.738352 299.470053 275.334045 268.957099
202210 41.593686 299.613368 275.321354 268.909311
202211 40.334551 299.770115 274.966588 268.487596
202212 39.748722 299.676388 274.762771 268.315215
202301 39.881586 299.753147 274.749525 268.287784
202302 40.306971 299.905256 274.997561 268.567018
202303 40.789351 300.228258 275.497619 269.016292
202304 42.940162 300.653021 275.501961 269.023949
202305 44.576064 300.623952 275.756952 269.375072
202306 43.689908 300.305327 275.810813 269.424485
202307 42.945120 299.990459 275.928414 269.604864
202308 43.355665 299.878706 275.778354 269.496394
202309 43.596344 299.951646 275.984897 269.660383
202310 41.954916 300.148817 276.045921 269.635613
202311 42.029233 300.270783 275.836731 269.409393
202312 41.960862 300.313116 275.646493 269.227303
202401 41.743754 300.301745 275.579719 269.212437
202402 41.732610 300.482295 275.768259 269.315830
202403 42.832696 300.784553 276.334767 269.926308
202404 44.983049 301.175322 276.708296 270.265201
202405 46.119468 301.242664 276.551428 270.172803
202406 46.294415 300.891013 277.015483 270.737468
202407 44.717476 300.522751 276.959661 270.684748
202408 44.393645 300.405842 276.985574 270.716447
202409 44.688266 300.586349 277.224909 270.937716
202410 45.657331 300.983767 277.104657 270.745991
202411 47.268027 301.152859 277.427296 271.120255
202412 46.388962 301.237776 277.293308 271.018955
