time(yyyymm) ts_cwv ts_sst ts_tlt ts_tmt
198001 39.828475 299.663157 274.592138 268.167425
198002 40.848428 299.750426 274.867060 268.508183
198003 40.592381 300.114503 275.295409 268.822645
198004 42.028600 300.405445 275.384968 268.898409
198005 43.328417 300.384413 275.446370 269.032144
198006 43.167444 299.984367 275.728431 269.393741
198007 42.362078 299.574948 275.542342 269.189648
198008 42.037016 299.419201 275.317682 268.995467
198009 41.158126 299.440485 275.345243 268.940777
198010 41.152429 299.611900 275.254779 268.828469
198011 39.617830 299.725323 274.843140 268.393143
198012 39.644123 299.650282 274.539602 268.130294
198101 39.609039 299.611261 274.615847 268.205271
198102 40.493337 299.802726 274.942529 268.537322
198103 40.671422 300.189813 275.223124 268.717053
198104 43.348256 300.586176 275.707091 269.205859
198105 43.600463 300.587318 275.841977 269.440259
198106 42.882218 300.233267 275.885442 269.563934
198107 42.561676 299.873915 275.713219 269.379725
198108 41.773682 299.722408 275.862679 269.519520
198109 42.042724 299.863347 275.746853 269.359772
198110 41.539846 300.108005 275.789419 269.377097
198111 41.515321 300.234434 275.581347 269.157379
198112 40.983231 300.145303 275.577495 269.142415
198201 41.093225 300.095905 275.749440 269.336797
198202 41.154386 300.322208 275.638528 269.174007
198203 42.115964 300.623798 275.835098 269.406247
198204 43.233055 300.993533 276.071181 269.618560
198205 45.008264 301.021231 276.026794 269.625268
198206 44.928356 300.651879 276.245585 269.979036
198207 44.696571 300.163332 276.375184 270.160408
198208 43.453714 299.876297 276.180853 269.923795
198209 42.491087 299.904338 276.173920 269.787327
198210 42.423944 300.189652 276.022792 269.558766
198211 42.319366 300.347080 275.877157 269.478218
198212 41.663709 300.250737 276.044603 269.668137
198301 41.756789 300.269093 275.790929 269.379090
198302 41.757373 300.503866 276.154411 269.695714
198303 43.294389 300.854006 276.489563 270.018164
198304 45.264066 301.138821 276.612062 270.249536
198305 45.876716 301.075902 276.924093 270.611308
198306 44.660571 300.724935 276.741594 270.505155
198307 44.443482 300.239438 276.666871 270.421990
198308 44.429132 300.020284 276.396313 270.127294
198309 43.129070 300.068652 276.157164 269.826241
198310 42.520436 300.224192 276.126535 269.719285
198311 42.149263 300.347078 275.642014 269.238066
198312 41.117773 300.163445 275.624249 269.232355
198401 41.383142 300.035910 275.512075 269.136844
198402 40.694308 300.109510 275.572087 269.176942
198403 41.775154 300.392555 275.781372 269.341855
198404 42.729478 300.654944 275.589703 269.168497
198405 43.862234 300.469129 275.766191 269.455766
198406 43.864837 300.024847 275.814384 269.517818
198407 42.808452 299.473127 275.307226 269.050478
198408 41.700344 299.144291 275.249107 268.949733
198409 40.257980 299.214289 274.925188 268.553310
198410 40.269830 299.351115 274.689824 268.311785
198411 39.073967 299.368886 274.701605 268.289711
198412 38.774163 299.346330 274.424792 267.936771
198501 38.960815 299.265916 273.907890 267.552119
198502 40.013696 299.338744 274.367184 267.969325
198503 39.714652 299.577254 274.768596 268.293903
198504 40.228639 299.891887 274.774186 268.265633
198505 41.496238 299.773117 274.611145 268.177172
198506 40.198548 299.417851 274.676544 268.247397
198507 40.615022 299.052538 274.558557 268.163749
198508 40.161118 298.859760 274.531658 268.152290
198509 40.036756 298.897918 274.505233 268.075852
198510 38.957084 299.073310 274.545344 268.058351
198511 38.529634 299.196169 274.282773 267.758968
198512 37.896647 299.177398 274.101147 267.593616
198601 39.088055 299.196054 273.857543 267.450969
198602 39.154205 299.354271 274.096646 267.679164
198603 40.050730 299.680079 274.636843 268.110229
198604 40.461148 300.009858 274.512067 267.974171
198605 40.870378 300.035986 274.651986 268.126498
198606 40.383797 299.692277 275.002382 268.575873
198607 41.181249 299.435822 274.911674 268.514338
198608 41.789445 299.291439 275.156085 268.817113
198609 41.416548 299.307528 275.168700 268.803004
198610 39.874290 299.485163 274.874643 268.402621
198611 39.752632 299.571477 274.623828 268.164713
198612 38.974253 299.470618 274.810851 268.327336
198701 38.602788 299.480186 274.606691 268.107162
198702 39.661698 299.587264 274.629389 268.251315
198703 40.007966 300.040271 274.836651 268.314008
198704 41.774860 300.400996 274.910983 268.386276
198705 42.921549 300.358146 275.230030 268.769664
198706 42.389708 300.034406 275.498957 269.111625
198707 42.754472 299.678801 275.467027 269.128185
198708 41.940654 299.499507 275.407872 269.061868
198709 41.403940 299.501102 275.303818 268.933785
198710 40.249289 299.661217 275.019932 268.594517
198711 39.416039 299.778463 274.713152 268.240684
198712 39.915569 299.746136 274.880448 268.464322
198801 40.101546 299.686160 274.983822 268.604677
198802 40.145422 299.874472 275.113689 268.674436
198803 41.416723 300.286467 275.485647 268.973364
198804 43.066833 300.718505 275.798768 269.296459
198805 44.044666 300.794569 275.735734 269.315154
198806 44.096242 300.422699 276.135231 269.811477
198807 42.997507 300.005465 276.149501 269.857915
198808 44.020949 299.792983 276.180028 269.894367
198809 43.145134 299.894292 275.962209 269.633726
198810 41.485161 300.109525 275.864450 269.444159
198811 41.535865 300.190775 275.709041 269.277368
198812 40.991087 300.072595 275.729731 269.330296
198901 40.678901 300.035504 275.730247 269.266586
198902 41.394240 300.263657 275.468475 269.015333
198903 41.923005 300.639121 275.857351 269.345555
198904 43.860963 300.977563 276.184667 269.726276
198905 45.186663 300.995418 276.085847 269.726756
198906 44.773496 300.689473 276.413595 270.102710
198907 44.681270 300.273490 276.527203 270.301113
198908 43.650929 300.079896 276.464836 270.192498
198909 43.596641 300.160739 276.249739 269.905176
198910 43.295398 300.383335 276.280778 269.864623
198911 43.843557 300.573725 276.084777 269.697592
198912 43.375807 300.509620 276.339010 270.019051
199001 42.642307 300.547731 276.351173 269.974685
199002 42.288057 300.668670 276.293241 269.902315
199003 43.416448 300.968497 276.376930 269.944248
199004 44.958542 301.234503 276.878604 270.465128
199005 45.984529 301.164042 276.724303 270.421736
199006 44.916089 300.751304 276.874736 270.606452
199007 44.188646 300.281641 276.634469 270.363308
199008 44.363352 300.054378 276.527539 270.271503
199009 43.803805 300.140427 276.417882 270.068619
199010 42.691808 300.382873 276.352946 269.934490
199011 43.126114 300.469397 276.133245 269.764717
199012 43.213258 300.357618 276.179216 269.831643
199101 41.864218 300.277731 275.963315 269.595423
199102 41.990500 300.339588 275.990110 269.603720
199103 41.917755 300.615453 276.239350 269.781336
199104 43.430025 300.922112 276.130602 269.673958
199105 44.447927 300.873196 276.188273 269.804715
199106 45.273536 300.438096 276.392301 270.125268
199107 43.334003 300.009602 276.129074 269.805457
199108 43.513164 299.765790 275.853396 269.537211
199109 42.566612 299.739782 275.721887 269.341165
199110 42.082579 299.813982 275.609135 269.143469
199111 40.432453 299.829214 275.393450 268.924852
199112 39.488356 299.687145 274.955375 268.460568
199201 39.213236 299.554144 274.599554 268.184226
199202 39.596921 299.641107 274.949280 268.473058
199203 40.174107 299.918722 274.860487 268.371946
199204 41.052440 300.189289 275.265303 268.725397
199205 41.651389 300.059355 275.069640 268.601492
199206 41.376755 299.751894 275.024286 268.660074
199207 40.942796 299.357631 275.078089 268.728327
199208 40.769198 299.165086 275.016246 268.638545
199209 40.598668 299.274177 274.989440 268.536928
199210 39.942267 299.381224 274.861307 268.402946
199211 38.683520 299.528713 274.574040 268.038139
199212 38.988269 299.434966 274.503907 267.992070
199301 38.865572 299.437343 274.295594 267.851318
199302 39.170840 299.644995 274.631826 268.116169
199303 40.297519 299.974305 275.146992 268.631803
199304 41.691967 300.204625 275.034324 268.532443
199305 41.568336 300.149628 275.113441 268.597558
199306 42.283141 299.846930 275.306348 268.906258
199307 42.253573 299.503611 275.276748 268.911244
199308 41.621005 299.306305 275.215575 268.867155
199309 40.456097 299.332301 274.916193 268.554571
199310 40.442144 299.530197 274.907160 268.433674
199311 39.862283 299.566706 274.688146 268.246803
199312 39.562645 299.463317 274.608119 268.153159
199401 38.581061 299.504010 274.463552 267.977053
199402 39.671607 299.678931 274.798696 268.271656
199403 40.248099 300.090395 275.038668 268.520061
199404 42.098820 300.414476 275.627350 269.115735
199405 42.497963 300.489038 275.478228 268.987851
199406 43.438978 300.104706 275.580587 269.220951
199407 43.026270 299.657012 275.619704 269.332991
199408 42.325686 299.417303 275.357627 269.077236
199409 41.725778 299.446979 275.655793 269.286018
199410 41.080092 299.624921 275.345838 268.906281
199411 39.897324 299.780418 275.143025 268.660271
199412 39.706814 299.689697 274.926218 268.489369
199501 40.395739 299.711602 274.954221 268.498784
199502 40.674443 299.890569 275.262415 268.809962
199503 41.490488 300.205686 275.720609 269.244054
199504 43.023178 300.548020 275.586576 269.116072
199505 43.759146 300.566607 275.749919 269.333249
199506 42.873582 300.177992 275.859168 269.529108
199507 42.303001 299.750694 275.784411 269.476762
199508 42.115192 299.554129 275.529883 269.275781
199509 41.733609 299.599913 275.464139 269.126062
199510 40.645498 299.817440 275.240112 268.829172
199511 40.436198 299.895948 275.405256 268.959543
199512 40.398684 299.859023 275.280755 268.807862
199601 40.909940 299.883559 275.394133 268.961134
199602 40.849161 300.109895 275.587891 269.152035
199603 41.550242 300.535300 276.035496 269.572472
199604 43.809333 300.860649 276.133744 269.687518
199605 44.844772 300.842859 276.001609 269.651135
199606 44.372089 300.507597 276.265429 269.980066
199607 43.006532 300.136309 276.292456 269.977169
199608 43.230663 300.014385 276.243019 269.937408
199609 44.402324 300.136206 276.435588 270.078855
199610 43.156459 300.439129 276.245456 269.825721
199611 43.234514 300.597680 276.311060 269.933917
199612 42.894050 300.440956 276.393732 270.041180
199701 42.427520 300.470616 276.336954 269.924169
199702 42.456719 300.662061 276.383897 270.006076
199703 43.025595 301.072896 276.456119 270.032923
199704 45.959069 301.353501 276.543950 270.137857
199705 46.767108 301.249858 276.908157 270.608628
199706 45.530827 300.925374 276.861712 270.602856
199707 45.126083 300.492459 276.994181 270.788153
199708 44.602955 300.244417 276.654477 270.426715
199709 44.492804 300.233056 276.784491 270.481952
199710 44.537108 300.438065 276.527992 270.167925
199711 43.441260 300.609355 276.226236 269.878755
199712 42.427422 300.459048 276.274938 269.918900
199801 41.747056 300.380306 276.014629 269.628393
199802 42.527256 300.487240 275.922294 269.536265
199803 43.668202 300.827560 276.550534 270.156050
199804 45.094790 301.042853 276.375306 270.025208
199805 44.587897 300.983267 276.424858 270.088112
199806 45.221449 300.513214 276.328798 270.128055
199807 43.873250 299.962560 276.049536 269.818426
199808 43.320295 299.635997 276.066305 269.756316
199809 43.084694 299.645387 275.739277 269.412789
199810 42.524255 299.794438 275.350288 268.982193
199811 40.571781 299.800934 275.292752 268.881334
199812 39.552716 299.690695 274.750949 268.340348
199901 40.412225 299.635938 274.708098 268.319002
199902 40.653860 299.759637 274.981287 268.571125
199903 40.913932 300.092629 275.149290 268.672368
199904 42.249416 300.328937 275.240185 268.792649
199905 41.910941 300.195142 275.234296 268.823413
199906 42.163796 299.812506 275.274268 268.924532
199907 41.917463 299.393788 275.085757 268.756640
199908 40.209490 299.137485 275.025369 268.658604
199909 41.156410 299.149462 274.856803 268.495827
199910 40.401214 299.326158 274.841157 268.397245
199911 39.228711 299.435950 274.623918 268.151940
199912 38.454005 299.440533 274.303863 267.846872
200001 39.311158 299.461513 274.088763 267.715162
200002 39.879676 299.644991 274.718430 268.276276
200003 39.660932 299.961192 274.850514 268.383134
200004 41.548368 300.258869 275.014485 268.514806
200005 42.159548 300.169367 275.110441 268.692471
200006 41.694724 299.802427 274.813609 268.473319
200007 41.108490 299.481360 275.059705 268.635655
200008 41.496649 299.346625 275.014968 268.668213
200009 40.882207 299.426825 275.171069 268.783399
200010 40.747064 299.567314 275.003372 268.580986
200011 40.073653 299.725280 274.902260 268.434405
200012 39.555408 299.652152 274.953338 268.522925
200101 39.061560 299.617494 274.759061 268.300140
200102 39.545761 299.776920 274.926676 268.441422
200103 40.363000 300.131201 275.189834 268.642910
200104 41.835757 300.515631 275.416837 268.903999
200105 43.341664 300.529931 275.778056 269.323654
200106 43.859836 300.155084 275.848468 269.575150
200107 42.377627 299.791502 275.743672 269.401817
200108 42.009483 299.645383 275.777911 269.427771
200109 42.257502 299.698318 275.758913 269.409691
200110 42.069237 299.902904 275.484893 269.092281
200111 41.263076 300.012896 275.501036 269.083005
200112 41.290997 299.925523 275.243101 268.853401
200201 40.703376 299.880704 275.350929 268.963416
200202 40.798598 300.030134 275.376485 268.996464
200203 41.759237 300.389332 276.076655 269.626476
200204 42.762150 300.718801 275.841262 269.367950
200205 44.921409 300.656929 276.092571 269.726470
200206 43.563039 300.334117 276.096392 269.757967
200207 43.208160 299.917850 276.160225 269.865573
200208 42.768070 299.814729 276.024567 269.698102
200209 42.005896 299.978116 275.987858 269.600815
200210 42.579552 300.221685 276.120909 269.679008
200211 42.732434 300.350985 276.016872 269.631562
200212 41.295893 300.337325 275.769965 269.345751
200301 42.329241 300.281478 275.792567 269.417236
200302 42.040540 300.413350 276.082438 269.668966
200303 43.192617 300.756143 276.269533 269.835416
200304 44.718901 301.071209 276.475024 270.045521
200305 45.456932 301.080017 276.521537 270.138758
200306 45.130048 300.739332 276.718724 270.441405
200307 44.554280 300.428843 276.497074 270.231502
200308 44.005450 300.294368 276.643394 270.378135
200309 43.938174 300.452225 276.586570 270.285970
200310 44.402715 300.732375 276.625829 270.257639
200311 44.222910 300.858889 276.617422 270.262256
200312 44.750581 300.807613 276.740011 270.367536
200401 44.738800 300.775077 277.086917 270.782860
200402 43.626052 300.991504 277.016161 270.662133
200403 44.452689 301.320400 277.253380 270.908916
200404 46.757893 301.601594 277.102945 270.774485
200405 47.995634 301.344623 277.516663 271.316664
200406 46.990228 300.825979 276.972247 270.783197
200407 45.317927 300.280924 276.688388 270.461747
200408 43.721219 300.027900 276.281111 269.985504
200409 43.934182 300.011636 276.069471 269.751405
200410 42.646066 300.106304 275.865267 269.457166
200411 41.418333 300.167463 275.530681 269.161669
200412 40.823827 299.965122 275.323224 268.889065
200501 40.367735 299.810126 275.277987 268.909445
200502 40.942387 299.948080 275.218811 268.819537
200503 41.335231 300.284135 275.158741 268.689917
200504 42.966123 300.454063 275.706398 269.242529
200505 42.451911 300.274389 275.339764 268.961351
200506 42.444791 299.878544 275.217938 268.861052
200507 41.068354 299.497250 275.126879 268.762918
200508 40.949501 299.296771 274.975472 268.626271
200509 41.071091 299.259633 274.976309 268.639047
200510 40.819394 299.391802 274.791168 268.394665
200511 39.179748 299.460002 274.680166 268.221041
200512 39.302952 299.472652 274.474874 267.977296
200601 38.825255 299.480041 274.687687 268.223673
200602 40.118820 299.703548 274.479055 268.107105
200603 40.834888 300.053686 275.042313 268.604496
200604 42.206552 300.349691 275.120360 268.653790
200605 42.430984 300.272520 275.350463 268.886266
200606 42.827287 299.919617 275.284816 268.904662
200607 42.257714 299.593585 275.239977 268.904641
200608 41.284420 299.401208 275.196299 268.822494
200609 41.241735 299.466567 275.263816 268.877969
200610 40.531479 299.653318 275.203159 268.746638
200611 39.369281 299.736945 274.875530 268.386560
200612 39.602308 299.735667 274.607007 268.171250
200701 39.580716 299.729555 274.714199 268.306542
200702 39.418829 299.898598 275.163722 268.704943
200703 40.604020 300.307652 275.574741 269.089979
200704 42.817098 300.686025 275.695750 269.175523
200705 43.691213 300.720076 275.640050 269.178128
200706 44.690683 300.371258 276.027067 269.698565
200707 43.288970 300.016573 276.030139 269.716931
200708 43.290847 299.899832 276.019923 269.729029
200709 43.284184 300.023364 275.981730 269.631801
200710 42.326072 300.230332 275.910958 269.512197
200711 41.458447 300.355694 275.851120 269.417338
200712 41.892037 300.348266 275.653545 269.293853
200801 41.567906 300.271625 275.773696 269.434032
200802 41.616415 300.426853 276.188939 269.762368
200803 43.302435 300.857847 276.295023 269.857540
200804 44.984243 301.196487 276.448079 270.005933
200805 46.223186 301.198729 276.608260 270.246800
200806 45.950930 300.852724 276.954713 270.669300
200807 45.567445 300.471711 276.567911 270.294215
200808 45.699119 300.286166 276.934420 270.663771
200809 44.648450 300.345086 276.790077 270.481394
200810 43.565684 300.605549 276.456176 270.056483
200811 44.217891 300.789952 276.463423 270.101368
200812 43.242375 300.721092 276.542515 270.137248
200901 42.444999 300.603704 276.282568 269.882756
200902 42.927846 300.652569 276.286540 269.947925
200903 43.740714 300.907983 276.592379 270.141265
200904 44.815051 301.263480 276.443795 270.008820
200905 45.194793 301.286495 276.412324 270.034550
200906 45.201227 300.876540 276.848953 270.583939
200907 44.300287 300.555506 276.624925 270.350021
200908 45.059617 300.395580 276.779051 270.508737
200909 44.794147 300.525774 276.747182 270.411031
200910 44.579093 300.760036 276.799398 270.417801
200911 44.283800 300.983403 276.650769 270.239439
200912 44.797086 300.937180 277.022839 270.690731
201001 44.569813 300.913593 276.992113 270.649888
201002 44.792145 300.980158 277.238266 270.924904
201003 45.448562 301.309955 277.097653 270.774786
201004 47.099999 301.514192 277.183753 270.880365
201005 47.075926 301.452099 277.341438 271.039819
201006 47.083727 301.035196 277.243806 271.035143
201007 45.402477 300.557590 277.003216 270.779546
201008 45.566301 300.262836 276.782461 270.563220
201009 44.259091 300.267199 276.491398 270.174925
201010 43.320771 300.434406 276.225129 269.873429
201011 42.130056 300.546986 275.986834 269.614258
201012 41.679189 300.348061 275.909308 269.528220
201101 41.825568 300.264211 275.754038 269.374834
201102 41.471532 300.284078 275.816836 269.436941
201103 42.157226 300.593978 275.743812 269.336842
201104 43.532121 300.885271 275.940487 269.539461
201105 43.913443 300.802833 275.965164 269.605240
201106 43.127102 300.376013 275.941606 269.568787
201107 43.322767 299.941922 275.755186 269.412179
201108 43.118002 299.683827 275.858130 269.544613
201109 42.523707 299.728034 275.757781 269.371603
201110 41.803310 299.872614 275.673883 269.242157
201111 41.054863 299.918174 275.392310 268.969186
201112 40.654156 299.780243 275.152789 268.720145
201201 40.495606 299.667512 274.905538 268.561827
201202 40.334564 299.916039 274.921466 268.481306
201203 41.353333 300.224237 275.325109 268.820608
201204 42.570531 300.477605 275.394021 268.939424
201205 42.868852 300.442691 275.358803 268.940125
201206 43.414802 300.071297 275.534285 269.277147
201207 42.458343 299.732961 275.559555 269.211710
201208 42.682987 299.492685 275.635198 269.351117
201209 41.923356 299.495539 275.496202 269.152074
201210 40.443035 299.692955 275.318976 268.913904
201211 39.443364 299.820163 275.056298 268.600107
201212 40.355051 299.753108 274.881629 268.480805
201301 40.419447 299.709032 274.734091 268.381422
201302 40.000551 299.864197 274.904939 268.510442
201303 40.656778 300.230436 275.067272 268.609608
201304 42.381789 300.649225 275.336882 268.876008
201305 43.348464 300.542833 275.776949 269.370707
201306 43.058963 300.160059 275.586583 269.231806
201307 43.050451 299.781992 275.636497 269.324157
201308 42.714640 299.559829 275.650616 269.321929
201309 43.099678 299.601463 275.521182 269.225367
201310 40.876466 299.783748 275.403645 269.004073
201311 40.525794 299.856351 275.055804 268.625476
201312 40.775309 299.720998 275.102833 268.758182
201401 40.059529 299.796663 275.096379 268.722985
201402 40.872043 299.979586 275.141346 268.696400
201403 41.071301 300.306661 275.313911 268.894096
201404 43.082951 300.669421 275.740309 269.284318
201405 44.678236 300.609245 275.999636 269.593179
201406 43.947728 300.220313 276.115851 269.775357
201407 43.137004 299.910097 275.578705 269.241477
201408 42.477621 299.769828 275.868616 269.572080
201409 42.789536 299.931346 275.743189 269.413307
201410 42.417345 300.027589 275.720880 269.380899
201411 41.025481 300.186876 275.402490 268.963142
201412 41.584581 300.102689 275.266263 268.899716
201501 40.695640 300.106002 275.881339 269.478244
201502 41.338352 300.250770 275.653734 269.238216
201503 41.364922 300.619043 275.858667 269.428261
201504 43.798444 300.971661 276.245101 269.793039
201505 45.347640 301.022897 276.290396 269.885595
201506 45.598752 300.655309 276.485187 270.176534
201507 43.808856 300.302740 276.590271 270.259983
201508 44.022270 300.149473 276.558450 270.268731
201509 43.720589 300.272664 276.260164 269.933990
201510 42.813258 300.533139 276.446950 270.019785
201511 43.934602 300.649459 276.520801 270.151295
201512 43.031298 300.509274 276.810613 270.487932
201601 42.522121 300.531952 276.576981 270.195223
201602 42.911855 300.738775 276.485844 270.087551
201603 44.050958 301.036882 276.987162 270.567614
201604 46.438308 301.385493 276.685952 270.331159
201605 47.202184 301.381171 276.946134 270.635001
201606 46.214774 301.000140 277.210167 270.985241
201607 45.584604 300.584527 277.016454 270.793316
201608 44.520636 300.359561 276.791290 270.574114
201609 44.876008 300.389968 276.586998 270.274707
201610 43.529825 300.551509 276.598305 270.235396
201611 43.486617 300.652864 276.514698 270.162215
201612 42.655344 300.519243 276.400874 270.034888
201701 42.420449 300.478092 276.323182 269.984332
201702 41.741866 300.705035 276.179695 269.705285
201703 42.561791 301.053231 276.191125 269.701956
201704 44.849728 301.316227 276.673716 270.268090
201705 45.919328 301.341289 276.454938 270.081215
201706 46.446722 300.991405 276.692054 270.383535
201707 45.925082 300.663890 276.928354 270.644018
201708 46.036719 300.406475 277.159180 270.934012
201709 45.692672 300.537438 276.898754 270.591259
201710 45.235568 300.777652 276.716120 270.361038
201711 44.893274 300.935194 276.783240 270.472263
201712 44.249058 300.818920 276.905294 270.602902
201801 43.862034 300.833534 276.710543 270.379950
201802 43.568577 300.991781 276.787889 270.423458
201803 44.432917 301.357349 276.904441 270.517131
201804 46.961643 301.636978 277.145132 270.791711
201805 47.275858 301.572288 277.161854 270.849947
201806 47.864493 301.147595 277.449283 271.225958
201807 45.451161 300.691773 277.181781 270.933477
201808 45.636590 300.462711 276.838907 270.572853
201809 44.007009 300.591162 276.697543 270.374298
201810 45.263534 300.765018 276.627323 270.263286
201811 43.641452 300.874619 276.512930 270.151903
201812 43.427420 300.649161 276.788389 270.475675
201901 42.673159 300.616966 276.244820 269.908320
201902 42.633481 300.728054 276.633308 270.229657
201903 43.584706 301.064560 276.377243 269.959936
201904 46.248224 301.338507 276.473752 270.142768
201905 46.314377 301.233970 276.714042 270.428271
201906 45.738034 300.796740 276.765679 270.555085
201907 44.675727 300.282520 276.433366 270.213852
201908 43.800226 299.963780 276.297185 270.061463
201909 43.332144 299.999012 276.093678 269.773805
201910 42.728635 300.174024 276.217248 269.810295
201911 42.059867 300.259962 275.729965 269.343710
201912 42.159507 300.118498 275.758867 269.435961
202001 40.747489 300.039490 275.396569 269.014810
202002 40.787920 300.239551 275.409315 268.986555
202003 42.124344 300.555305 275.650731 269.206122
202004 43.312429 300.859251 276.048427 269.578778
202005 44.320647 300.867790 275.943699 269.604386
202006 44.391495 300.526841 276.063461 269.783008
202007 44.464561 300.076857 276.410189 270.135368
202008 44.020968 299.825270 276.220187 269.970734
202009 43.900803 299.807413 276.038781 269.754191
202010 43.304124 299.936210 275.907233 269.531105
202011 41.114460 300.078997 275.586683 269.135845
202012 40.741753 300.027922 275.095610 268.678480
202101 41.276752 299.960954 275.338167 268.966109
202102 41.097479 300.193010 275.603760 269.224510
202103 42.041749 300.655459 275.624678 269.206471
202104 43.722203 300.994945 276.275700 269.795540
202105 45.930327 300.981563 276.358944 269.997711
202106 45.751029 300.607703 276.635515 270.409123
202107 43.661838 300.178416 276.214633 269.934845
202108 43.957023 299.969578 276.155694 269.885338
202109 43.311868 299.925416 276.234373 269.951900
202110 42.629396 300.114352 275.995841 269.579369
202111 42.007201 300.189231 275.617515 269.198844
202112 41.608716 300.065954 275.709743 269.272070
202201 41.043073 300.028250 275.626339 269.250361
202202 41.812455 300.178631 275.851956 269.468060
202203 42.439827 300.572593 276.163539 269.708062
202204 43.834853 300.964761 276.251389 269.813736
202205 44.832225 300.925626 276.228762 269.865274
202206 44.069505 300.640864 276.203263 269.876084
202207 45.462061 300.240670 276.663888 270.429030
202208 44.269679 300.011022 276.661227 270.429140
202209 43.215548 300.068962 276.441284 270.141461
202210 43.011763 300.282180 276.033792 269.669348
202211 42.889530 300.458866 276.033218 269.666891
202212 43.117197 300.290563 276.281006 269.926725
202301 42.321042 300.277025 276.051999 269.684429
202302 42.041947 300.479855 275.931119 269.482791
202303 42.679540 300.880273 276.343993 269.910457
202304 44.734935 301.204828 276.408691 270.022935
202305 46.387402 301.190952 276.725371 270.398943
202306 46.614822 300.844585 276.843736 270.625904
202307 44.141909 300.391460 276.595679 270.350044
202308 44.734166 300.113442 276.568503 270.330578
202309 44.098845 300.149854 276.333076 270.046662
202310 43.894177 300.270601 276.306727 269.938789
202311 42.405555 300.335940 276.035709 269.654428
202312 41.841140 300.258209 275.731207 269.332110
202401 40.946543 300.168723 275.586732 269.198240
202402 41.897121 300.305848 275.642581 269.286444
202403 42.474930 300.663709 275.894788 269.467554
202404 44.140329 300.926745 276.443796 269.963085
202405 44.617376 300.956712 276.215722 269.866616
202406 44.422128 300.556916 276.319208 270.058776
202407 43.349479 300.164086 275.785551 269.541738
202408 43.423159 299.980420 276.039206 269.758386
202409 43.666894 299.976372 275.935408 269.643218
202410 43.215553 300.097479 275.815429 269.491343
202411 41.509505 300.205996 275.692978 269.300766
202412 41.915338 300.167393 275.478329 269.087866
