time(yyyymm) ts_cwv ts_sst ts_tlt ts_tmt
198001 40.736492 299.719192 275.153193 268.755520
198002 40.489757 299.912677 275.233311 268.810141
198003 41.483326 300.338280 275.629944 269.135114
198004 43.274776 300.745031 275.911479 269.411042
198005 43.545356 300.809611 275.974325 269.540739
198006 44.482544 300.444457 276.398744 270.101350
198007 43.337675 300.029113 276.312370 270.048321
198008 43.006211 299.826995 276.083489 269.803270
198009 43.485614 299.866772 275.970388 269.639961
198010 42.773603 300.074830 276.055604 269.634396
198011 41.845327 300.265994 275.833532 269.408491
198012 41.975685 300.179895 275.750348 269.365586
198101 41.067742 300.113983 275.541474 269.126214
198102 41.440601 300.199577 275.842271 269.448628
198103 41.561867 300.541594 275.814280 269.358281
198104 43.072985 300.723795 275.985734 269.540487
198105 43.819839 300.698879 275.781094 269.356388
198106 44.154112 300.308909 275.956168 269.645696
198107 43.102716 299.787335 275.767527 269.488854
198108 41.448270 299.524035 275.344292 269.065835
198109 40.939778 299.567965 275.387330 269.005243
198110 40.679225 299.678655 275.227084 268.816951
198111 39.421337 299.754364 274.839141 268.389563
198112 39.489996 299.667614 275.111301 268.666334
198201 39.658497 299.699075 274.844791 268.399178
198202 40.134071 299.859379 274.944539 268.568771
198203 40.767239 300.134284 275.495869 269.007123
198204 42.236597 300.521895 275.364980 268.851939
198205 42.768531 300.531139 275.413266 268.931077
198206 42.989226 300.159894 275.823444 269.470758
198207 42.554616 299.773087 275.565351 269.236439
198208 42.250989 299.567142 275.810458 269.474887
198209 41.642605 299.634342 275.753232 269.339631
198210 41.056990 299.891828 275.524646 269.030742
198211 40.846775 300.028622 275.281091 268.824579
198212 40.283142 299.927392 275.337424 268.892935
198301 39.945878 299.833029 275.137248 268.682600
198302 40.599008 300.001325 275.621657 269.143677
198303 41.451629 300.412399 275.725734 269.218847
198304 43.021045 300.789764 275.711803 269.261248
198305 44.258417 300.769159 275.945754 269.535459
198306 44.321562 300.410465 276.153725 269.811888
198307 43.582972 300.008671 276.135285 269.827229
198308 42.791433 299.792338 276.041892 269.736164
198309 42.819731 299.852858 276.092722 269.722162
198310 42.218417 300.083879 276.011374 269.576488
198311 41.801178 300.211668 275.667889 269.224538
198312 41.492556 300.060350 275.888549 269.483363
198401 40.762597 300.032838 275.678923 269.224309
198402 41.143331 300.180576 275.882840 269.399702
198403 42.076781 300.534002 275.923345 269.488544
198404 43.378503 300.831417 276.043449 269.590120
198405 44.309013 300.723325 276.191643 269.811356
198406 43.132610 300.335598 276.010365 269.672113
198407 43.575474 299.922142 275.785982 269.533620
198408 43.342565 299.626151 275.736987 269.500007
198409 42.858108 299.650198 275.572509 269.264553
198410 40.475824 299.776435 275.216675 268.799922
198411 39.764850 299.761731 275.067773 268.622031
198412 39.484652 299.553736 275.026595 268.579591
198501 39.410452 299.475809 274.657297 268.252154
198502 39.362870 299.601484 274.728802 268.303499
198503 39.459817 299.913684 275.021110 268.509222
198504 41.086018 300.232869 275.200917 268.665860
198505 41.586462 300.194485 275.254231 268.799419
198506 42.198797 299.835459 275.081057 268.717950
198507 41.530271 299.444169 275.198580 268.841951
198508 40.551960 299.262218 274.914488 268.528957
198509 40.515666 299.310346 275.122607 268.711427
198510 39.831168 299.455344 274.673693 268.252314
198511 39.088784 299.626742 274.637588 268.145720
198512 39.286035 299.472737 274.667874 268.239777
198601 38.708946 299.505930 274.349877 267.848461
198602 38.679997 299.699770 274.402110 267.912059
198603 41.094823 300.087881 274.832089 268.320988
198604 42.251876 300.388476 275.240925 268.759455
198605 43.053254 300.393491 275.374795 268.936184
198606 42.974404 300.018495 275.404927 269.112428
198607 42.086684 299.631073 275.492642 269.125667
198608 42.257856 299.489641 275.572357 269.239617
198609 41.253125 299.628133 275.431480 269.062374
198610 40.973126 299.856632 275.458126 269.049466
198611 40.030786 299.984238 275.026052 268.573418
198612 40.095088 299.896756 275.205927 268.781677
198701 40.060555 299.897905 275.016958 268.570339
198702 40.375676 300.024631 275.285291 268.839611
198703 41.995138 300.400929 275.760030 269.272514
198704 42.803075 300.729490 275.911504 269.425922
198705 44.192773 300.721422 275.837638 269.416726
198706 43.525976 300.373006 276.249633 269.885620
198707 42.894107 299.965850 275.963193 269.637107
198708 42.810778 299.818005 276.005525 269.663907
198709 42.811527 299.930371 275.892347 269.529871
198710 41.843872 300.118289 275.895743 269.445946
198711 42.349784 300.265332 276.022098 269.587951
198712 41.112580 300.213375 275.704389 269.310103
198801 41.510176 300.227654 276.090609 269.673353
198802 42.353076 300.407572 276.048052 269.598814
198803 43.542046 300.785414 276.176543 269.809441
198804 45.724133 301.114808 276.572405 270.246696
198805 45.746973 301.066412 276.916107 270.604081
198806 45.111652 300.617529 276.711939 270.464939
198807 45.014688 300.227742 276.608676 270.380631
198808 43.907689 299.961564 276.469648 270.242640
198809 43.430430 300.004724 276.423038 270.092516
198810 42.349734 300.269134 276.071365 269.680154
198811 42.573461 300.422924 275.847135 269.469314
198812 42.219639 300.276445 276.078931 269.735830
198901 41.468496 300.117891 275.943660 269.590204
198902 41.207823 300.239734 275.757450 269.355048
198903 42.157535 300.520116 275.755323 269.338600
198904 43.474015 300.762305 275.837477 269.404273
198905 44.685750 300.611532 275.976330 269.646851
198906 42.383290 300.037132 275.854024 269.546573
198907 43.026253 299.505079 275.418242 269.151625
198908 42.113683 299.125650 275.368845 269.026091
198909 40.513115 299.128646 274.886275 268.511194
198910 39.388545 299.229256 274.627333 268.174092
198911 38.132850 299.322127 274.576828 268.114643
198912 38.968637 299.254954 274.280931 267.806624
199001 38.470503 299.201262 274.151807 267.718996
199002 38.769478 299.328627 274.296819 267.878383
199003 39.352629 299.686663 274.731526 268.234367
199004 41.243563 300.009755 274.744330 268.250607
199005 41.317154 299.951855 274.933767 268.446071
199006 41.513695 299.607158 274.983087 268.598648
199007 41.127253 299.187397 275.042932 268.662006
199008 40.139418 298.985021 274.871753 268.486452
199009 39.981886 299.075171 274.749981 268.318937
199010 39.288178 299.283163 274.424754 267.926072
199011 39.023738 299.388095 274.412023 267.881932
199012 39.250713 299.284777 274.256309 267.777234
199101 38.659959 299.347166 274.148932 267.675958
199102 39.313052 299.527493 274.485432 268.013419
199103 40.275806 299.874345 274.672036 268.120071
199104 41.576177 300.239820 274.940683 268.401646
199105 41.759239 300.283103 275.129622 268.639007
199106 42.545905 299.930376 275.374180 269.023889
199107 41.855339 299.560954 275.459610 269.092342
199108 41.576643 299.365268 275.433299 269.066490
199109 41.188264 299.458855 275.200564 268.791338
199110 40.260451 299.669689 275.019871 268.504222
199111 39.974600 299.757901 274.939304 268.371338
199112 39.613301 299.634118 274.663584 268.145478
199201 39.961331 299.533162 274.962435 268.528379
199202 39.855134 299.763907 275.059938 268.562553
199203 40.344427 300.107325 275.171282 268.672879
199204 42.502248 300.436018 275.553046 269.023798
199205 42.700560 300.419199 275.492668 269.007066
199206 43.230292 300.095416 275.665652 269.281947
199207 41.728127 299.812886 275.695594 269.327869
199208 42.028122 299.656928 275.717886 269.370216
199209 42.573067 299.754996 275.809500 269.419009
199210 41.440795 300.010898 275.676028 269.173012
199211 41.671062 300.095802 275.612795 269.200429
199212 41.103774 299.988966 275.720531 269.290921
199301 40.815690 299.946715 275.374573 268.932867
199302 41.038632 300.059409 275.460880 269.012317
199303 41.799579 300.360783 275.697580 269.216260
199304 43.388103 300.724572 275.849188 269.352984
199305 43.826731 300.582845 275.897913 269.522562
199306 43.459928 300.176028 276.005279 269.685663
199307 42.518458 299.696345 275.655537 269.299888
199308 42.151489 299.444643 275.406965 269.092535
199309 41.947391 299.466707 275.253601 268.873623
199310 40.766800 299.533000 275.063695 268.644216
199311 39.534324 299.542818 274.869789 268.428002
199312 38.739687 299.504660 274.557948 268.100526
199401 38.617672 299.406829 274.313621 267.897329
199402 38.493093 299.542599 274.638940 268.187943
199403 39.269437 299.928778 274.725363 268.169371
199404 41.279345 300.293135 274.965534 268.444558
199405 41.628265 300.285823 275.104610 268.631132
199406 41.846337 299.911344 275.190710 268.773687
199407 41.354198 299.595875 275.194563 268.783605
199408 41.195267 299.451013 275.062746 268.720141
199409 41.763287 299.427892 275.124463 268.757769
199410 40.657856 299.568881 275.161805 268.707445
199411 40.084111 299.654547 275.019693 268.503400
199412 39.685248 299.654035 274.644537 268.230185
199501 39.068960 299.675636 274.929568 268.530531
199502 39.424047 299.961815 274.915454 268.429165
199503 40.765304 300.287823 275.442140 268.906231
199504 42.911180 300.654095 275.816038 269.299350
199505 43.714712 300.746303 275.524409 269.125470
199506 44.015456 300.379377 275.816516 269.516619
199507 43.382191 299.940090 275.949716 269.675901
199508 43.043135 299.799366 275.817521 269.524189
199509 42.351517 299.923189 275.936599 269.579351
199510 42.129283 300.176172 275.914477 269.499223
199511 42.170098 300.272827 275.826370 269.414912
199512 41.546371 300.142331 275.812587 269.354819
199601 41.838540 300.155900 275.835572 269.406538
199602 41.965534 300.338327 275.914831 269.454477
199603 42.640299 300.771730 276.227275 269.789168
199604 44.876541 301.114986 276.362145 269.980870
199605 45.798750 301.124075 276.492315 270.145659
199606 45.166818 300.729383 276.852710 270.600129
199607 44.006067 300.343043 276.525100 270.248938
199608 44.477533 300.119412 276.782183 270.544029
199609 42.666329 300.207191 276.420860 270.100810
199610 43.516600 300.472507 276.376473 269.968198
199611 44.046978 300.613557 276.502968 270.102129
199612 43.750390 300.589943 276.345952 270.054074
199701 43.041087 300.559122 276.500957 270.153309
199702 42.920703 300.725282 276.532629 270.148726
199703 42.895644 300.992546 276.509653 270.098964
199704 45.042963 301.236152 276.454221 270.070143
199705 46.191067 300.996857 276.744870 270.425247
199706 44.980191 300.537509 276.161110 269.950416
199707 44.908519 299.922809 276.204640 269.925958
199708 43.186137 299.653336 275.740439 269.428833
199709 43.211363 299.649002 275.639020 269.281789
199710 41.350771 299.699395 275.305905 268.900131
199711 39.878328 299.824619 275.044770 268.595771
199712 40.257274 299.647356 274.786077 268.396390
199801 39.204603 299.579744 274.648191 268.230515
199802 39.305008 299.790518 274.546538 268.151472
199803 40.435627 300.140857 275.043294 268.560607
199804 42.142663 300.371052 275.369056 268.860658
199805 41.949596 300.368137 275.101480 268.677377
199806 42.376622 299.974821 275.391349 268.993970
199807 42.035535 299.533329 275.343430 268.992525
199808 40.705266 299.353598 275.121947 268.742235
199809 40.987508 299.426638 275.174265 268.792711
199810 40.793564 299.567712 275.049069 268.611802
199811 39.500096 299.645016 274.787854 268.359856
199812 39.414569 299.589463 274.658213 268.248644
199901 39.457149 299.567473 274.372452 267.934963
199902 39.500386 299.644682 274.745908 268.299747
199903 39.467182 300.064332 274.974112 268.382565
199904 41.713580 300.438664 275.166931 268.655557
199905 42.872768 300.429806 275.291157 268.845818
199906 43.430446 300.091481 275.439205 269.090140
199907 42.601083 299.754033 275.606475 269.268838
199908 42.460251 299.596791 275.455634 269.150106
199909 42.094800 299.578775 275.635653 269.311697
199910 41.390158 299.662975 275.539549 269.131003
199911 40.066740 299.727873 275.268839 268.795377
199912 40.437109 299.700960 274.927643 268.481499
200001 40.214658 299.716214 274.603967 268.254378
200002 39.959902 299.882476 275.002299 268.562631
200003 41.612296 300.224689 275.502827 269.055334
200004 43.649876 300.589900 275.626134 269.172146
200005 43.168593 300.530266 275.451549 269.049474
200006 43.137390 300.170763 275.872622 269.541150
200007 43.245143 299.807845 275.907747 269.600289
200008 42.614460 299.602270 275.928797 269.632224
200009 42.177877 299.689899 275.753098 269.394432
200010 41.011540 299.928679 275.675555 269.208403
200011 41.148648 300.013675 275.448581 269.040617
200012 40.289413 300.011732 275.412183 268.921980
200101 40.737841 299.968255 275.141317 268.744110
200102 41.014500 300.119739 275.615596 269.171001
200103 42.188733 300.513344 276.019479 269.535248
200104 44.067158 300.868397 276.181082 269.705306
200105 44.540589 300.850383 276.184836 269.818767
200106 45.398047 300.481007 276.429951 270.172852
200107 44.681434 300.077922 276.527150 270.293077
200108 43.533819 299.886006 276.431474 270.158419
200109 43.417288 299.992749 276.410346 270.062699
200110 43.592128 300.292413 276.137550 269.731215
200111 43.556104 300.474412 276.225849 269.820940
200112 42.425391 300.435718 275.986280 269.654889
200201 42.497235 300.400426 276.456788 270.041865
200202 42.614019 300.565646 276.352934 269.985838
200203 43.830294 300.949472 276.765119 270.386105
200204 45.704283 301.346861 276.564247 270.217173
200205 46.879986 301.281658 276.912606 270.625987
200206 45.970017 300.919086 277.010801 270.809101
200207 45.220033 300.468676 276.960133 270.756643
200208 45.084909 300.200737 276.901747 270.716989
200209 45.775895 300.238032 276.658134 270.352879
200210 44.006607 300.470656 276.411667 270.039147
200211 44.007845 300.583150 276.269448 269.921467
200212 42.607672 300.432455 276.173961 269.807883
200301 41.782858 300.319592 276.354649 269.952632
200302 41.564423 300.463770 275.854861 269.465655
200303 42.640912 300.706356 275.822192 269.402746
200304 43.642866 300.894940 276.180665 269.788585
200305 44.103401 300.789178 276.105368 269.732136
200306 43.229114 300.310510 275.854927 269.590925
200307 43.029003 299.781086 275.570921 269.317803
200308 41.770127 299.611167 275.539632 269.211745
200309 41.813513 299.590343 275.338441 268.995705
200310 41.331284 299.713392 275.251866 268.788358
200311 40.499910 299.765771 275.338263 268.852117
200312 39.988484 299.666253 274.841745 268.445598
200401 39.888114 299.672559 274.751073 268.325973
200402 40.352689 299.823754 274.969258 268.587220
200403 40.305190 300.165406 275.154341 268.673971
200404 42.130298 300.487260 275.278198 268.832904
200405 43.154004 300.419813 275.455949 269.091981
200406 42.472460 300.001740 275.494544 269.190516
200407 42.231121 299.608471 275.470626 269.156361
200408 42.154257 299.382695 275.476349 269.130577
200409 41.090391 299.400842 275.202124 268.787119
200410 40.467201 299.490802 274.963334 268.552527
200411 39.789464 299.617720 274.935411 268.468399
200412 39.728371 299.618965 274.631232 268.160529
200501 40.246839 299.593053 274.646253 268.250759
200502 39.575087 299.796551 275.146848 268.671701
200503 40.914616 300.131875 275.520152 268.997200
200504 42.883151 300.562153 275.478114 269.036118
200505 43.238640 300.580261 275.644966 269.213649
200506 43.938779 300.219645 275.718582 269.395526
200507 43.298025 299.835601 275.854479 269.564760
200508 42.437935 299.675630 275.598302 269.262216
200509 41.273010 299.687952 275.548574 269.178017
200510 40.986416 299.835189 275.334258 268.928343
200511 40.297916 300.032216 275.201770 268.729634
200512 40.315854 299.978944 275.211147 268.743618
200601 39.886200 299.908033 275.153161 268.775611
200602 39.840307 300.095121 275.083747 268.610344
200603 41.520335 300.428957 275.474878 268.985721
200604 43.091556 300.777908 275.799063 269.318657
200605 44.221844 300.748835 275.892752 269.507902
200606 43.613574 300.421557 275.918265 269.608442
200607 43.689853 300.055704 276.009226 269.736145
200608 43.443381 299.917767 276.181225 269.861620
200609 42.734547 299.955605 276.111761 269.750379
200610 42.774768 300.207206 275.931995 269.511426
200611 42.105211 300.290484 275.887788 269.458911
200612 41.471143 300.224596 275.611630 269.219913
200701 41.245089 300.196004 275.907382 269.556113
200702 42.291403 300.513743 276.147768 269.705520
200703 43.173910 300.934259 276.468894 270.042184
200704 45.430296 301.214446 276.580839 270.208685
200705 46.575833 301.219797 276.897783 270.605021
200706 44.323269 300.827418 276.798136 270.553105
200707 45.135270 300.506138 276.645671 270.400635
200708 44.560321 300.364678 276.588468 270.384409
200709 44.757954 300.456618 276.902462 270.636106
200710 44.469210 300.754641 276.688147 270.336292
200711 45.222497 301.023982 276.835937 270.483365
200712 44.895353 301.052746 276.869403 270.551536
200801 43.997508 301.130004 276.993235 270.650649
200802 44.394971 301.336836 277.286792 270.974684
200803 46.026984 301.617831 277.606887 271.329919
200804 48.492844 301.873630 277.742842 271.475429
200805 48.760002 301.682902 277.717150 271.522257
200806 47.614450 300.993801 277.488959 271.333064
200807 45.882118 300.361403 276.762662 270.561132
200808 44.249273 299.959052 276.295128 270.039071
200809 42.722016 299.936405 276.066219 269.722993
200810 41.963264 299.997752 275.719618 269.351987
200811 41.732983 299.998398 275.532550 269.136265
200812 40.440641 299.833656 275.300784 268.941007
200901 39.774332 299.814590 275.129993 268.743106
200902 40.616294 299.894196 274.991927 268.621744
200903 40.558719 300.292960 275.464200 268.963120
200904 42.634136 300.573694 275.455904 269.004120
200905 42.879841 300.432157 275.485626 269.095450
200906 42.516208 299.946740 275.285586 268.981953
200907 42.042928 299.556141 275.234770 268.899593
200908 40.824434 299.295694 275.124221 268.808445
200909 40.716355 299.318432 275.007507 268.650555
200910 41.786430 299.469827 274.998729 268.625315
200911 39.751266 299.543374 274.929746 268.508943
200912 39.727800 299.558199 274.804768 268.336080
201001 39.882145 299.520747 274.662244 268.221555
201002 40.370783 299.717388 274.704159 268.283071
201003 40.949377 299.992783 275.137609 268.686343
201004 42.480191 300.302390 275.154337 268.705816
201005 42.822601 300.317438 275.248349 268.817462
201006 42.033333 299.942027 275.331975 268.955881
201007 41.877324 299.586187 275.332211 269.007732
201008 41.435801 299.389431 275.168432 268.845167
201009 40.960672 299.361436 275.321083 268.932181
201010 40.746184 299.513556 275.014242 268.578682
201011 40.042240 299.611166 275.016400 268.582644
201012 39.231359 299.621062 274.896871 268.426976
201101 39.259081 299.601191 274.706923 268.262339
201102 39.678333 299.760407 275.098079 268.634173
201103 40.897916 300.135606 275.351319 268.888992
201104 42.031672 300.501128 275.464667 268.978980
201105 42.632797 300.498717 275.519223 269.074672
201106 42.682824 300.105924 275.529113 269.213888
201107 42.677475 299.771540 275.476525 269.166107
201108 42.720642 299.604045 275.834629 269.495919
201109 42.028136 299.694956 275.613656 269.223184
201110 40.922405 299.921922 275.648988 269.181345
201111 40.524536 299.974692 275.239774 268.813709
201112 40.578110 299.941857 275.048637 268.656745
201201 41.149883 299.921369 274.916509 268.579610
201202 41.820309 300.111796 275.741772 269.331181
201203 42.381362 300.461105 275.832106 269.410995
201204 43.715159 300.827777 275.899758 269.460041
201205 44.639152 300.909978 276.109009 269.724234
201206 43.885233 300.496398 276.454472 270.173005
201207 43.367069 300.090250 276.130883 269.842630
201208 42.993291 299.912753 276.061142 269.777209
201209 43.444608 300.011252 275.840925 269.507284
201210 42.127868 300.217992 275.989336 269.573566
201211 41.914967 300.396669 275.585477 269.154994
201212 42.077062 300.293606 275.847194 269.467040
201301 41.846948 300.248843 275.636529 269.250249
201302 42.037674 300.391739 276.524562 270.168126
201303 43.139104 300.764797 276.256209 269.873048
201304 44.878896 301.077690 276.495980 270.081589
201305 45.549092 301.046713 276.625499 270.243147
201306 45.774926 300.600382 276.444567 270.200904
201307 43.984294 300.152753 276.289972 269.983688
201308 43.594318 299.870611 276.279216 269.985126
201309 43.183420 299.887407 276.049421 269.712610
201310 41.719307 300.026109 275.942690 269.542375
201311 41.105924 300.167779 275.562681 269.136391
201312 40.326539 300.118861 275.320025 268.855182
201401 40.911881 300.014030 275.192700 268.859359
201402 41.014680 300.127555 275.516056 269.107987
201403 41.046144 300.489092 275.779245 269.314686
201404 43.125766 300.833955 275.881671 269.411420
201405 44.699265 300.790618 275.933176 269.563634
201406 43.739931 300.479980 275.887510 269.610165
201407 43.453416 300.139300 276.115906 269.854018
201408 43.545713 300.054540 276.122331 269.861394
201409 43.076532 300.036838 276.343912 270.060869
201410 42.659049 300.211228 276.150153 269.785509
201411 42.117776 300.322324 275.980809 269.571597
201412 41.865378 300.306673 275.990717 269.621425
201501 41.454249 300.348813 275.812835 269.423795
201502 42.077523 300.500935 276.021484 269.637426
201503 43.104538 300.924711 276.373537 269.921628
201504 45.177403 301.286929 276.619631 270.219424
201505 46.014572 301.304557 276.851291 270.497239
201506 47.427487 300.981444 277.062341 270.853261
201507 46.283803 300.591985 277.210026 271.023343
201508 45.942904 300.342738 277.175672 270.936549
201509 44.675021 300.436237 276.887402 270.599154
201510 44.564972 300.636737 276.569424 270.212009
201511 43.903723 300.787648 276.450622 270.104760
201512 43.564149 300.729426 276.760900 270.385772
201601 43.713979 300.708308 276.414551 270.088500
201602 42.818178 300.865066 276.545734 270.151169
201603 44.969547 301.123301 276.913008 270.515229
201604 47.061840 301.408222 277.102771 270.787318
201605 47.453260 301.407598 277.180352 270.923989
201606 46.229165 301.069018 277.118493 270.925415
201607 46.548162 300.659758 277.156825 270.994168
201608 45.641574 300.417427 277.198557 270.973199
201609 44.961207 300.467770 276.940762 270.639720
201610 44.164477 300.742892 276.838911 270.471164
201611 44.457695 300.826135 276.823469 270.466612
201612 42.976020 300.723365 276.602742 270.268783
201701 42.525606 300.640078 276.161542 269.846748
201702 42.886887 300.726743 276.108596 269.750999
201703 43.451338 300.995637 276.225883 269.832260
201704 44.780166 301.187744 276.483817 270.113357
201705 45.646022 301.046247 276.581573 270.287762
201706 44.812066 300.528146 276.339306 270.108588
201707 43.650914 300.039646 275.995180 269.725514
201708 43.191755 299.747677 275.960419 269.676082
201709 42.803547 299.721450 275.725513 269.403840
201710 42.486771 299.822986 275.778649 269.377349
201711 40.305575 299.923739 275.315228 268.889938
201712 39.512965 299.809060 275.210797 268.729921
201801 40.051450 299.819965 274.791955 268.368397
201802 40.011963 299.999959 274.935088 268.507051
201803 40.806402 300.290837 275.549478 269.059401
201804 42.622149 300.657969 276.037641 269.552741
201805 43.073474 300.700971 275.778562 269.329602
201806 42.958160 300.331702 275.703189 269.377702
201807 43.311848 299.992785 275.540892 269.227000
201808 42.964700 299.744380 275.775011 269.481080
201809 42.020551 299.808952 275.727441 269.361866
201810 42.092373 299.990904 275.595255 269.202908
201811 40.273896 300.117860 275.350344 268.867206
201812 40.530108 300.045114 275.233236 268.835239
201901 41.014149 300.006836 274.998647 268.630505
201902 40.748068 300.254257 275.578808 269.103266
201903 42.578228 300.583312 275.853020 269.401672
201904 44.455321 300.927570 276.378485 269.929616
201905 45.405228 300.991307 276.298403 269.896447
201906 45.247221 300.699427 276.464693 270.145953
201907 44.991931 300.325634 276.766852 270.554976
201908 44.014047 300.226681 276.612454 270.314870
201909 43.683348 300.433236 276.676243 270.330516
201910 44.761638 300.790203 276.652666 270.262092
201911 46.044012 301.064820 276.797463 270.486261
201912 45.426820 301.003783 277.342016 271.068777
202001 44.003140 301.009656 277.425651 271.177878
202002 44.484258 301.239669 277.375285 271.073850
202003 45.640766 301.629917 277.545442 271.216923
202004 48.053847 301.808837 277.744824 271.468022
202005 48.822003 301.634991 277.766120 271.546948
202006 47.260227 301.084149 277.395665 271.202714
202007 45.351048 300.499658 276.773008 270.569334
202008 44.742018 300.098477 276.515950 270.325972
202009 43.705332 300.014799 276.179795 269.874857
202010 42.795862 300.120631 275.871075 269.488145
202011 42.008773 300.154539 275.544003 269.154099
202012 41.075126 299.982958 275.361418 268.974373
202101 40.990002 299.912817 275.331575 268.977359
202102 41.285784 300.062538 275.187998 268.804045
202103 40.979424 300.337067 275.328083 268.899730
202104 42.959260 300.632939 275.594679 269.144270
202105 43.611162 300.498994 275.662748 269.279203
202106 42.973804 300.045646 275.683569 269.343312
202107 41.979642 299.606653 275.384704 269.072615
202108 41.336294 299.390736 275.389915 269.049702
202109 41.558183 299.413987 275.431863 269.072042
202110 40.986704 299.516134 275.120547 268.722554
202111 39.737762 299.667614 274.943741 268.469988
202112 39.658868 299.622635 274.615789 268.194503
202201 40.926844 299.525815 274.684817 268.299815
202202 40.595736 299.748183 275.026445 268.602591
202203 40.393716 300.143795 275.353723 268.861647
202204 42.513464 300.530692 275.400082 268.895134
202205 43.740259 300.465462 275.614907 269.156173
202206 43.544738 300.086419 275.689247 269.373074
202207 42.857641 299.716886 275.642281 269.352353
202208 42.372653 299.568101 275.590228 269.264383
202209 42.128749 299.611277 275.678883 269.326506
202210 41.572305 299.816896 275.368044 268.948552
202211 40.786229 299.924783 275.240627 268.791606
202212 40.492657 299.840130 275.045734 268.619409
202301 40.662501 299.825454 274.815705 268.423167
202302 40.087901 300.114996 275.353185 268.846642
202303 41.242924 300.464167 275.850067 269.365647
202304 43.694635 300.811772 275.832014 269.391696
202305 44.857710 300.850299 276.111125 269.690106
202306 44.804443 300.472049 276.365258 270.074581
202307 44.182571 300.088547 276.343655 270.062360
202308 44.448724 299.955232 276.290846 270.035221
202309 44.080393 300.039672 276.221909 269.887870
202310 43.197122 300.225769 276.033577 269.608462
202311 42.531137 300.354607 275.730307 269.358005
202312 41.949644 300.247223 275.766058 269.359851
202401 41.393157 300.174235 275.749363 269.379094
202402 41.146786 300.346761 276.079067 269.679964
202403 42.833146 300.718887 276.096933 269.621140
202404 44.387050 301.101705 276.185626 269.712597
202405 46.036155 301.054211 276.416181 270.054494
202406 44.803379 300.656630 276.442858 270.131305
202407 45.033601 300.271548 276.350773 270.069432
202408 44.372951 300.166615 276.383356 270.107937
202409 44.210569 300.234035 276.603064 270.287775
202410 43.460291 300.380145 276.335962 269.972117
202411 42.146003 300.595525 276.128623 269.680063
202412 41.989786 300.605051 275.771633 269.421553
