time(yyyymm) ts_cwv ts_sst ts_tlt ts_tmt
198001 40.947529 300.174960 275.794444 269.386514
198002 41.582019 300.349108 275.904163 269.476549
198003 42.902668 300.768758 276.404676 269.956369
198004 44.952176 301.083973 276.425041 270.005331
198005 45.272878 301.085750 276.530116 270.161074
198006 44.440950 300.772458 276.500979 270.191634
198007 44.369528 300.433117 276.500756 270.202403
198008 44.536401 300.262005 276.778952 270.483242
198009 44.379148 300.359353 276.617621 270.301860
198010 44.407811 300.682406 276.537976 270.144324
198011 44.344052 300.837080 276.605885 270.268524
198012 44.194963 300.787130 276.592652 270.296661
198101 43.563018 300.793239 276.816531 270.502683
198102 43.901440 301.011712 276.884469 270.542880
198103 45.080687 301.332974 277.062976 270.718799
198104 47.503435 301.536282 277.432492 271.139409
198105 47.692120 301.301352 277.421361 271.208203
198106 45.977525 300.698900 276.796508 270.641670
198107 44.721240 300.060283 276.053890 269.835871
198108 43.109510 299.703739 275.692470 269.388942
198109 42.632057 299.705505 275.672714 269.318337
198110 41.437650 299.761105 275.533960 269.091379
198111 39.920431 299.736022 275.137598 268.720940
198112 39.422305 299.626581 274.911645 268.475187
198201 39.778947 299.562383 274.766237 268.353459
198202 39.444210 299.723430 274.837913 268.418114
198203 40.016709 300.083327 275.023686 268.567434
198204 42.540775 300.353749 275.337638 268.859416
198205 42.267261 300.195856 275.185160 268.788740
198206 42.228905 299.766839 275.149010 268.779400
198207 41.152968 299.329681 274.892781 268.495637
198208 40.255359 299.044801 274.731528 268.345557
198209 40.742736 299.082637 274.831408 268.403126
198210 39.545430 299.234303 274.684890 268.203720
198211 38.307907 299.322380 274.273244 267.790778
198212 38.141834 299.354745 274.123014 267.622072
198301 39.059836 299.206811 274.259355 267.808391
198302 39.509295 299.364722 274.403769 267.971351
198303 39.831508 299.701278 274.601034 268.098511
198304 40.719917 300.047221 274.768056 268.243806
198305 42.032685 299.954548 274.983470 268.486963
198306 41.430050 299.591458 274.854985 268.465124
198307 41.069708 299.230367 274.714447 268.307126
198308 40.075234 299.012055 274.677699 268.294861
198309 39.802523 299.035056 274.599942 268.198579
198310 39.452089 299.187340 274.625544 268.160552
198311 38.340558 299.342888 274.654438 268.115100
198312 38.606519 299.315336 274.490957 267.980901
198401 38.890022 299.323244 274.163241 267.676622
198402 39.163115 299.477247 274.669657 268.251061
198403 40.049751 299.917180 275.005743 268.453975
198404 41.458607 300.232647 275.088990 268.517901
198405 41.637126 300.221720 275.207274 268.693704
198406 41.863951 299.891565 275.174506 268.727419
198407 41.419674 299.532159 275.208426 268.778733
198408 40.856108 299.330810 275.098704 268.757483
198409 40.474701 299.458854 275.105455 268.721263
198410 40.331492 299.644309 274.906063 268.449086
198411 40.356474 299.701602 274.995527 268.548402
198412 39.261479 299.600272 274.946101 268.484576
198501 39.498327 299.566484 274.591824 268.111905
198502 39.590790 299.727915 274.797716 268.312486
198503 39.660242 300.116222 275.115207 268.593786
198504 42.606495 300.417308 275.485071 268.967466
198505 43.064735 300.411812 275.598866 269.172995
198506 43.086979 300.075113 275.643937 269.293223
198507 42.950021 299.646127 275.680184 269.347331
198508 41.758187 299.443712 275.496436 269.150738
198509 41.877243 299.460208 275.700483 269.327757
198510 40.256859 299.708854 275.370472 268.851750
198511 40.672327 299.894664 275.143877 268.649170
198512 39.954083 299.793034 274.995266 268.563419
198601 39.620138 299.747362 275.183230 268.844567
198602 40.308986 299.975640 275.362969 268.946266
198603 41.934828 300.322252 275.629600 269.185046
198604 42.460749 300.652641 275.817129 269.330777
198605 42.433948 300.692034 275.619456 269.149600
198606 43.200572 300.316375 275.676945 269.354799
198607 42.965533 299.852575 275.761973 269.522577
198608 42.566414 299.650915 275.679302 269.349320
198609 42.413183 299.670337 275.713944 269.377591
198610 41.404008 299.845595 275.513360 269.125167
198611 40.554702 299.937463 275.317530 268.888281
198612 40.853664 299.915018 275.098397 268.687392
198701 41.097366 299.884448 275.194896 268.804946
198702 40.587986 300.130110 275.089324 268.633173
198703 41.128785 300.454379 275.644771 269.164413
198704 43.195916 300.800003 275.697764 269.245493
198705 44.527655 300.751092 275.979263 269.619056
198706 44.012161 300.367519 276.159168 269.893784
198707 43.545075 299.976934 275.889313 269.657179
198708 41.808386 299.817285 275.999676 269.665150
198709 42.327771 299.900586 275.829976 269.486876
198710 41.854309 300.074604 275.928559 269.493509
198711 42.197596 300.193133 275.935566 269.494841
198712 41.445653 300.158408 275.761635 269.355423
198801 41.285198 300.085868 275.691145 269.325087
198802 41.229540 300.255341 275.633969 269.191497
198803 41.610464 300.604474 275.864377 269.431889
198804 43.978735 300.985972 276.015592 269.551965
198805 45.457747 300.989755 276.158264 269.777887
198806 44.322109 300.610543 276.352986 270.058300
198807 43.895060 300.290301 276.316505 270.003178
198808 43.664791 300.092893 276.547381 270.350106
198809 43.407118 300.208758 276.560139 270.238208
198810 43.593177 300.518111 276.359391 269.938374
198811 44.831765 300.684042 276.720956 270.346857
198812 44.128685 300.755324 276.566213 270.247161
198901 44.071488 300.773803 276.861508 270.539036
198902 43.553523 301.082591 277.064764 270.693770
198903 45.118381 301.364250 277.242997 270.941150
198904 46.749983 301.522643 277.326330 271.066880
198905 47.631789 301.369626 277.236139 270.992703
198906 45.710264 300.759813 276.780000 270.601125
198907 43.947159 300.146860 276.298569 270.045967
198908 43.574627 299.776503 275.980191 269.699151
198909 42.886049 299.769108 275.721062 269.406300
198910 41.109306 299.863700 275.619275 269.236074
198911 40.873951 299.860022 275.250471 268.819383
198912 39.623417 299.714415 275.299760 268.864713
199001 39.353257 299.716198 275.002025 268.541245
199002 39.465478 299.905849 275.166094 268.735449
199003 40.936993 300.188315 275.193012 268.742138
199004 42.577569 300.491966 275.522273 269.003138
199005 43.112580 300.428241 275.440775 269.007293
199006 42.632022 299.959886 275.312168 268.963994
199007 42.415915 299.527088 275.183695 268.859496
199008 41.274397 299.291797 275.311023 268.959227
199009 40.459569 299.242508 275.015172 268.636233
199010 40.478745 299.391100 274.783585 268.294243
199011 38.819343 299.530573 274.506738 268.023250
199012 38.883913 299.468957 274.491444 267.975876
199101 39.403864 299.379711 274.574518 268.156862
199102 40.217330 299.543599 274.556088 268.129123
199103 40.672272 299.883267 274.945771 268.466658
199104 42.220729 300.234673 274.919963 268.429834
199105 42.780853 300.199530 275.032655 268.599071
199106 41.827539 299.783449 275.153538 268.774332
199107 41.274828 299.489569 274.951407 268.573417
199108 41.841476 299.260020 275.028732 268.712589
199109 40.978478 299.244520 274.917160 268.528001
199110 39.686998 299.377815 274.702684 268.233840
199111 38.882336 299.415323 274.340206 267.862683
199112 38.655577 299.326719 274.372900 267.848847
199201 38.725569 299.232725 274.322908 267.848904
199202 38.887540 299.429132 274.402329 267.940158
199203 39.702037 299.751529 274.721748 268.211344
199204 40.258866 300.159995 274.970632 268.389592
199205 41.844955 300.176950 274.950644 268.411650
199206 41.289284 299.857980 275.294107 268.863377
199207 41.213353 299.571465 275.239807 268.823064
199208 41.134528 299.518863 275.416181 269.014916
199209 41.584014 299.612725 275.492796 269.118882
199210 40.954128 299.874619 275.501367 269.020838
199211 41.355930 300.001829 275.502771 269.065033
199212 40.268420 299.949416 275.494549 269.027773
199301 40.752415 299.914256 275.196143 268.721188
199302 40.533929 300.131666 275.310857 268.801869
199303 42.364700 300.405484 275.993263 269.502969
199304 43.793341 300.716940 275.943282 269.493225
199305 44.777629 300.722003 276.117512 269.734628
199306 44.035366 300.420953 276.430079 270.119815
199307 42.456736 299.986902 275.964996 269.639881
199308 42.608177 299.766767 276.060057 269.766316
199309 42.111561 299.798739 275.859003 269.504483
199310 42.389712 299.940638 275.734416 269.324549
199311 40.993803 300.114836 275.616075 269.199993
199312 40.864737 299.996882 275.250201 268.817563
199401 41.156156 299.880792 275.495371 269.079167
199402 40.156058 300.004638 275.316719 268.893474
199403 41.712498 300.291492 275.678762 269.188474
199404 42.634157 300.681776 275.647341 269.229553
199405 43.596694 300.578004 275.871875 269.476358
199406 43.683802 300.167612 275.851630 269.559634
199407 42.100798 299.684345 275.412423 269.138793
199408 41.582334 299.461056 275.342866 269.031748
199409 41.262878 299.457683 275.299807 268.978656
199410 40.780714 299.575624 275.219861 268.844551
199411 40.068147 299.655698 274.802487 268.358980
199412 39.436477 299.550196 274.617419 268.224247
199501 39.163361 299.522022 274.903170 268.413245
199502 39.733846 299.697175 274.619937 268.202739
199503 39.634796 300.104631 275.282061 268.788386
199504 42.062615 300.453001 275.325833 268.827082
199505 42.989137 300.345759 275.474650 269.080471
199506 42.469267 299.945529 275.588305 269.230531
199507 41.807043 299.474370 275.392809 269.087245
199508 40.671151 299.248486 275.129935 268.802270
199509 41.181072 299.264685 275.212416 268.830474
199510 40.648906 299.468152 274.867038 268.434680
199511 40.053091 299.477050 274.740551 268.271216
199512 39.306450 299.452237 275.047076 268.576895
199601 39.139371 299.502651 274.644122 268.161431
199602 39.490681 299.585143 274.898102 268.451021
199603 39.600792 299.944778 274.879033 268.360615
199604 41.195128 300.317809 274.953265 268.452319
199605 42.242640 300.287519 275.256531 268.802798
199606 42.703458 299.967775 275.322467 268.939077
199607 42.231341 299.568735 275.323289 268.993397
199608 41.540133 299.359393 275.304203 268.987830
199609 41.258599 299.400979 275.266903 268.884066
199610 40.311721 299.525250 275.045750 268.635365
199611 39.961012 299.647927 274.928824 268.488723
199612 39.802067 299.671030 274.862948 268.412202
199701 40.374246 299.729780 274.782847 268.424567
199702 40.000563 299.906306 275.201734 268.750288
199703 41.214441 300.271445 275.437161 268.932623
199704 43.058651 300.647677 275.691544 269.175724
199705 43.578489 300.690269 275.836660 269.411428
199706 43.657174 300.376016 275.974732 269.647486
199707 43.434732 300.043546 276.046829 269.719794
199708 42.458763 299.962189 276.091658 269.746110
199709 43.488329 300.125867 276.160850 269.788975
199710 44.622422 300.494850 276.320404 269.895929
199711 44.273769 300.771439 276.412283 270.022941
199712 43.663918 300.768003 276.653730 270.334340
199801 43.556085 300.765276 276.695219 270.369679
199802 44.252942 300.877439 277.201987 270.908055
199803 45.408868 301.244754 277.234176 270.948546
199804 46.611153 301.514927 277.241051 270.979559
199805 47.523026 301.396662 277.340457 271.102225
199806 46.442166 300.830239 277.221291 271.029098
199807 44.800004 300.226284 276.515211 270.306314
199808 44.216794 299.856568 276.115523 269.859164
199809 43.642673 299.861958 275.853687 269.534074
199810 41.594935 299.943656 275.717425 269.320848
199811 40.441040 299.938976 275.390265 268.950099
199812 40.641729 299.788228 275.057625 268.664802
199901 39.943067 299.716543 274.600331 268.233637
199902 40.033880 299.853989 274.992003 268.596188
199903 40.581272 300.131573 275.067524 268.617149
199904 42.818695 300.452812 275.247865 268.793822
199905 43.847783 300.214770 275.461595 269.095533
199906 41.479829 299.828742 275.294099 268.885493
199907 42.291643 299.425727 274.980672 268.632415
199908 40.609584 299.190210 274.922737 268.547706
199909 40.413712 299.263722 274.741901 268.323421
199910 40.611805 299.356825 274.716261 268.282556
199911 38.308314 299.486032 274.708880 268.227835
199912 39.283686 299.556329 274.389658 267.892935
200001 40.167494 299.519949 274.387146 267.981090
200002 39.875994 299.689796 274.723937 268.272295
200003 39.933787 300.039258 275.156079 268.623085
200004 42.195511 300.379155 275.167115 268.664690
200005 42.746486 300.366538 275.490918 269.036706
200006 42.854834 299.976408 275.442214 269.045389
200007 42.623067 299.683138 275.610005 269.231539
200008 41.905103 299.536106 275.506037 269.166415
200009 41.897827 299.580397 275.453489 269.112160
200010 41.441818 299.778156 275.420868 268.984812
200011 40.610921 299.887278 275.311992 268.835298
200012 39.999826 299.814914 275.049263 268.596407
200101 40.267530 299.792598 274.929211 268.572475
200102 40.974594 299.956619 275.361557 268.930005
200103 41.880269 300.340325 275.471940 268.998314
200104 42.927492 300.655085 275.671803 269.198576
200105 43.685646 300.664101 275.840704 269.410380
200106 44.157949 300.275564 275.995037 269.674068
200107 43.632529 299.942392 275.798706 269.510619
200108 43.045230 299.744689 275.899421 269.591578
200109 42.025206 299.731049 275.901613 269.570781
200110 41.629894 299.936313 275.717974 269.319980
200111 41.132206 300.103210 275.706015 269.301142
200112 40.904252 300.015719 275.194631 268.800328
200201 40.588216 299.981706 275.561629 269.160896
200202 40.429569 300.262607 275.689233 269.227734
200203 42.394061 300.657993 275.922872 269.463289
200204 44.126277 301.013644 276.004714 269.530355
200205 45.309103 301.081627 276.206277 269.809984
200206 45.878637 300.681435 276.697355 270.419180
200207 44.692085 300.290430 276.530993 270.218485
200208 43.580527 300.141501 276.467627 270.166869
200209 44.361733 300.248165 276.537449 270.195463
200210 43.606362 300.578376 276.399521 269.940912
200211 43.827709 300.669975 276.643054 270.272613
200212 43.038734 300.652403 276.487597 270.105487
200301 43.296096 300.613965 276.785127 270.443453
200302 44.142010 300.728407 276.975892 270.639112
200303 44.784711 301.127999 276.985654 270.673839
200304 46.895623 301.412257 277.198045 270.899782
200305 47.652729 301.378965 277.224580 270.998809
200306 46.346448 300.945944 277.225040 271.028503
200307 45.036010 300.489908 277.074916 270.846701
200308 44.558151 300.337337 276.669394 270.409999
200309 44.340637 300.356690 276.563326 270.276227
200310 43.777378 300.529767 276.372214 269.987438
200311 42.721495 300.667774 276.223853 269.827034
200312 42.179059 300.491818 275.949667 269.546829
200401 41.508878 300.405257 275.763029 269.392660
200402 42.180678 300.488300 275.909575 269.516487
200403 42.129216 300.779424 276.123586 269.666975
200404 43.757453 301.072658 276.219631 269.804315
200405 45.373130 301.034248 276.234213 269.873990
200406 45.268327 300.597082 276.582690 270.321459
200407 44.205703 300.073468 276.223771 269.941578
200408 43.560167 299.797028 276.242389 269.923710
200409 43.427249 299.811461 275.944871 269.615722
200410 42.260629 299.927864 275.649266 269.295640
200411 41.053472 299.958791 275.232399 268.828742
200412 40.573867 299.818713 274.924707 268.517588
200501 39.753795 299.689651 275.354942 268.940346
200502 39.948902 299.874418 275.240019 268.766660
200503 41.340951 300.255794 275.207036 268.754687
200504 42.088700 300.577063 275.576253 269.063007
200505 43.231179 300.423384 275.632562 269.248274
200506 42.269967 300.038910 275.465600 269.098655
200507 42.321294 299.649915 275.317014 268.995070
200508 42.237203 299.382191 275.403707 269.084056
200509 42.067718 299.387281 275.174234 268.792569
200510 40.508270 299.494460 275.126465 268.700572
200511 39.503024 299.557189 274.932304 268.502688
200512 39.394823 299.637201 274.549144 268.061484
200601 39.249380 299.599876 274.415702 268.035767
200602 40.320834 299.734060 274.750733 268.328383
200603 41.027005 300.103455 274.961789 268.492330
200604 42.223747 300.465171 275.367319 268.850531
200605 43.396198 300.511321 275.414576 269.020529
200606 43.294947 300.162722 275.729180 269.407205
200607 43.436749 299.747880 275.714172 269.421446
200608 42.404113 299.506186 275.666113 269.363408
200609 41.749461 299.544966 275.410567 269.075190
200610 41.496050 299.609240 275.490528 269.068686
200611 40.145143 299.690320 275.044414 268.582821
200612 39.624511 299.645963 274.642428 268.174162
200701 40.140006 299.572260 274.711360 268.346410
200702 39.755116 299.771991 274.679420 268.295346
200703 41.002305 300.105104 275.524097 269.029050
200704 41.997322 300.473278 275.414720 268.928442
200705 42.578851 300.453370 275.458760 269.061419
200706 42.788469 300.138631 275.696182 269.346231
200707 42.493372 299.816606 275.719500 269.389669
200708 42.831545 299.623503 275.771020 269.528897
200709 42.246654 299.682512 275.597210 269.266331
200710 41.315342 299.838842 275.368888 268.972702
200711 40.959372 299.917482 275.278916 268.840372
200712 40.173325 299.879253 275.117400 268.674180
200801 40.029839 299.793801 274.951760 268.558990
200802 40.755226 299.953896 275.250856 268.814977
200803 42.030751 300.330739 275.356903 268.892387
200804 43.260759 300.668066 275.922126 269.427762
200805 43.911358 300.642803 275.887617 269.502303
200806 43.498551 300.303892 275.905737 269.581886
200807 43.737185 299.962432 276.202351 269.906036
200808 42.294930 299.845808 276.130376 269.795686
200809 42.802190 300.021825 275.830879 269.461491
200810 43.309387 300.256941 276.058285 269.663058
200811 42.408030 300.447791 276.025139 269.622840
200812 42.660211 300.362056 276.271260 269.907133
200901 42.409859 300.344740 276.071464 269.715988
200902 42.539862 300.534461 275.908180 269.550642
200903 42.753167 300.877658 276.425880 269.978513
200904 44.831280 301.238906 276.528859 270.095419
200905 46.190227 301.246034 276.563974 270.190607
200906 46.418151 300.877163 277.004817 270.757384
200907 44.780129 300.494666 276.905072 270.642024
200908 45.065154 300.364949 276.698494 270.435718
200909 45.946662 300.503287 276.841771 270.560703
200910 45.190038 300.677904 276.869229 270.529209
200911 44.655800 300.814310 276.719421 270.394869
200912 43.852823 300.767748 276.526125 270.178649
201001 42.925527 300.745256 276.534869 270.183537
201002 42.850545 300.932005 276.606127 270.227156
201003 44.378229 301.227028 276.698677 270.288625
201004 46.493318 301.497280 276.689720 270.365613
201005 47.381491 301.439973 276.994614 270.734661
201006 46.333125 301.027553 277.194217 271.013445
201007 45.808294 300.608197 276.994026 270.791110
201008 44.696584 300.318971 276.735774 270.526980
201009 44.160171 300.384707 276.353653 270.074591
201010 43.481129 300.522463 276.588185 270.244665
201011 43.232322 300.569750 276.393915 269.994409
201012 42.455110 300.441005 276.091825 269.733060
201101 41.384707 300.379689 275.740940 269.375123
201102 42.032476 300.491231 276.030912 269.651666
201103 42.513577 300.842309 276.064794 269.610348
201104 43.817842 301.076935 276.033762 269.632886
201105 45.005040 300.896172 276.121488 269.824533
201106 45.101298 300.444377 276.154369 269.847138
201107 43.577233 299.970179 275.729538 269.509144
201108 42.849477 299.719888 275.519550 269.263822
201109 42.602037 299.766802 275.544461 269.222872
201110 42.362178 299.899422 275.465370 269.094187
201111 40.214147 299.967384 275.087583 268.681684
201112 40.004567 299.901401 274.950479 268.516743
201201 40.228865 299.866343 274.879004 268.490815
201202 40.664920 300.109717 275.161272 268.745886
201203 41.100309 300.394002 275.533948 269.056640
201204 42.623175 300.715064 275.530055 269.012592
201205 43.207179 300.810996 275.640200 269.185758
201206 44.779779 300.414503 275.957964 269.650182
201207 43.873018 300.079825 276.086609 269.794933
201208 43.385541 299.935585 276.182506 269.871151
201209 43.818819 299.978928 276.184671 269.861318
201210 41.996551 300.197705 276.069453 269.664111
201211 41.960738 300.332114 276.032062 269.583880
201212 41.934886 300.277585 275.759105 269.373818
201301 42.186448 300.191966 275.799051 269.433600
201302 42.540093 300.426661 276.215703 269.840208
201303 42.469544 300.798771 276.227945 269.811489
201304 44.127140 301.164439 276.137553 269.723984
201305 45.248748 301.117049 276.433640 270.096696
201306 45.063248 300.803101 276.647670 270.353903
201307 45.208300 300.382580 276.519173 270.263818
201308 44.484481 300.187466 276.545384 270.289873
201309 43.733696 300.259267 276.479159 270.158753
201310 43.827010 300.532029 276.346005 269.952423
201311 43.832003 300.608957 276.276264 269.938165
201312 42.466802 300.489013 276.036252 269.714585
201401 41.997679 300.411170 275.839195 269.487784
201402 42.301622 300.543538 275.788754 269.454824
201403 43.025805 300.890427 276.128871 269.761416
201404 45.520433 301.269713 276.583973 270.183331
201405 46.308056 301.208007 276.536594 270.235027
201406 44.849619 300.755930 276.661528 270.452010
201407 45.290240 300.258279 276.490795 270.272717
201408 43.109610 300.018861 276.235881 269.956886
201409 43.176704 300.058114 275.979712 269.675688
201410 42.724356 300.212232 275.956703 269.615872
201411 41.386690 300.287396 275.624927 269.215080
201412 41.061688 300.258364 275.559487 269.150843
201501 41.008061 300.144321 275.573963 269.169672
201502 41.536840 300.340565 275.594260 269.103768
201503 42.262686 300.614490 275.956096 269.465375
201504 44.030515 300.971457 276.085281 269.685747
201505 44.867488 300.978493 276.493481 270.095545
201506 44.595460 300.621438 276.489398 270.200647
201507 43.964283 300.285269 276.423431 270.120477
201508 43.211545 300.113170 276.440777 270.177549
201509 44.067764 300.176589 276.527588 270.178306
201510 43.789560 300.501363 276.249289 269.831108
201511 43.266861 300.664523 276.298085 269.899065
201512 42.207344 300.636029 276.190804 269.782221
201601 42.655733 300.548065 276.668682 270.316972
201602 43.417338 300.767210 276.463549 270.082907
201603 44.085344 301.123117 277.025581 270.667664
201604 46.844055 301.471893 276.951909 270.621940
201605 46.829060 301.488186 277.136675 270.808444
201606 47.328044 301.114029 277.174687 270.931624
201607 46.549858 300.774249 277.427417 271.222638
201608 45.818086 300.684081 277.199448 270.955507
201609 46.292686 300.796669 277.301696 271.044328
201610 45.602696 301.142301 277.149456 270.822359
201611 47.344003 301.271425 277.485812 271.219676
201612 46.482155 301.203893 277.691198 271.447678
201701 45.413568 301.132144 277.485359 271.256527
201702 44.883450 301.354154 277.567997 271.285452
201703 46.218424 301.583309 277.724257 271.462675
201704 48.160950 301.815468 277.508965 271.298762
201705 48.959247 301.537211 277.707076 271.511324
201706 46.385987 300.961250 277.147150 270.918710
201707 46.061313 300.264118 276.714813 270.519919
201708 44.458342 299.916142 276.188624 269.936752
201709 43.836808 299.893789 276.067883 269.752319
201710 43.074074 300.010934 275.642321 269.272517
201711 41.081856 300.082013 275.613782 269.197474
201712 41.086682 299.982398 275.221178 268.829459
201801 40.693805 299.958998 275.068858 268.707870
201802 40.624754 300.039246 275.404963 269.003731
201803 41.398112 300.379552 275.512324 269.044456
201804 43.453484 300.709663 275.570619 269.114666
201805 43.290578 300.608338 275.778659 269.394047
201806 43.617282 300.119592 275.856829 269.545950
201807 42.389866 299.703397 275.660077 269.354452
201808 42.641113 299.408953 275.484175 269.188416
201809 41.890815 299.405309 275.452007 269.136033
201810 41.384520 299.557700 275.113121 268.694871
201811 39.986349 299.619198 274.866710 268.451980
201812 40.248662 299.665485 274.959643 268.544632
201901 39.957041 299.615268 274.646028 268.256823
201902 40.215575 299.792358 274.862467 268.452757
201903 40.451543 300.163365 275.200423 268.683127
201904 42.346507 300.461285 275.107234 268.629229
201905 42.665282 300.391437 275.392405 268.980600
201906 42.584838 299.986797 275.516881 269.149224
201907 42.220869 299.608314 275.288660 268.968473
201908 41.223123 299.452008 275.342479 269.018991
201909 40.694086 299.520941 275.318248 268.961839
201910 40.648723 299.693729 275.416476 268.949373
201911 40.375943 299.764425 275.107256 268.652519
201912 40.471911 299.681213 274.907317 268.483280
202001 39.849678 299.708437 274.741290 268.333658
202002 40.190863 299.882015 275.011307 268.612588
202003 40.607735 300.190403 275.137290 268.702466
202004 42.082731 300.577736 275.332894 268.842939
202005 44.079834 300.584908 275.645021 269.253073
202006 42.247300 300.247881 275.538143 269.187278
202007 43.305962 299.893475 275.637258 269.347735
202008 43.120937 299.773027 275.769990 269.479607
202009 42.688882 299.868038 275.652987 269.329538
202010 41.099627 300.035354 275.805987 269.391384
202011 41.702177 300.051210 275.484225 269.108377
202012 40.876031 300.022321 275.397895 268.958271
202101 41.816784 300.004185 275.236041 268.896783
202102 41.546105 300.118298 275.421384 269.085750
202103 42.686378 300.584524 276.306567 269.899082
202104 43.844692 301.039267 276.055610 269.593757
202105 44.957717 300.977114 276.310847 269.939754
202106 45.101732 300.588047 276.502831 270.235205
202107 44.701402 300.168513 276.579728 270.330222
202108 44.151845 300.095129 276.370634 270.115458
202109 44.016829 300.183681 276.244594 269.929901
202110 44.045983 300.358238 276.444768 270.059010
202111 43.205644 300.489766 276.529638 270.110115
202112 43.337876 300.430817 276.113588 269.751342
202201 42.816056 300.464970 276.218547 269.877144
202202 42.677233 300.532579 276.401953 270.065959
202203 43.084090 300.980699 276.101782 269.669438
202204 44.805296 301.382314 276.471301 270.061771
202205 46.509949 301.332692 276.752608 270.454059
202206 45.798597 300.902166 276.873158 270.660692
202207 44.870529 300.445933 276.868912 270.582546
202208 45.179748 300.212369 276.595718 270.412318
202209 44.539996 300.293778 276.716887 270.451967
202210 44.366760 300.578810 276.516650 270.160162
202211 43.142111 300.667261 276.386776 270.022744
202212 42.883740 300.517491 276.375386 269.998043
202301 43.190975 300.399082 276.219019 269.950575
202302 41.830903 300.586509 276.098393 269.740398
202303 42.681354 300.922462 276.290486 269.901321
202304 45.134563 301.248211 276.738738 270.336023
202305 46.124066 301.177632 276.653855 270.365683
202306 44.937291 300.797498 276.761373 270.500807
202307 45.914339 300.373488 276.598542 270.408851
202308 44.838486 300.164190 276.672834 270.434611
202309 44.219469 300.194803 276.497006 270.219902
202310 43.280684 300.427469 276.213366 269.845644
202311 42.044790 300.542207 276.228102 269.801016
202312 42.095759 300.408644 276.066027 269.691590
202401 41.748767 300.323573 275.833398 269.507977
202402 42.488721 300.513513 276.041864 269.599212
202403 43.027685 300.859910 276.431215 270.032890
202404 45.184374 301.266149 276.458181 270.078420
202405 45.885830 301.190972 276.878448 270.573883
202406 45.390170 300.860330 276.708763 270.445504
202407 45.653346 300.443172 276.799440 270.574794
202408 44.823746 300.232482 276.949846 270.734354
202409 44.324832 300.357344 276.726506 270.392788
202410 44.320988 300.567001 276.631221 270.279091
202411 43.780497 300.664769 276.543029 270.140721
202412 43.377518 300.548735 276.742529 270.403691
