time(yyyymm) ts_cwv ts_sst ts_tlt ts_tmt
198001 39.718994 299.605360 274.355078 267.991749
198002 39.844291 299.763617 274.658204 268.188532
198003 39.888351 300.019796 275.240034 268.687888
198004 41.862630 300.349015 275.015103 268.500692
198005 43.035752 300.268032 275.392930 268.958872
198006 42.077828 299.907005 275.392042 269.008155
198007 42.432648 299.574973 275.478953 269.130251
198008 41.655512 299.428141 275.463923 269.125792
198009 41.013706 299.499454 275.176150 268.794049
198010 40.957247 299.648223 275.444365 269.001234
198011 39.784986 299.778328 275.156099 268.690169
198012 40.006642 299.732760 275.005307 268.554032
198101 39.442622 299.692640 275.048438 268.622089
198102 40.586869 299.880103 275.290749 268.846047
198103 41.158550 300.278186 275.514518 269.014525
198104 42.600076 300.702403 275.728432 269.208911
198105 44.622078 300.698860 275.879583 269.448470
198106 42.999469 300.362900 275.814978 269.484869
198107 42.445000 299.991950 275.905465 269.578666
198108 42.739390 299.810585 276.040524 269.711695
198109 42.831581 299.940703 276.154368 269.764278
198110 42.631450 300.252327 276.080564 269.627302
198111 42.048706 300.418382 276.008691 269.564830
198112 42.005920 300.346082 275.789378 269.389542
198201 41.651471 300.326875 275.932703 269.522661
198202 42.199447 300.466951 276.244346 269.823048
198203 43.172087 300.786080 276.194197 269.746918
198204 44.296388 301.105439 276.263791 269.833780
198205 46.109421 301.085072 276.630716 270.291903
198206 45.083213 300.738453 276.737418 270.463079
198207 44.370640 300.353743 276.521727 270.295219
198208 44.523870 300.123698 276.453463 270.176931
198209 44.365340 300.181300 276.422278 270.093829
198210 42.619930 300.365657 276.367935 269.932267
198211 42.939195 300.544064 275.987076 269.580900
198212 42.981120 300.478124 276.181016 269.803094
198301 43.170811 300.486777 276.594620 270.251332
198302 42.893927 300.663052 276.919495 270.548698
198303 43.107331 301.036820 276.935495 270.557830
198304 45.178688 301.302173 276.884483 270.551219
198305 46.326022 301.192882 276.809069 270.520198
198306 45.877210 300.620687 276.657180 270.443529
198307 44.066435 299.966371 276.001302 269.742145
198308 43.586387 299.617510 275.610157 269.300590
198309 42.152867 299.562847 275.555653 269.126022
198310 40.149815 299.693385 275.243780 268.789316
198311 39.836723 299.698190 274.863785 268.416414
198312 38.293100 299.564650 274.531560 268.045201
198401 39.079096 299.430330 274.435117 267.986316
198402 39.043237 299.498346 274.661836 268.222569
198403 39.334858 299.830280 274.845312 268.373083
198404 41.400007 300.077369 274.975656 268.451543
198405 41.302739 299.897367 274.868026 268.431348
198406 41.414494 299.531901 274.851615 268.442583
198407 40.763211 299.108425 274.717296 268.346258
198408 39.324161 298.896017 274.417876 268.065699
198409 39.288702 298.977143 274.584420 268.160251
198410 39.656164 299.044889 274.450073 267.963450
198411 37.988470 299.164549 274.231653 267.696204
198412 37.526046 299.203916 273.971955 267.526556
198501 38.961659 299.211490 274.108297 267.648171
198502 38.876805 299.407818 274.148902 267.697749
198503 38.955084 299.748634 274.371093 267.848752
198504 40.486864 300.131982 274.737116 268.170391
198505 42.167024 300.076034 275.005483 268.509514
198506 41.603547 299.725415 274.823085 268.400772
198507 40.888096 299.345506 274.952394 268.520703
198508 40.508068 299.140436 274.835478 268.414524
198509 39.871736 299.175363 274.843851 268.445711
198510 39.787211 299.327033 274.593205 268.113738
198511 38.912559 299.402402 274.416592 267.906945
198512 39.297587 299.342457 274.380574 267.934406
198601 38.588349 299.317652 274.273738 267.795980
198602 40.030819 299.479772 274.501914 268.095729
198603 40.157996 299.893742 274.936037 268.420429
198604 41.977293 300.268091 275.104762 268.563791
198605 43.042070 300.264381 275.357148 268.880039
198606 43.226550 299.972486 275.558496 269.178501
198607 41.666491 299.548022 275.337027 268.973005
198608 41.273475 299.389304 275.280113 268.935912
198609 40.952772 299.462384 275.233475 268.859507
198610 40.175904 299.675246 275.136801 268.698993
198611 39.926713 299.824653 275.193253 268.709981
198612 40.076890 299.688683 275.007420 268.578494
198701 39.869820 299.683337 274.866637 268.467875
198702 39.789055 299.886040 275.087212 268.600949
198703 40.365784 300.225133 275.122034 268.614838
198704 42.165674 300.536172 275.613905 269.111319
198705 43.313888 300.566860 275.413946 268.939534
198706 42.654342 300.189257 275.430656 269.034846
198707 42.008541 299.829611 275.552790 269.194125
198708 41.990408 299.621425 275.503460 269.168015
198709 41.628169 299.724485 275.856961 269.473445
198710 41.655830 299.922480 275.643672 269.217658
198711 40.886343 300.062828 275.566342 269.133971
198712 40.972826 300.024886 275.422371 269.000244
198801 41.211031 299.967732 275.548383 269.223009
198802 41.263797 300.091414 275.657253 269.293501
198803 41.822481 300.504916 276.050525 269.573249
198804 43.409277 300.863333 276.050601 269.559846
198805 45.569906 300.778817 276.427383 270.033454
198806 44.698155 300.485553 276.332170 270.027775
198807 44.014216 300.126034 276.312673 270.008900
198808 43.937166 299.966315 276.366589 270.087337
198809 43.585604 300.141679 276.267984 269.911698
198810 42.387230 300.372973 276.251538 269.858286
198811 43.284157 300.633408 276.042256 269.667776
198812 42.699329 300.624851 276.578811 270.223490
198901 42.628259 300.719798 276.492677 270.096995
198902 42.888663 300.811845 276.921044 270.571937
198903 44.431782 301.166459 276.900031 270.488426
198904 46.107392 301.462664 277.095442 270.735424
198905 47.035035 301.416263 277.153398 270.878119
198906 45.695579 300.995565 277.070969 270.808111
198907 46.033209 300.508993 277.080337 270.882088
198908 44.594449 300.169038 276.767196 270.509170
198909 44.043157 300.214490 276.662544 270.334495
198910 43.322034 300.433171 276.306958 269.908416
198911 43.255540 300.511956 276.268235 269.895733
198912 42.581222 300.338755 276.161809 269.795711
199001 41.089704 300.253947 275.628711 269.305936
199002 41.771550 300.348104 275.984164 269.560049
199003 42.068340 300.622666 276.014770 269.528714
199004 43.765361 300.913967 275.841049 269.456864
199005 44.298517 300.715180 275.936689 269.630317
199006 43.946658 300.283328 275.769796 269.501964
199007 43.546965 299.738677 275.654534 269.417105
199008 41.701183 299.402587 275.357763 269.043020
199009 41.288084 299.361089 275.181379 268.811734
199010 40.204830 299.493615 275.038590 268.587441
199011 39.878837 299.513971 274.819321 268.364546
199012 39.110171 299.435557 274.463395 267.984149
199101 38.509842 299.373868 274.440629 267.966318
199102 39.620725 299.526141 274.415539 267.955898
199103 40.076835 299.879560 275.243345 268.773559
199104 42.488867 300.192063 275.146113 268.679729
199105 42.243023 300.114192 275.114167 268.670713
199106 42.097466 299.765175 275.197854 268.824800
199107 41.586013 299.368341 275.147787 268.821935
199108 41.080725 299.085706 275.144952 268.793059
199109 40.902385 299.073416 275.156596 268.700308
199110 39.819228 299.162945 274.566023 268.079928
199111 38.730759 299.245359 274.253470 267.723594
199112 37.902133 299.241835 273.879355 267.383368
199201 38.615662 299.232289 274.003102 267.561658
199202 39.153049 299.457698 274.378832 267.872094
199203 39.629965 299.758035 274.661665 268.143500
199204 40.714200 300.104880 274.707597 268.184240
199205 41.548127 300.092588 274.861554 268.374697
199206 41.859350 299.694239 275.151519 268.716699
199207 41.402829 299.312228 275.004494 268.633045
199208 40.898271 299.095545 275.051295 268.663265
199209 40.689138 299.142540 274.878947 268.443042
199210 39.387889 299.245650 274.735171 268.268612
199211 38.891678 299.340334 274.604310 268.054526
199212 38.448503 299.339785 274.422723 267.924053
199301 39.230181 299.272280 274.221350 267.785044
199302 39.601276 299.423924 274.676617 268.257921
199303 39.364338 299.758538 274.913531 268.372083
199304 40.718105 300.130808 274.650343 268.098466
199305 41.393102 300.110329 274.988323 268.532069
199306 41.801605 299.816667 275.104076 268.705307
199307 42.108096 299.445954 275.255628 268.933496
199308 41.000283 299.231283 275.109587 268.793544
199309 41.754089 299.211757 274.944838 268.589872
199310 39.949328 299.394277 274.877021 268.438467
199311 39.155048 299.425731 274.754376 268.291881
199312 38.521595 299.454035 274.589862 268.084646
199401 38.328149 299.410995 274.495228 268.018674
199402 38.343555 299.668112 274.367529 267.838467
199403 39.608999 300.032954 274.892349 268.356660
199404 41.049394 300.364704 275.408235 268.837056
199405 42.378621 300.440491 275.186393 268.680220
199406 43.382247 300.060441 275.764922 269.403442
199407 41.926104 299.708128 275.381123 269.022696
199408 42.313939 299.493334 275.608313 269.273741
199409 41.681390 299.594076 275.664179 269.307307
199410 40.813035 299.733199 275.454717 269.040312
199411 41.143466 299.923166 275.343085 268.891669
199412 41.120692 299.873179 275.267001 268.864403
199501 40.554478 299.843673 275.311817 268.900529
199502 40.869572 300.007445 275.328558 268.956705
199503 41.490613 300.431383 275.821459 269.353681
199504 43.456103 300.816236 275.996160 269.577663
199505 44.799922 300.742047 276.221411 269.890492
199506 43.188302 300.465443 276.062095 269.733250
199507 44.527330 300.071116 276.329487 270.107903
199508 44.136983 299.880092 276.384264 270.114464
199509 43.106521 299.917990 276.326491 269.974725
199510 42.442742 300.223557 276.040910 269.589784
199511 42.436853 300.250577 276.021675 269.659802
199512 41.268051 300.196004 275.835591 269.446787
199601 41.415002 300.121166 275.699169 269.357721
199602 40.844067 300.248003 275.646908 269.273099
199603 41.558704 300.536091 275.630583 269.207643
199604 43.009706 300.797187 275.686139 269.241539
199605 43.594314 300.600222 275.863466 269.514310
199606 44.249813 300.190308 275.762994 269.432437
199607 43.703813 299.744941 275.649076 269.386192
199608 42.294498 299.473069 275.454237 269.160397
199609 41.368346 299.521389 275.269181 268.916522
199610 40.662872 299.654804 275.225357 268.809773
199611 40.059139 299.765205 275.037883 268.597846
199612 39.561878 299.737105 274.795722 268.336910
199701 39.047696 299.687760 274.787485 268.345255
199702 39.809370 299.884385 274.775734 268.316779
199703 41.178820 300.232904 275.517785 269.039244
199704 43.046560 300.526831 275.741569 269.287149
199705 43.238341 300.503895 275.737583 269.302402
199706 43.271517 300.139371 275.604905 269.305328
199707 42.448556 299.739272 275.652342 269.347598
199708 42.652775 299.511980 275.465756 269.169670
199709 41.515392 299.571933 275.332825 268.956249
199710 40.712537 299.719402 275.243366 268.801937
199711 40.575933 299.831618 275.091148 268.624761
199712 39.400454 299.782042 275.042916 268.587851
199801 39.258077 299.738576 274.869638 268.460753
199802 40.497214 299.946206 275.427802 268.968914
199803 42.202439 300.276387 275.750172 269.277648
199804 43.006065 300.701508 276.017426 269.519317
199805 43.474778 300.671939 275.817894 269.375178
199806 44.314041 300.196385 276.236526 269.964908
199807 43.159125 299.709857 275.764012 269.491405
199808 42.625397 299.463680 275.708225 269.405109
199809 41.864758 299.464933 275.623210 269.269546
199810 40.882657 299.659751 275.373329 268.922803
199811 40.028233 299.717008 275.089260 268.663850
199812 40.291377 299.629376 275.026545 268.563550
199901 39.483724 299.525044 274.836598 268.483935
199902 39.500139 299.762765 274.849189 268.384544
199903 40.388466 300.160056 274.831589 268.387412
199904 41.525513 300.410572 275.524875 269.027791
199905 42.670486 300.428243 275.801401 269.357018
199906 43.154711 300.033576 275.813638 269.437652
199907 42.097855 299.678543 275.598766 269.219114
199908 42.319100 299.451513 275.587356 269.257485
199909 41.998158 299.498169 275.636494 269.284571
199910 40.894379 299.702678 275.298294 268.862215
199911 40.562414 299.795605 275.056606 268.585574
199912 39.752937 299.795868 274.909918 268.435357
200001 39.574190 299.749067 274.744258 268.349893
200002 40.041804 299.874985 275.026000 268.584611
200003 41.000482 300.213803 275.348485 268.844302
200004 42.444777 300.627903 275.414686 268.896678
200005 43.239346 300.555522 275.477036 269.087419
200006 43.184058 300.171908 275.736977 269.428137
200007 43.149652 299.823818 275.919538 269.629665
200008 42.489029 299.659493 275.698224 269.426660
200009 41.710683 299.719601 275.644788 269.352710
200010 41.938517 299.915141 275.573927 269.179864
200011 40.862159 300.004071 275.420667 269.001612
200012 40.484040 299.941970 275.281556 268.861529
200101 40.524868 299.906100 275.339255 268.965807
200102 40.478792 300.100069 275.710920 269.276603
200103 41.563226 300.550782 275.696841 269.206432
200104 43.409494 300.905615 276.129607 269.668838
200105 44.991528 300.879523 276.107073 269.734880
200106 45.349109 300.586526 276.403314 270.146918
200107 43.949287 300.237587 276.347841 270.076307
200108 43.802023 300.059632 276.311762 270.027045
200109 44.316712 300.057016 276.485123 270.165815
200110 42.733781 300.341402 276.184110 269.740129
200111 43.552606 300.485427 276.316900 269.881867
200112 42.373454 300.458299 275.965440 269.553643
200201 42.643277 300.429783 275.969164 269.600630
200202 43.023536 300.566861 276.389183 269.996871
200203 43.854232 300.902418 276.480869 270.070412
200204 45.539709 301.177253 276.589574 270.191113
200205 46.781409 301.189088 276.887148 270.553660
200206 45.855651 300.966857 276.848472 270.565491
200207 45.331906 300.656209 276.926259 270.686750
200208 45.579344 300.591035 276.930513 270.663109
200209 44.791425 300.772854 276.886939 270.579128
200210 45.276171 300.979768 276.998709 270.662776
200211 46.253616 301.194624 277.294776 270.974096
200212 45.623027 301.168394 277.328030 271.056295
200301 44.504046 301.115461 277.466011 271.233353
200302 44.211788 301.235013 277.419035 271.185051
200303 45.194618 301.477179 277.604091 271.320843
200304 47.383262 301.585472 277.431986 271.204789
200305 48.152615 301.277875 277.321202 271.097589
200306 45.901627 300.726015 276.748320 270.526936
200307 45.205555 300.133516 276.317162 270.093499
200308 44.175425 299.785852 276.044226 269.801441
200309 42.489134 299.768417 275.794625 269.488446
200310 41.779004 299.844156 275.629219 269.230866
200311 40.710250 299.935050 275.264026 268.791913
200312 40.088261 299.891787 275.075140 268.591949
200401 40.566553 299.788701 274.574406 268.271936
200402 40.102684 299.915957 274.829094 268.480143
200403 41.457531 300.315884 275.301350 268.839874
200404 42.771588 300.454885 275.405195 268.943575
200405 43.416029 300.312187 275.605634 269.170543
200406 42.502836 299.871622 275.282043 268.925845
200407 42.008720 299.428341 275.181340 268.826989
200408 40.755676 299.152009 275.077206 268.691259
200409 40.504786 299.149057 274.707107 268.340973
200410 40.153410 299.265564 274.760786 268.353976
200411 38.824145 299.386178 274.410753 267.914684
200412 38.680720 299.360722 274.263202 267.765677
200501 39.391848 299.381791 274.218906 267.795263
200502 39.336625 299.611400 274.921021 268.448214
200503 40.035544 300.006896 274.665782 268.178910
200504 41.305019 300.377948 274.905919 268.400777
200505 42.261005 300.326852 275.237529 268.751708
200506 41.522343 299.931910 275.243007 268.799019
200507 42.210388 299.603547 275.109028 268.720347
200508 41.672364 299.454692 275.245486 268.888096
200509 41.478865 299.549452 275.195699 268.777036
200510 40.705366 299.669989 275.087940 268.640856
200511 40.188002 299.746617 274.940131 268.477921
200512 39.607470 299.747984 274.743918 268.277657
200601 41.067419 299.628255 274.875854 268.476953
200602 40.218432 299.717797 275.227157 268.813721
200603 40.515206 300.174700 275.401218 268.886926
200604 42.922744 300.605158 275.659848 269.185646
200605 44.776559 300.597228 275.994615 269.614588
200606 42.708221 300.243539 275.909458 269.520829
200607 43.360163 299.889941 275.979902 269.597039
200608 43.304184 299.735183 275.915618 269.588002
200609 43.348095 299.829494 275.797621 269.428477
200610 41.790069 300.075810 275.698825 269.255044
200611 42.166756 300.218299 275.581404 269.137231
200612 41.864114 300.094966 275.713181 269.311434
200701 41.040583 300.032820 275.851478 269.477748
200702 41.063597 300.201677 275.680839 269.305985
200703 41.600181 300.668501 275.933469 269.461155
200704 43.388303 300.951660 276.160991 269.736162
200705 44.826576 300.916178 276.275387 269.876388
200706 45.700427 300.542307 276.513727 270.281812
200707 44.733551 300.121246 276.412369 270.241322
200708 43.242245 299.837419 276.266086 270.055215
200709 42.966293 299.856873 276.060688 269.737500
200710 42.631040 299.977134 276.093069 269.730413
200711 41.833243 300.065587 275.854898 269.454310
200712 41.152321 299.997407 275.734725 269.363327
200801 40.384160 299.954317 275.241698 268.877362
200802 41.045302 300.098795 275.672786 269.266383
200803 41.887177 300.495816 275.853635 269.407598
200804 43.975420 300.836993 275.987653 269.591753
200805 43.498231 300.778530 276.029321 269.645721
200806 44.797295 300.446100 276.262970 269.973009
200807 44.585463 300.017779 276.288842 270.006385
200808 43.503263 299.775723 276.030324 269.726031
200809 42.405695 299.805649 275.867482 269.527777
200810 42.133276 299.960284 275.644331 269.234010
200811 41.397758 300.164635 275.664757 269.171113
200812 41.061186 300.038775 275.325760 268.969685
200901 41.918430 300.001715 275.444757 269.108477
200902 41.092573 300.147057 275.542668 269.131445
200903 42.102307 300.486917 276.083362 269.620822
200904 43.357426 300.798279 276.080468 269.649165
200905 43.965846 300.782015 276.150877 269.762394
200906 44.295949 300.434867 276.395669 270.084548
200907 43.545637 300.013806 276.112552 269.846270
200908 43.870356 299.827445 276.312450 270.013372
200909 43.550348 299.864897 275.950521 269.646691
200910 42.829517 300.027016 275.839494 269.462443
200911 42.383369 300.127623 275.688603 269.284976
200912 41.361844 299.944125 275.768188 269.363856
201001 41.162359 299.944851 275.680394 269.297538
201002 41.546949 300.202459 275.735087 269.317056
201003 42.020448 300.569417 275.882786 269.424911
201004 43.540308 300.985322 276.132012 269.653143
201005 44.483361 300.991340 276.243205 269.874156
201006 44.659070 300.660612 276.238126 269.941551
201007 43.731195 300.323154 276.461333 270.205889
201008 43.734150 300.095729 276.523968 270.268019
201009 44.258874 300.079311 276.392614 270.136072
201010 43.350384 300.230539 276.181736 269.838698
201011 42.219354 300.324616 276.041144 269.618667
201012 41.445260 300.267258 275.804288 269.400926
201101 41.627014 300.149845 275.741782 269.328964
201102 41.809619 300.335195 275.725734 269.319498
201103 43.613140 300.650367 276.352771 269.986449
201104 45.252736 301.032244 276.535403 270.146723
201105 45.541160 301.084398 276.408278 270.079275
201106 44.848071 300.717857 276.566943 270.334074
201107 44.015721 300.260497 276.617409 270.370143
201108 44.147007 300.028737 276.310106 270.041957
201109 43.179480 300.031935 276.348028 270.024586
201110 42.525835 300.279570 276.140067 269.734161
201111 42.501842 300.369636 276.008756 269.613257
201112 41.947233 300.246440 275.809903 269.487425
201201 41.461374 300.218802 275.475167 269.175680
201202 41.579276 300.293234 275.970650 269.669163
201203 43.356286 300.636357 276.197541 269.871760
201204 44.246868 300.973732 276.256263 269.829609
201205 44.584855 300.835992 276.138945 269.816846
201206 44.575662 300.427579 276.069171 269.766715
201207 44.373046 299.952619 275.958112 269.741165
201208 43.918130 299.679027 275.955999 269.682050
201209 42.290951 299.720831 275.669639 269.315769
201210 41.625486 299.871619 275.627158 269.226447
201211 40.695275 299.955810 275.462084 269.020905
201212 40.319980 299.909183 275.296643 268.907605
201301 39.756097 299.864788 274.979626 268.548253
201302 40.698564 299.987698 275.439555 269.027406
201303 41.742894 300.373720 275.730770 269.280909
201304 42.424744 300.734056 275.724727 269.249545
201305 43.507689 300.723036 275.815032 269.404290
201306 43.929299 300.347530 275.944263 269.648391
201307 42.828480 300.018155 275.972186 269.668195
201308 42.534797 299.880523 275.969818 269.659354
201309 43.224436 299.913688 276.014554 269.687449
201310 42.483661 300.066575 276.036457 269.631950
201311 41.776358 300.229510 275.639516 269.254862
201312 41.223184 300.118075 275.558648 269.189507
201401 41.238490 300.082466 275.508352 269.132540
201402 40.852814 300.207584 275.512468 269.139833
201403 42.761774 300.607702 276.081905 269.664004
201404 43.854237 301.046529 276.281202 269.771960
201405 45.433125 301.055463 276.401624 270.033644
201406 44.907036 300.704014 276.621222 270.371719
201407 44.579973 300.318119 276.588989 270.345793
201408 44.695882 300.136625 276.581594 270.314189
201409 44.797774 300.200085 276.641532 270.322617
201410 43.880826 300.514536 276.456774 270.063561
201411 43.799698 300.627787 276.277660 269.948812
201412 42.957813 300.481822 276.248641 269.901656
201501 42.667297 300.430626 275.985847 269.670534
201502 43.178931 300.609827 276.812727 270.468088
201503 44.492332 301.024668 276.703158 270.311884
201504 46.173668 301.308727 276.819106 270.428281
201505 46.364747 301.382375 276.640006 270.234931
201506 45.828808 301.040915 276.924703 270.661162
201507 45.323763 300.592100 276.970067 270.701167
201508 45.201331 300.421965 276.855101 270.573758
201509 44.971921 300.531906 277.016888 270.676452
201510 44.707082 300.861640 276.566245 270.179525
201511 44.974952 301.059198 276.811834 270.420598
201512 44.244764 301.025122 277.072017 270.697069
201601 44.434338 301.035161 276.529202 270.202548
201602 44.650484 301.173621 277.241560 270.945599
201603 45.355951 301.619081 277.388658 271.066551
201604 47.780666 301.902213 277.571937 271.296913
201605 49.079126 301.743092 277.689749 271.494855
201606 46.491611 301.184422 277.476841 271.339598
201607 45.956985 300.598805 277.140591 270.929812
201608 45.055688 300.306040 276.684819 270.434866
201609 44.837756 300.317082 276.518368 270.263435
201610 43.995168 300.376655 276.200706 269.862956
201611 43.138324 300.358902 276.066877 269.746092
201612 41.097614 300.217096 275.862204 269.492396
201701 41.316569 300.114025 275.572930 269.184396
201702 41.498779 300.257471 275.476744 269.065689
201703 42.093102 300.498010 275.714317 269.317416
201704 43.440247 300.824257 275.704423 269.269770
201705 43.104543 300.598002 275.837921 269.496923
201706 42.460951 300.137981 275.587540 269.239713
201707 42.756155 299.740680 275.468243 269.159259
201708 42.857628 299.529634 275.560697 269.268094
201709 42.174116 299.586141 275.375409 269.034016
201710 41.711573 299.712870 275.054619 268.671922
201711 40.081229 299.712033 275.281239 268.829657
201712 39.374030 299.650218 274.705188 268.281032
201801 39.609529 299.587738 274.615181 268.188516
201802 40.459927 299.743199 274.773176 268.411475
201803 41.811409 300.090242 275.250421 268.831271
201804 42.237388 300.453583 275.177430 268.697098
201805 42.965146 300.351957 275.536057 269.146984
201806 43.571554 299.945611 275.435479 269.166253
201807 42.398346 299.575588 275.580118 269.282348
201808 42.341262 299.339918 275.448245 269.116551
201809 41.406603 299.426977 275.347278 268.976764
201810 41.012233 299.615132 275.188267 268.779461
201811 39.496466 299.717175 274.993030 268.591028
201812 39.469524 299.699191 274.848374 268.415807
201901 39.499466 299.684150 274.761815 268.408698
201902 39.487726 299.954705 275.111701 268.632359
201903 40.521414 300.353442 275.240419 268.748028
201904 42.086938 300.668287 275.559383 269.033789
201905 43.835958 300.641560 275.877676 269.460736
201906 43.945806 300.379731 275.842955 269.479424
201907 43.976757 299.995086 275.812077 269.564654
201908 43.059965 299.813807 276.040660 269.757396
201909 42.767313 299.891324 276.006703 269.671759
201910 42.668217 300.093795 275.781480 269.396511
201911 41.808234 300.172024 275.722982 269.320139
201912 41.201872 300.093193 275.649601 269.242157
202001 41.125097 300.053992 275.453068 269.039630
202002 40.945154 300.160383 275.439456 269.032078
202003 41.386009 300.485858 275.887735 269.421683
202004 43.269942 300.808079 275.937549 269.427544
202005 43.970830 300.852757 275.770273 269.349494
202006 44.954914 300.537446 276.427567 270.112411
202007 44.214116 300.290791 276.337077 270.014336
202008 43.903808 300.134962 276.293650 270.017463
202009 44.412111 300.119731 276.497465 270.218287
202010 43.024684 300.328348 276.343643 269.919643
202011 42.797927 300.534569 276.062433 269.658928
202012 42.213949 300.439530 276.308911 269.930607
202101 43.003353 300.513538 276.181125 269.822274
202102 43.296382 300.700327 276.419163 270.031155
202103 44.284308 301.074567 276.881415 270.477857
202104 46.472701 301.450268 276.887069 270.543938
202105 47.158148 301.427937 276.924781 270.672180
202106 47.360232 301.145227 277.473834 271.274352
202107 46.651701 300.767671 277.355344 271.159774
202108 46.335940 300.583062 277.264407 271.061219
202109 45.285803 300.664464 277.201247 270.945796
202110 45.972407 300.910205 277.011540 270.661083
202111 46.578625 301.036275 277.193011 270.861943
202112 45.385708 300.931636 277.371043 271.098279
202201 44.250079 300.898698 276.795225 270.478187
202202 43.920820 301.043514 276.559447 270.222534
202203 45.178063 301.252089 276.916394 270.608787
202204 45.789371 301.531012 276.978778 270.626010
202205 46.881942 301.375445 277.101319 270.836426
202206 46.474150 300.879681 277.019594 270.857767
202207 46.188004 300.327594 276.918957 270.722200
202208 44.209644 300.067335 276.324103 270.143917
202209 44.077529 300.021333 276.124781 269.870286
202210 43.195640 300.112409 275.951099 269.589749
202211 41.676299 300.067169 275.691126 269.327410
202212 40.695100 299.944926 275.238941 268.857978
202301 40.598965 299.879327 274.865923 268.496143
202302 40.281997 300.037883 275.423854 269.000681
202303 41.792872 300.488742 275.556715 269.083540
202304 43.240275 300.807369 276.024883 269.576661
202305 44.101638 300.731157 276.194853 269.797937
202306 44.046131 300.383660 275.883246 269.591376
202307 43.708835 300.029122 276.120715 269.858421
202308 43.989516 299.814004 276.256830 269.977528
202309 43.753026 299.832894 276.055379 269.744479
202310 42.434398 300.010248 275.736896 269.359093
202311 41.730879 300.096510 275.473798 269.039870
202312 40.717844 300.049106 275.385970 268.947282
202401 41.086025 300.013252 275.212062 268.805477
202402 41.851638 300.177324 275.473288 269.071259
202403 42.021758 300.540967 275.815297 269.399584
202404 43.699359 300.900054 276.092888 269.667028
202405 45.504632 300.915144 276.193899 269.826356
202406 44.663138 300.491524 276.536355 270.261510
202407 43.222752 300.158349 276.337668 270.036319
202408 42.970758 300.092060 276.273452 269.983580
202409 42.678478 300.235244 276.248495 269.927586
202410 44.239991 300.443973 276.210414 269.823725
202411 42.426392 300.650700 276.009565 269.592806
202412 42.522074 300.532703 276.003068 269.595309
