time(yyyymm) ts_cwv ts_sst ts_tlt ts_tmt
198001 36.150057 299.276499 276.203129 269.519979
198002 36.527966 299.497707 276.211519 269.487317
198003 38.187295 299.826614 276.828022 270.140377
198004 38.749790 299.963720 276.797342 270.069339
198005 38.864091 299.835441 276.649980 269.888692
198006 38.568056 299.329243 276.482806 269.773965
198007 37.102958 298.815257 276.186983 269.533331
198008 37.112297 298.718949 276.043703 269.339694
198009 36.657927 298.911175 276.445751 269.770065
198010 37.774448 299.148026 276.221644 269.515035
198011 37.054166 299.384531 276.183126 269.424064
198012 37.619079 299.431058 276.273776 269.532788
198101 38.197757 299.362909 276.313784 269.643627
198102 37.888586 299.459976 276.817677 270.224234
198103 38.087613 299.848671 276.730421 270.038317
198104 39.417364 300.277962 277.039082 270.290396
198105 40.513281 300.245581 277.120185 270.399713
198106 40.091297 299.776434 277.066542 270.410487
198107 38.967136 299.332912 276.837397 270.231287
198108 38.614682 299.204864 276.681918 270.048451
198109 39.009764 299.294190 277.032746 270.437460
198110 38.706474 299.636010 276.933615 270.278665
198111 40.335941 299.857369 277.163847 270.509886
198112 39.263547 300.050411 277.170233 270.513255
198201 39.906498 300.000586 277.443760 270.879394
198202 38.539597 300.226531 277.216926 270.617888
198203 40.032696 300.573386 277.586858 270.979751
198204 42.878475 300.831848 278.026269 271.399123
198205 42.693032 300.675482 277.943284 271.313124
198206 41.389981 300.209758 277.706164 271.111215
198207 40.536836 299.708620 277.438041 270.877105
198208 40.264760 299.304883 277.422253 270.941518
198209 39.052691 299.330696 277.022625 270.423309
198210 38.777064 299.586568 276.901801 270.233424
198211 39.040065 299.804491 276.846027 270.127734
198212 39.025245 299.827216 277.037183 270.376101
198301 37.734691 299.693140 276.686752 270.076994
198302 38.610482 299.814052 276.901993 270.252891
198303 39.195086 300.167667 277.281370 270.613414
198304 39.756488 300.402021 277.420170 270.736562
198305 40.617174 300.277593 277.236857 270.528590
198306 39.736431 299.700884 277.118584 270.465039
198307 39.702136 299.248388 276.751269 270.114436
198308 39.059346 299.002457 276.826465 270.237479
198309 38.683236 299.029304 276.720387 270.094286
198310 38.064909 299.250858 276.813587 270.164614
198311 37.067537 299.503133 276.543265 269.834030
198312 37.132422 299.458139 276.403832 269.686883
198401 37.506147 299.333044 276.406180 269.739149
198402 36.262545 299.510096 276.217324 269.527758
198403 37.598646 299.896837 276.564745 269.835355
198404 39.960389 300.224833 277.037138 270.287253
198405 40.334735 300.009344 277.092895 270.396119
198406 38.901425 299.538553 276.552981 269.848318
198407 38.512276 299.077232 276.665491 270.054502
198408 37.450562 298.860335 276.549050 269.951260
198409 38.576879 298.993566 276.665523 270.034953
198410 38.601869 299.153806 276.666814 270.036359
198411 37.973225 299.355991 276.472120 269.772956
198412 38.088605 299.365203 276.566968 269.910770
198501 37.577652 299.322623 276.438352 269.776845
198502 37.292000 299.499144 276.533053 269.872642
198503 37.714477 299.781753 276.822399 270.159826
198504 38.451388 300.038941 276.746611 270.013148
198505 39.075603 300.040567 276.756366 269.993525
198506 39.574922 299.576232 276.736820 270.048345
198507 39.060777 299.053412 276.469863 269.835121
198508 37.954365 298.790442 276.495090 269.896042
198509 37.147925 298.912834 276.336011 269.673483
198510 38.554925 299.192572 276.480954 269.806400
198511 37.796475 299.417712 276.378772 269.654090
198512 37.689030 299.353161 276.421255 269.717796
198601 37.102130 299.337755 276.197687 269.527289
198602 36.973708 299.622064 276.433378 269.784494
198603 38.474009 299.977106 276.832199 270.123204
198604 40.279692 300.254898 277.157000 270.455771
198605 40.232106 300.139836 277.111084 270.401243
198606 39.869646 299.551406 276.938046 270.280367
198607 38.476176 299.009352 276.484396 269.840609
198608 37.959697 298.708949 276.342064 269.725716
198609 37.677074 298.801488 276.325230 269.659353
198610 37.514140 299.024722 276.349636 269.657196
198611 37.563246 299.248032 276.249716 269.541368
198612 37.722801 299.320854 276.356463 269.656508
198701 37.447506 299.362544 276.331360 269.657294
198702 38.036464 299.458496 276.752230 270.167523
198703 37.976197 299.886400 277.023617 270.363313
198704 39.120513 300.298992 277.044352 270.312071
198705 40.242173 300.277325 277.138033 270.438471
198706 40.789903 299.908144 277.092594 270.422888
198707 40.113158 299.387545 277.150745 270.589408
198708 38.292972 299.158646 276.964043 270.399744
198709 38.842936 299.239705 276.975535 270.373141
198710 39.268425 299.476680 277.130947 270.518865
198711 39.049801 299.692161 276.859589 270.188945
198712 38.664922 299.682025 276.778896 270.138410
198801 38.126159 299.667073 276.743783 270.116384
198802 37.844142 299.756363 276.890779 270.268503
198803 39.824835 300.109577 277.308718 270.649054
198804 40.216844 300.338240 277.324928 270.654169
198805 40.576487 300.203026 277.158556 270.451555
198806 39.940881 299.750125 276.980893 270.324640
198807 38.246451 299.254247 276.656913 270.026776
198808 38.519450 298.995153 276.662600 270.074394
198809 39.002599 298.965581 276.746587 270.160765
198810 37.625376 299.211146 276.610156 269.940688
198811 37.590694 299.373547 276.510361 269.806985
198812 37.639309 299.328446 276.545495 269.897183
198901 37.289468 299.322922 276.221344 269.570147
198902 37.245084 299.533402 276.666700 270.022538
198903 37.468030 299.941145 276.725594 270.013858
198904 39.497012 300.314330 277.079584 270.335881
198905 40.852123 300.230138 277.166317 270.453237
198906 40.221790 299.803920 277.041420 270.387427
198907 39.356635 299.359114 276.956627 270.353578
198908 38.668899 299.155671 276.914420 270.342354
198909 39.676856 299.233621 277.029295 270.428211
198910 39.046979 299.499615 276.980401 270.379939
198911 38.891497 299.713893 276.749003 270.085705
198912 38.830206 299.804028 277.012840 270.365990
199001 38.452679 299.729788 277.043477 270.465765
199002 38.984005 299.825713 276.997593 270.404997
199003 39.753727 300.213784 277.264643 270.615337
199004 40.840140 300.470484 277.468422 270.787911
199005 40.962778 300.289340 277.496728 270.831546
199006 40.696505 299.811883 277.316313 270.668528
199007 39.345788 299.286703 276.825946 270.211006
199008 39.192622 299.080463 276.768662 270.151158
199009 38.548089 299.177323 276.920424 270.323018
199010 37.754953 299.385771 276.786446 270.132063
199011 38.858884 299.573255 276.817884 270.137818
199012 38.598961 299.592262 276.815659 270.157354
199101 38.338752 299.580934 276.700344 270.083304
199102 37.868477 299.708021 276.819154 270.189202
199103 39.423447 300.071077 277.145123 270.484712
199104 40.762286 300.285631 277.287518 270.611371
199105 40.875816 300.270385 277.402501 270.707207
199106 39.859386 299.884140 277.118128 270.464798
199107 39.200002 299.372885 276.972294 270.346781
199108 38.807542 299.110963 276.898090 270.303740
199109 39.009151 299.062332 276.918344 270.315220
199110 38.174947 299.232891 276.624901 269.961781
199111 38.206973 299.400814 276.450904 269.727481
199112 38.242786 299.428141 276.507869 269.790600
199201 37.874634 299.337241 276.606690 269.942621
199202 37.510108 299.494296 276.677973 270.063445
199203 37.523162 299.907080 276.613222 269.875698
199204 38.470825 300.286441 276.755575 269.977713
199205 39.929345 300.197855 277.114977 270.394132
199206 40.120258 299.674017 277.053390 270.393894
199207 38.632942 299.210137 276.598742 269.929419
199208 38.782109 299.006606 276.519140 269.879898
199209 39.441781 299.001356 276.741460 270.128089
199210 38.103110 299.256529 276.619858 269.972433
199211 38.477151 299.492011 276.670520 269.971646
199212 38.239841 299.485747 276.608921 269.943274
199301 37.342092 299.471717 276.448029 269.772482
199302 38.172673 299.554237 276.739823 270.093143
199303 38.571847 299.915841 276.847864 270.174084
199304 39.416384 300.236294 276.749674 269.984257
199305 40.379330 300.213494 277.132618 270.416634
199306 39.796927 299.701165 277.133225 270.526577
199307 39.225928 299.201333 276.632846 270.001832
199308 38.574327 298.931358 276.794907 270.212030
199309 38.518517 298.974419 276.623492 269.995629
199310 38.042982 299.259019 276.558861 269.888466
199311 37.693456 299.389741 276.545867 269.851459
199312 38.377606 299.388808 276.515037 269.840955
199401 37.039220 299.393913 276.510740 269.851969
199402 37.450007 299.496587 276.687759 270.053354
199403 37.939701 299.767684 276.852127 270.195335
199404 38.754832 300.007151 276.925242 270.208242
199405 39.888012 299.918930 276.858620 270.134432
199406 39.083537 299.485234 276.684979 269.998987
199407 39.038312 298.978536 276.463771 269.833276
199408 37.691056 298.736996 276.373019 269.756233
199409 37.420416 298.751819 276.408204 269.772482
199410 37.633414 299.065032 276.326516 269.636325
199411 38.126989 299.293218 276.489320 269.782866
199412 38.016260 299.289450 276.407101 269.736677
199501 36.731527 299.302888 276.353557 269.707235
199502 36.645504 299.552601 276.519796 269.873850
199503 37.854198 299.902638 276.799361 270.120819
199504 39.401283 300.262017 276.780432 270.027907
199505 41.247707 300.193671 277.334380 270.664818
199506 40.750453 299.811424 276.979292 270.321475
199507 39.932534 299.396704 276.907482 270.294313
199508 39.158212 299.193518 277.043213 270.492142
199509 39.881205 299.379607 277.006036 270.400427
199510 39.979534 299.608400 277.166971 270.566838
199511 39.052486 299.781264 277.082085 270.448660
199512 39.000155 299.880561 277.025298 270.389883
199601 38.352285 299.802734 277.029622 270.435051
199602 38.298059 299.934738 277.037323 270.442457
199603 39.529764 300.300113 277.358994 270.731419
199604 40.548575 300.717451 277.482467 270.798135
199605 42.638718 300.618216 277.761803 271.118471
199606 42.149602 300.168508 277.700268 271.121165
199607 40.343445 299.732146 277.480105 270.931345
199608 41.151274 299.500607 277.657994 271.178009
199609 40.234045 299.562789 277.344013 270.791913
199610 40.390988 299.802310 277.380132 270.783131
199611 40.193536 299.987194 277.257422 270.627669
199612 40.062519 300.061951 277.306182 270.681912
199701 39.853415 300.123987 277.566732 270.999001
199702 39.811390 300.280487 277.883849 271.389022
199703 41.190125 300.751017 277.863772 271.294216
199704 42.396009 301.195251 278.114071 271.494528
199705 43.424525 301.130367 278.506989 271.932206
199706 43.047345 300.618992 278.471507 271.962732
199707 41.742402 300.121732 277.988078 271.483526
199708 42.398785 299.870210 278.059962 271.584664
199709 41.295872 299.882609 277.953239 271.450232
199710 41.363958 300.164981 277.716946 271.121744
199711 41.606206 300.282405 277.798240 271.228516
199712 40.309136 300.289129 277.702830 271.129299
199801 39.601261 300.137466 277.463334 270.905312
199802 39.577425 300.214853 277.694899 271.184680
199803 39.930624 300.536921 277.648529 271.067859
199804 41.486053 300.790843 277.934428 271.312667
199805 41.791628 300.541672 277.977751 271.398402
199806 41.264379 300.104538 277.603789 271.011750
199807 40.862649 299.517898 277.358397 270.810440
199808 39.059532 299.220325 277.240686 270.725807
199809 39.082873 299.276116 277.061354 270.465096
199810 39.205557 299.588300 277.204212 270.579964
199811 39.226526 299.755323 277.074849 270.424700
199812 39.117552 299.598493 277.007122 270.411287
199901 38.036828 299.519070 276.756801 270.137687
199902 37.907930 299.595919 276.933711 270.353010
199903 38.843457 300.038062 276.935122 270.263621
199904 39.943713 300.446012 277.118100 270.378529
199905 41.290300 300.388582 277.549993 270.885607
199906 40.880976 299.886858 277.141063 270.504306
199907 39.338241 299.416743 276.979704 270.387354
199908 38.534176 299.256227 277.021870 270.432584
199909 39.984036 299.283439 277.103880 270.528362
199910 39.349617 299.644526 277.046940 270.426373
199911 39.434648 299.804163 277.124150 270.479516
199912 39.092628 299.770628 277.198095 270.600980
200001 38.660367 299.687118 276.868106 270.301893
200002 38.703704 299.869747 277.126448 270.545841
200003 39.718808 300.292668 277.434920 270.777316
200004 41.204207 300.524802 277.682669 271.042009
200005 41.353377 300.432657 277.613827 270.966308
200006 41.213944 300.036853 277.478515 270.875632
200007 40.751033 299.594814 277.379886 270.798237
200008 39.735774 299.309582 277.429033 270.897357
200009 39.886134 299.404886 277.246975 270.662673
200010 39.406843 299.661639 277.181748 270.575494
200011 39.134656 299.840084 277.056437 270.386443
200012 39.949762 299.821088 277.144374 270.510671
200101 41.346052 299.740531 277.179228 270.635488
200102 39.530450 300.150503 277.232046 270.643153
200103 40.835125 300.534952 277.743442 271.131795
200104 41.472469 300.806538 277.890350 271.244697
200105 42.843704 300.682088 277.965928 271.339862
200106 42.113190 300.157387 277.660274 271.079007
200107 41.246182 299.624805 277.430091 270.874038
200108 41.017612 299.457118 277.384258 270.839360
200109 39.926031 299.548821 277.454582 270.890371
200110 40.758598 299.813177 277.351512 270.743715
200111 39.431943 299.966846 277.274669 270.641333
200112 40.162853 299.920847 277.381741 270.797203
200201 38.534739 299.898018 277.207835 270.635364
200202 38.882727 300.084172 277.067724 270.439669
200203 39.924050 300.324010 277.525319 270.892918
200204 40.605353 300.507874 277.439533 270.768513
200205 41.282936 300.300175 277.367026 270.678746
200206 39.029681 299.796244 277.067871 270.393134
200207 39.843613 299.355505 276.826875 270.189320
200208 39.646560 299.146108 276.870071 270.282211
200209 38.420933 299.290010 276.943941 270.325397
200210 39.276480 299.504030 277.028730 270.416712
200211 38.831467 299.707732 276.982415 270.322223
200212 38.899727 299.632087 277.012960 270.389942
200301 38.658911 299.515011 276.777109 270.191415
200302 39.204985 299.709277 276.965149 270.378939
200303 39.113336 300.197680 277.048469 270.370530
200304 40.279906 300.457272 277.499201 270.813538
200305 41.422511 300.403395 277.468010 270.794061
200306 40.540518 299.973400 277.382058 270.767114
200307 40.273204 299.475096 277.179511 270.591251
200308 39.428418 299.222302 277.246689 270.711972
200309 39.052188 299.320645 277.167731 270.593333
200310 39.843894 299.660331 277.075941 270.434369
200311 40.527592 299.869349 277.237257 270.583390
200312 39.515871 299.838478 277.297565 270.712597
200401 39.010152 299.740489 277.039346 270.488641
200402 38.522931 299.906551 277.045468 270.428087
200403 39.327781 300.166812 277.469205 270.857096
200404 40.123240 300.456822 277.491816 270.825231
200405 41.147039 300.413326 277.569695 270.909723
200406 40.565524 299.925816 277.295573 270.671615
200407 39.725302 299.426174 277.156897 270.583821
200408 39.450412 299.167054 277.115253 270.575254
200409 38.721086 299.171111 276.948494 270.349521
200410 38.874534 299.383655 276.854331 270.216512
200411 37.864186 299.527607 276.793746 270.109417
200412 38.240282 299.586595 276.762874 270.081298
200501 37.659453 299.509771 276.658734 270.033925
200502 37.814758 299.629727 276.753584 270.133335
200503 38.828016 300.115887 277.113232 270.435612
200504 39.780823 300.442981 277.327760 270.637328
200505 40.643348 300.359913 277.400501 270.692376
200506 39.961101 299.973606 277.252097 270.615628
200507 39.724807 299.494861 277.148682 270.547259
200508 39.834786 299.315875 277.154446 270.598194
200509 39.961112 299.301445 277.230171 270.671137
200510 39.393238 299.621322 277.136276 270.505946
200511 39.341478 299.865589 277.119895 270.467548
200512 38.491398 299.885710 277.176337 270.533350
200601 38.808060 299.888196 277.039761 270.452642
200602 39.411826 300.038111 277.367634 270.805060
200603 39.456699 300.383068 277.626000 271.024913
200604 41.603902 300.705065 277.776300 271.131468
200605 41.940133 300.585718 277.799227 271.151883
200606 41.128372 300.143122 277.525619 270.925388
200607 41.518461 299.713273 277.541325 270.995460
200608 39.910473 299.459486 277.603427 271.114613
200609 40.845441 299.597466 277.476633 270.914135
200610 40.056859 299.747609 277.398780 270.813296
200611 39.748130 299.965618 277.233797 270.600895
200612 39.509028 299.970446 277.173666 270.563197
200701 38.537596 299.939243 277.073021 270.464311
200702 39.491803 300.100817 277.311637 270.718146
200703 40.512481 300.401943 277.644404 271.037367
200704 41.473330 300.660696 277.685676 271.016607
200705 40.863331 300.554269 277.652212 270.986465
200706 40.604278 300.042330 277.451779 270.824715
200707 40.382115 299.563497 277.116570 270.542050
200708 40.216662 299.318753 277.135787 270.578462
200709 40.213788 299.437712 277.248355 270.662793
200710 40.017835 299.668275 277.326348 270.737321
200711 39.708148 299.914898 277.211317 270.565892
200712 39.512880 299.901747 277.119872 270.500437
200801 38.838594 299.836383 277.146880 270.565261
200802 39.039032 299.933774 277.387978 270.857283
200803 39.219984 300.345919 277.342638 270.703193
200804 40.847277 300.539085 277.529336 270.850475
200805 41.454600 300.476700 277.630369 270.967491
200806 40.315228 299.919887 277.424241 270.830656
200807 39.928508 299.416307 277.034356 270.436359
200808 39.968562 299.250947 277.049781 270.482803
200809 39.761944 299.342230 277.260311 270.685899
200810 38.913684 299.609779 277.044657 270.410243
200811 39.467149 299.951034 277.118146 270.457212
200812 39.448179 300.042427 277.287508 270.669391
200901 39.338170 300.026602 277.334328 270.748173
200902 39.397149 300.204566 277.231745 270.606716
200903 41.050068 300.496545 277.841304 271.310348
200904 42.403457 300.804617 278.132318 271.560746
200905 42.499348 300.800658 278.024759 271.414225
200906 42.064404 300.266132 277.866278 271.308742
200907 40.539201 299.801458 277.584910 271.041490
200908 41.084215 299.541341 277.595032 271.097709
200909 39.920420 299.680912 277.466782 270.917100
200910 40.830172 299.857798 277.552588 270.970990
200911 40.175682 300.051005 277.529316 270.921741
200912 39.379355 300.131590 277.258705 270.611885
201001 40.352372 300.006935 277.703070 271.186821
201002 39.325606 300.170152 277.352809 270.793153
201003 40.070746 300.571559 277.663775 271.033967
201004 41.311216 300.946731 277.930166 271.282951
201005 43.070499 300.824022 278.202265 271.605866
201006 42.392267 300.263398 277.917707 271.379148
201007 41.041354 299.757813 277.691654 271.177303
201008 40.816940 299.485385 277.536466 271.011898
201009 40.646450 299.566577 277.709674 271.176606
201010 40.006105 299.815177 277.410066 270.814677
201011 40.125471 300.015625 277.445258 270.825260
201012 39.532120 300.042608 277.359722 270.737196
201101 39.103750 299.961892 277.409367 270.871367
201102 39.100855 300.042061 277.372113 270.835821
201103 40.329345 300.417620 277.621094 270.986500
201104 41.399713 300.657902 277.825120 271.180747
201105 42.014355 300.600603 277.882565 271.261225
201106 41.130507 300.200728 277.617503 271.030676
201107 41.289867 299.748105 277.526883 270.968173
201108 40.734338 299.483051 277.536385 271.033331
201109 40.732662 299.637198 277.658126 271.105337
201110 40.456277 299.876445 277.627455 271.070317
201111 40.277631 300.136615 277.516727 270.904173
201112 40.305991 300.127997 277.594958 271.018195
201201 39.966829 300.070861 277.527362 270.984073
201202 39.492192 300.195023 277.648562 271.101125
201203 40.440740 300.503602 277.911534 271.343110
201204 41.525135 300.792243 277.876953 271.260703
201205 41.573020 300.690779 277.790850 271.142444
201206 40.653679 300.113901 277.640443 271.062426
201207 40.190193 299.622196 277.377855 270.827461
201208 39.673063 299.450513 277.406131 270.865252
201209 39.641564 299.536426 277.542292 271.001044
201210 39.939097 299.903813 277.309548 270.694513
201211 40.672343 300.143736 277.535665 270.913169
201212 40.698462 300.127698 277.634073 271.071019
201301 40.496842 300.145008 277.688369 271.163756
201302 40.107106 300.346747 277.778602 271.229396
201303 41.713966 300.607190 278.204594 271.666951
201304 41.924084 300.856838 278.062684 271.504566
201305 43.230346 300.858495 277.979288 271.365924
201306 42.230154 300.459568 277.888475 271.303514
201307 41.344016 300.016476 277.938625 271.425106
201308 40.379625 299.722649 277.922426 271.448461
201309 40.624740 299.877656 277.967384 271.463671
201310 40.573563 300.228704 277.810279 271.253706
201311 41.064115 300.429215 277.998473 271.421185
201312 41.153820 300.484807 278.078059 271.540647
201401 41.357202 300.481430 278.003825 271.484339
201402 41.936394 300.636493 278.297559 271.780088
201403 42.003344 300.856785 278.368863 271.848878
201404 43.222696 301.045800 278.526637 271.977945
201405 43.452993 300.856129 278.363815 271.788512
201406 42.892632 300.241995 278.055203 271.522608
201407 40.563430 299.731916 277.568141 271.022633
201408 40.801305 299.521988 277.544225 271.027391
201409 40.971709 299.668244 277.684406 271.129472
201410 40.056282 299.887563 277.609460 271.046035
201411 39.591005 300.078393 277.501500 270.882601
201412 39.541251 300.108692 277.376833 270.760073
201501 39.056046 300.061582 277.345988 270.787971
201502 39.211190 300.193324 277.478943 270.883207
201503 40.374148 300.437379 277.654002 271.048978
201504 41.265521 300.786876 277.707035 271.034313
201505 41.687972 300.730648 277.673496 270.995651
201506 41.467050 300.266428 277.671450 271.077653
201507 41.725843 299.779219 277.481591 270.927980
201508 40.838313 299.572883 277.517801 271.001405
201509 41.036904 299.602801 277.579100 271.050137
201510 40.850023 299.856078 277.495829 270.927518
201511 39.937067 300.131136 277.379467 270.748295
201512 40.657208 300.199238 277.564791 270.974578
201601 39.479024 300.043076 277.522345 271.006478
201602 39.315664 300.286117 277.381169 270.791886
201603 40.386858 300.637539 277.934309 271.352681
201604 41.804818 300.915242 277.903256 271.262708
201605 42.835741 300.875965 278.088531 271.478540
201606 42.238851 300.442457 278.001982 271.448669
201607 41.454179 299.956153 277.735242 271.192520
201608 41.026306 299.765185 277.739557 271.223080
201609 41.805161 299.793536 277.878919 271.365573
201610 40.543114 300.034811 277.695686 271.132264
201611 40.716709 300.320208 277.687263 271.072949
201612 41.192159 300.309464 277.744544 271.187033
201701 39.835297 300.299868 277.577539 271.026428
201702 40.088418 300.382195 277.872485 271.336872
201703 40.778145 300.598512 277.889463 271.336811
201704 42.323358 300.842588 278.103433 271.499375
201705 42.254725 300.776418 277.906189 271.266558
201706 42.295938 300.336378 277.710022 271.106804
201707 41.349059 299.799516 277.631621 271.103033
201708 40.203452 299.545319 277.594822 271.100978
201709 40.583292 299.725390 277.544773 270.983032
201710 40.706508 300.014533 277.790673 271.222255
201711 41.487207 300.082426 277.726650 271.168779
201712 40.626237 300.077513 277.607117 271.042272
201801 39.527249 300.001520 277.370622 270.825853
201802 39.526312 300.166312 277.423618 270.864944
201803 40.104002 300.458613 277.749447 271.146447
201804 41.662453 300.750531 277.656341 270.974434
201805 41.998989 300.674148 277.882362 271.240016
201806 41.368928 300.184768 277.631672 271.025246
201807 41.667148 299.667192 277.451511 270.905317
201808 40.288383 299.415776 277.285970 270.748329
201809 40.590067 299.465315 277.433942 270.885816
201810 39.535694 299.759846 277.389965 270.796894
201811 40.384676 299.989020 277.366368 270.741984
201812 40.064500 299.985909 277.394552 270.792971
201901 39.434360 299.919801 277.326656 270.786451
201902 39.435637 300.013254 277.269285 270.671534
201903 39.937649 300.288932 277.476981 270.893547
201904 40.737884 300.667198 277.689384 271.043523
201905 41.056695 300.485829 277.543713 270.882467
201906 40.429999 300.025483 277.276711 270.653999
201907 39.763159 299.604059 277.171973 270.574639
201908 40.378085 299.412931 277.409789 270.898758
201909 40.430021 299.559112 277.546336 270.991925
201910 40.036506 299.896641 277.506822 270.923970
201911 41.430672 300.092925 277.550712 270.930735
201912 41.142463 300.114000 277.650242 271.072785
202001 40.538123 300.050335 277.622118 271.081724
202002 39.419426 300.213449 277.617029 271.043743
202003 40.837987 300.482477 277.933136 271.366824
202004 42.217665 300.812132 278.044284 271.418059
202005 42.494132 300.705890 278.071647 271.461621
202006 42.379773 300.105180 277.782257 271.239413
202007 41.204470 299.558661 277.411885 270.861741
202008 40.365450 299.285526 277.497618 271.000955
202009 39.744276 299.227362 277.260282 270.702625
202010 39.315633 299.481660 277.098984 270.470598
202011 38.551730 299.641124 276.868591 270.194921
202012 38.948580 299.576767 276.931456 270.306407
202101 37.770558 299.517762 276.722002 270.105069
202102 37.952567 299.559250 277.072098 270.484928
202103 38.444546 299.853199 277.128423 270.506019
202104 39.353983 300.144137 277.128948 270.415168
202105 39.520532 300.041303 276.975226 270.257068
202106 40.095896 299.588333 276.881897 270.212695
202107 39.465328 299.160908 276.665034 270.044064
202108 38.526266 299.004623 276.799637 270.196154
202109 39.159488 299.170491 276.919533 270.294669
202110 39.335278 299.395326 276.940154 270.312492
202111 39.282714 299.622141 276.899212 270.236118
202112 38.425007 299.655418 276.724098 270.072479
202201 37.979576 299.611946 276.788320 270.189953
202202 37.395861 299.766756 276.883310 270.256125
202203 39.891802 300.173119 277.266830 270.645292
202204 40.705869 300.660164 277.549605 270.873549
202205 42.265309 300.619758 277.735969 271.093686
202206 41.422035 300.165446 277.616860 271.023931
202207 41.633935 299.767467 277.499739 270.938893
202208 41.517065 299.543673 277.658122 271.178760
202209 42.030454 299.631881 277.789406 271.285252
202210 40.896714 299.932267 277.716481 271.185003
202211 40.819985 300.172470 277.600101 271.003173
202212 40.514265 300.163699 277.545922 270.960839
202301 40.278983 300.184512 277.633468 271.094793
202302 41.129714 300.312730 277.885974 271.407916
202303 41.970369 300.763327 278.219758 271.655040
202304 42.814817 301.129448 278.553557 271.988397
202305 44.139432 301.014133 278.652444 272.118433
202306 43.139762 300.574388 278.304761 271.789840
202307 42.239901 300.019680 278.292113 271.855108
202308 41.754775 299.698518 278.180490 271.753081
202309 41.823526 299.730233 278.014558 271.539906
202310 41.557258 299.997736 277.872833 271.345282
202311 41.139441 300.228833 277.724287 271.129741
202312 41.395206 300.235186 277.856258 271.301442
202401 42.028817 300.090249 277.886108 271.401773
202402 40.898827 300.252221 277.865068 271.345087
202403 41.303366 300.664058 278.018649 271.433404
202404 42.222040 301.002397 278.345683 271.748834
202405 43.573448 300.840100 278.371902 271.791983
202406 41.734762 300.303624 277.997008 271.451326
202407 41.555367 299.777612 277.632714 271.070851
202408 40.504471 299.397498 277.577196 271.080802
202409 40.505165 299.413411 277.463691 270.921190
202410 39.118243 299.701444 277.367281 270.773004
202411 39.008509 299.848578 277.197376 270.532963
202412 39.511098 299.881942 277.248997 270.614157
