time(yyyymm) ts_cwv ts_sst ts_tlt ts_tmt
198001 40.087465 300.322088 277.483340 270.853815
198002 40.887885 300.472782 277.630038 271.019744
198003 41.456140 300.886644 278.057642 271.441408
198004 43.188968 301.172207 278.271280 271.621921
198005 44.427949 300.950074 278.421898 271.820824
198006 41.775648 300.413803 277.952154 271.344288
198007 41.373658 299.844241 277.713987 271.148921
198008 40.690230 299.670788 277.393243 270.786354
198009 40.945674 299.711381 277.803112 271.254821
198010 40.756385 300.029720 277.559775 270.932854
198011 41.654458 300.324911 277.574455 270.912297
198012 41.205257 300.404897 277.602798 270.969593
198101 40.965856 300.326115 277.779110 271.206195
198102 40.881601 300.560061 277.932870 271.348601
198103 41.792603 300.918031 278.074519 271.475715
198104 43.880174 301.356715 278.324320 271.690919
198105 45.317351 301.286255 278.665404 272.088546
198106 44.110700 300.606189 278.702052 272.218541
198107 41.593127 299.938132 277.898347 271.380711
198108 41.277656 299.578263 277.731367 271.209162
198109 40.900413 299.773617 277.564390 270.980934
198110 41.602919 300.025329 277.709524 271.109654
198111 40.124625 300.275525 277.512628 270.859475
198112 40.462544 300.217689 277.327292 270.651731
198201 40.511116 300.183970 277.355768 270.729074
198202 40.884998 300.303259 277.711059 271.116186
198203 40.508663 300.745919 277.647555 270.983007
198204 42.206476 301.016435 278.001931 271.320045
198205 42.572778 300.940419 277.992881 271.327012
198206 42.432431 300.363014 277.976675 271.397413
198207 40.468695 299.728178 277.522117 270.940272
198208 40.355937 299.449594 277.363173 270.762694
198209 40.007673 299.587253 277.239260 270.600061
198210 40.643986 299.940231 277.379339 270.721178
198211 40.271321 300.107716 277.304616 270.620989
198212 40.810551 300.134183 277.231785 270.542389
198301 40.378698 300.063675 277.234914 270.555674
198302 39.974647 300.175390 277.478497 270.857077
198303 41.267200 300.490719 277.758645 271.152761
198304 42.809352 300.894531 277.955875 271.290181
198305 43.428606 300.830467 277.984315 271.305928
198306 41.113977 300.250198 277.710971 271.080993
198307 40.703373 299.682315 277.219876 270.586860
198308 39.998533 299.399096 277.263699 270.665098
198309 40.379193 299.454811 277.283240 270.682582
198310 40.450325 299.824655 277.191641 270.518378
198311 40.477413 300.107655 277.349813 270.667759
198312 40.451386 300.137963 277.305946 270.650331
198401 40.193573 300.075133 277.309359 270.733479
198402 39.503234 300.258776 277.444570 270.851309
198403 40.675101 300.666029 277.690883 271.034560
198404 42.239635 300.984768 277.824041 271.125936
198405 43.534148 300.862191 278.206696 271.560718
198406 41.936667 300.274658 277.918006 271.334168
198407 41.687130 299.804380 277.544314 270.952808
198408 40.670957 299.561206 277.563493 270.992119
198409 40.565035 299.603244 277.654593 271.109657
198410 39.994094 299.969904 277.199525 270.518568
198411 41.479694 300.234499 277.340535 270.647000
198412 41.983540 300.279978 277.482052 270.837701
198501 41.121814 300.241492 277.559194 271.003174
198502 40.578915 300.499411 277.654658 271.029506
198503 41.729336 300.834015 278.064537 271.438730
198504 43.354023 301.114996 278.356801 271.717098
198505 44.047899 301.037159 278.259767 271.628751
198506 42.371808 300.516646 278.091148 271.483367
198507 41.101742 299.924597 277.716589 271.118013
198508 41.076883 299.715210 277.595607 271.008239
198509 40.726628 299.880668 277.715090 271.133167
198510 41.102126 300.163370 277.659517 271.032015
198511 41.622160 300.396520 277.812675 271.188250
198512 41.003985 300.499519 277.765923 271.142529
198601 41.013638 300.532427 277.734089 271.135644
198602 42.353216 300.631157 277.969003 271.396886
198603 42.795680 300.968570 278.441554 271.873532
198604 43.293377 301.244274 278.366182 271.743080
198605 44.411945 301.146036 278.475974 271.870781
198606 42.962633 300.612575 278.035801 271.443054
198607 41.734271 299.989298 278.016171 271.473803
198608 41.322714 299.701557 277.694435 271.152170
198609 41.421996 299.819437 277.837536 271.280793
198610 41.622025 300.122444 277.641967 271.023212
198611 41.907078 300.398398 277.740887 271.103815
198612 41.516837 300.508547 277.723243 271.089992
198701 41.613761 300.502150 277.984377 271.442623
198702 41.095397 300.762480 278.213494 271.669115
198703 43.783463 301.124860 278.492767 271.923205
198704 43.918745 301.423995 278.869841 272.312803
198705 45.353082 301.352589 278.817768 272.258015
198706 44.495485 300.848305 278.578010 272.037833
198707 42.877521 300.194001 278.298648 271.794083
198708 42.189245 299.911141 278.117628 271.607481
198709 41.995575 299.994002 278.023437 271.475151
198710 41.281943 300.326948 277.749564 271.121478
198711 41.618194 300.545672 277.778841 271.109352
198712 41.487129 300.550268 277.810014 271.181112
198801 41.123001 300.568936 277.785726 271.182419
198802 41.390822 300.677743 278.206395 271.672020
198803 42.731744 301.172488 278.346290 271.735857
198804 44.567777 301.608624 278.471340 271.828066
198805 45.386063 301.455026 278.790340 272.217015
198806 44.600267 300.921534 278.781452 272.282638
198807 43.531976 300.385416 278.454215 271.947011
198808 42.869325 300.106400 278.402633 271.914899
198809 42.825816 300.111245 278.319015 271.819342
198810 42.039079 300.449039 277.983138 271.392957
198811 42.826278 300.780358 278.127743 271.519056
198812 42.424881 300.875083 278.075611 271.452893
198901 42.501472 300.890552 278.313955 271.792471
198902 43.005513 300.868780 278.750065 272.309654
198903 43.812962 301.184126 278.580570 272.041340
198904 44.596744 301.556516 278.847536 272.266754
198905 45.528653 301.442184 278.875549 272.315944
198906 43.519401 300.823918 278.644807 272.125228
198907 43.990724 300.129522 278.198091 271.679492
198908 41.643488 299.879553 277.972741 271.438558
198909 41.326195 299.997949 277.890962 271.322341
198910 42.155689 300.297843 277.963778 271.378352
198911 41.882433 300.485701 277.901325 271.283461
198912 42.053731 300.556031 277.799966 271.168163
199001 41.222625 300.570472 277.862793 271.270678
199002 41.915650 300.664142 278.094922 271.544426
199003 42.534592 301.086886 278.432173 271.837677
199004 43.782294 301.327111 278.445628 271.825197
199005 44.007407 301.226188 278.448490 271.818292
199006 43.304213 300.628813 278.332178 271.769328
199007 41.977938 299.982997 277.865779 271.299941
199008 40.735241 299.686905 277.780711 271.246975
199009 41.565193 299.818907 277.802855 271.218057
199010 41.179771 300.147229 277.690405 271.061550
199011 41.757451 300.460726 277.632765 270.946044
199012 42.039008 300.510316 277.795652 271.181301
199101 41.298360 300.613388 277.901911 271.344418
199102 41.803395 300.766759 278.112105 271.558593
199103 42.481678 301.172354 278.429635 271.843822
199104 44.484393 301.465521 278.641614 272.031749
199105 44.994590 301.360291 278.811250 272.242919
199106 44.199343 300.855301 278.454140 271.907270
199107 43.189362 300.302179 278.137066 271.598097
199108 41.747629 299.953323 278.089485 271.563934
199109 42.154584 300.048086 278.047546 271.483820
199110 42.506002 300.321450 277.858993 271.234528
199111 41.879343 300.580317 277.733728 271.052357
199112 41.863168 300.498702 277.767282 271.141960
199201 41.494688 300.505868 277.692873 271.068078
199202 41.766805 300.603300 278.226580 271.686775
199203 42.360306 300.862203 278.308537 271.723104
199204 43.861952 301.080366 278.412701 271.802862
199205 44.704684 301.001601 278.273338 271.637232
199206 43.905972 300.544519 278.092092 271.491818
199207 42.422666 300.056212 277.829694 271.241077
199208 40.570785 299.765698 277.923255 271.394375
199209 40.532924 299.892286 277.849786 271.276335
199210 42.245993 300.300674 277.755558 271.113515
199211 42.268781 300.540842 277.869688 271.243639
199212 41.531407 300.617536 277.742970 271.105467
199301 41.646746 300.654398 277.848723 271.268467
199302 41.395827 300.672377 278.144081 271.612697
199303 43.100881 301.063262 278.308099 271.682263
199304 43.422126 301.345474 278.448691 271.821013
199305 45.031792 301.182357 278.542935 271.935919
199306 43.585546 300.658432 278.383169 271.826001
199307 42.159272 300.103372 278.103916 271.580751
199308 41.366493 299.806891 277.852291 271.320531
199309 41.365416 299.869867 277.853363 271.310093
199310 41.621177 300.218355 277.831535 271.245448
199311 42.261956 300.524970 277.725310 271.073073
199312 42.476208 300.695781 277.914951 271.288468
199401 41.853484 300.765372 278.075987 271.527218
199402 42.563431 300.816625 278.457921 271.995718
199403 43.173102 301.323764 278.648922 272.113086
199404 45.052145 301.612129 279.057528 272.512248
199405 45.906059 301.456905 279.013778 272.479244
199406 44.646255 300.867321 278.896469 272.418931
199407 43.224156 300.235992 278.461600 272.002448
199408 41.402815 299.919303 278.062028 271.567250
199409 42.320065 300.039639 278.046866 271.519552
199410 42.247142 300.387402 277.961339 271.375825
199411 42.796168 300.554736 278.046463 271.448967
199412 41.918558 300.673351 277.865563 271.236047
199501 42.301938 300.585590 278.075863 271.530243
199502 41.908512 300.612514 278.300630 271.801690
199503 42.549020 300.984969 278.217811 271.619959
199504 44.159271 301.232784 278.430172 271.797960
199505 44.171615 301.154747 278.424320 271.812435
199506 42.886291 300.586436 278.251934 271.680241
199507 41.866763 299.949912 277.778570 271.212480
199508 40.808917 299.636111 277.627510 271.052019
199509 40.823962 299.831785 277.643133 271.036080
199510 40.483682 300.084474 277.593102 270.978453
199511 40.334417 300.297465 277.447443 270.762571
199512 41.214582 300.354171 277.515195 270.872017
199601 40.991275 300.389598 277.755215 271.191336
199602 39.989836 300.571660 277.674608 271.072230
199603 41.545340 300.951315 277.995299 271.359386
199604 43.187925 301.184481 278.365507 271.739351
199605 43.691549 301.089355 278.383133 271.763196
199606 43.192004 300.504791 278.245520 271.691622
199607 41.895722 300.000364 277.808634 271.256147
199608 41.657364 299.734093 277.778496 271.248871
199609 40.160862 299.828895 277.846284 271.302356
199610 41.441351 300.276965 277.779694 271.157712
199611 42.252358 300.546425 277.859850 271.222671
199612 41.693226 300.566208 277.937822 271.339891
199701 40.804658 300.531011 277.675394 271.119372
199702 41.277904 300.728646 277.966582 271.410644
199703 42.653013 301.031276 278.425508 271.885935
199704 43.822375 301.402475 278.455948 271.816373
199705 45.038509 301.308754 278.661118 272.047419
199706 43.250273 300.832086 278.535841 271.983061
199707 42.894972 300.241509 278.141512 271.613991
199708 42.388986 299.947307 278.179917 271.675098
199709 41.292887 300.029277 278.034694 271.487902
199710 42.018267 300.402736 278.021240 271.433708
199711 42.166809 300.642656 278.017695 271.393082
199712 42.040017 300.654742 277.963560 271.369764
199801 41.284974 300.633588 278.019252 271.457986
199802 41.789390 300.606055 278.290496 271.784559
199803 42.240549 300.938872 278.442912 271.884575
199804 43.436756 301.267604 278.397366 271.778141
199805 44.340695 301.171916 278.580053 271.995341
199806 42.764566 300.560640 278.453914 271.905099
199807 41.554122 300.014393 277.875272 271.332598
199808 42.215333 299.785234 277.951386 271.431729
199809 41.983711 299.901601 277.937156 271.386303
199810 41.141594 300.246053 277.642169 271.008443
199811 41.977732 300.546668 277.863515 271.217091
199812 41.132464 300.594020 277.773339 271.148044
199901 41.202206 300.618727 277.780989 271.192208
199902 42.369152 300.708962 278.193632 271.665565
199903 42.580882 301.028611 278.405194 271.837236
199904 43.794692 301.320083 278.425854 271.796981
199905 44.602892 301.196219 278.531196 271.928552
199906 43.792778 300.714645 278.443187 271.885661
199907 42.458253 300.111085 278.092493 271.579755
199908 42.143924 299.803043 277.933602 271.422970
199909 40.947451 299.938129 277.974578 271.429877
199910 42.605034 300.209778 277.780791 271.179641
199911 42.097108 300.415456 277.804205 271.188093
199912 42.172873 300.402569 277.801044 271.210391
200001 40.913557 300.376160 277.681690 271.108413
200002 41.944571 300.511792 278.036182 271.472707
200003 41.540102 300.912523 278.216464 271.619460
200004 43.485010 301.191803 278.318189 271.666815
200005 44.037224 301.194309 278.411576 271.769966
200006 42.997346 300.656802 278.298164 271.731710
200007 42.166178 300.069828 277.974792 271.424256
200008 42.253089 299.741170 277.838829 271.320162
200009 41.856249 299.802407 277.689483 271.119482
200010 41.427361 300.191810 277.739365 271.120560
200011 41.618135 300.412655 277.741599 271.105730
200012 41.727984 300.458745 277.715962 271.079086
200101 41.983669 300.496409 277.778925 271.200208
200102 41.801241 300.653884 278.156353 271.629148
200103 42.577208 301.041002 278.336643 271.749105
200104 44.293772 301.371582 278.569326 271.948186
200105 44.868111 301.336518 278.658999 272.061453
200106 43.562174 300.799144 278.553796 272.003497
200107 42.799273 300.294066 278.279326 271.748591
200108 41.749301 300.121269 278.210432 271.696301
200109 42.083671 300.313213 278.287628 271.758308
200110 42.509005 300.660326 278.319285 271.727306
200111 44.033553 300.837012 278.397133 271.824859
200112 43.847129 300.945207 278.567168 272.029908
200201 42.822654 300.962952 278.474559 271.979986
200202 43.303004 301.135766 278.827634 272.337616
200203 44.772278 301.395233 279.132843 272.641236
200204 45.469480 301.735730 279.238891 272.701758
200205 45.314655 301.625410 279.205895 272.683352
200206 45.661270 301.107246 279.160641 272.695214
200207 44.350849 300.567658 278.596130 272.105113
200208 43.267184 300.317118 278.548997 272.078763
200209 43.871082 300.339043 278.520025 272.023816
200210 42.650336 300.661809 278.297095 271.728894
200211 43.516976 300.916038 278.387206 271.783381
200212 42.873494 300.954975 278.444840 271.883182
200301 42.091861 300.917987 278.279627 271.727135
200302 43.702111 301.031635 278.439578 271.890048
200303 43.763076 301.251223 278.978273 272.495060
200304 45.158937 301.566933 278.852033 272.269417
200305 45.139361 301.455942 278.708314 272.113286
200306 43.965800 300.845753 278.740387 272.234988
200307 42.419860 300.087125 278.181918 271.691323
200308 41.624153 299.783547 277.971589 271.456402
200309 41.513767 299.929273 277.975897 271.427369
200310 42.167086 300.291383 278.006586 271.416590
200311 42.564230 300.592688 278.031408 271.418349
200312 42.742927 300.676200 278.031642 271.434548
200401 42.669468 300.587651 278.184101 271.677808
200402 42.083374 300.776523 278.256912 271.732485
200403 42.698791 301.129238 278.564262 271.985855
200404 45.067211 301.469645 278.674229 272.070674
200405 45.974907 301.479513 278.774321 272.181092
200406 44.299647 300.931638 278.714308 272.195675
200407 43.002698 300.341686 278.342082 271.835802
200408 43.221117 300.109207 278.240478 271.733520
200409 43.418411 300.216699 278.338883 271.824813
200410 42.049980 300.494583 278.387913 271.832853
200411 42.945907 300.809053 278.331321 271.741289
200412 44.152098 300.809993 278.355266 271.785705
200501 43.462235 300.811895 278.435676 271.924550
200502 42.870198 300.928626 278.614469 272.128217
200503 43.965025 301.333968 278.789249 272.244411
200504 44.596702 301.572967 278.944429 272.394126
200505 45.402335 301.476338 278.928471 272.354461
200506 44.730032 300.937662 278.899133 272.409601
200507 43.069861 300.309923 278.504212 272.024197
200508 42.016215 300.085809 278.357671 271.858209
200509 42.265348 300.236855 278.382625 271.864526
200510 41.799179 300.574917 278.090378 271.494794
200511 43.358973 300.888854 278.311448 271.717755
200512 42.275473 300.959080 278.193721 271.605488
200601 41.968020 300.874429 278.326867 271.797239
200602 43.070494 301.023621 278.505663 271.987696
200603 43.931476 301.447324 278.899656 272.357032
200604 45.459424 301.827205 279.154569 272.603556
200605 46.749941 301.818925 279.245928 272.688582
200606 45.177847 301.240845 279.367369 272.933221
200607 44.562042 300.462205 278.786722 272.359639
200608 43.260691 300.192460 278.541436 272.085190
200609 43.413521 300.182092 278.417594 271.920194
200610 43.005390 300.523898 278.352341 271.783312
200611 43.619948 300.827765 278.227420 271.623930
200612 43.958332 300.881313 278.453331 271.894903
200701 42.151514 300.888192 278.304131 271.811065
200702 43.091887 301.063857 278.416646 271.870374
200703 44.367211 301.343072 278.868819 272.352775
200704 45.851079 301.640002 279.045203 272.489147
200705 45.366774 301.615733 279.048613 272.479559
200706 45.171649 301.011228 278.840256 272.341632
200707 43.362452 300.493379 278.343788 271.820272
200708 43.554884 300.206877 278.487415 272.025360
200709 42.584380 300.271826 278.435202 271.942065
200710 42.860938 300.660707 278.267209 271.695950
200711 44.078291 300.946876 278.397921 271.831790
200712 43.123365 301.027111 278.612638 272.080430
200801 42.373314 301.016704 278.499904 271.990613
200802 42.764845 301.155440 278.809442 272.344234
200803 43.880177 301.548435 278.941780 272.407100
200804 46.044592 301.877681 279.449969 272.914464
200805 46.795960 301.794155 279.508287 273.030563
200806 46.610497 301.177952 279.382566 272.963776
200807 44.716784 300.528513 278.712537 272.253290
200808 43.553543 300.261955 278.441498 271.949595
200809 42.727434 300.427451 278.511843 271.997186
200810 43.717713 300.684241 278.522087 271.992865
200811 44.506479 300.922771 278.511839 271.961767
200812 43.573844 300.947364 278.545125 272.023248
200901 42.480320 300.849806 278.425547 271.947921
200902 43.111927 300.972661 278.615239 272.107885
200903 43.574619 301.252433 278.856232 272.340833
200904 46.018049 301.430653 279.026402 272.480506
200905 44.423602 301.296891 278.727017 272.141725
200906 43.888981 300.678830 278.328409 271.768003
200907 41.980520 300.180135 277.898599 271.314734
200908 40.857783 299.984650 277.917555 271.373667
200909 42.256987 300.106801 278.140930 271.614470
200910 42.689654 300.428332 278.114321 271.533050
200911 42.922151 300.684708 278.002113 271.398046
200912 42.951815 300.686503 278.093412 271.519430
201001 42.420691 300.661843 278.295007 271.795015
201002 41.913198 300.836881 278.384644 271.889171
201003 43.443308 301.223637 278.567088 271.993471
201004 45.150535 301.505027 278.815867 272.228569
201005 45.780905 301.429525 278.788000 272.205518
201006 44.478070 300.789782 278.673735 272.157359
201007 42.426265 300.269591 278.091206 271.548096
201008 42.835528 300.018285 278.206329 271.717845
201009 42.476644 300.109949 278.269252 271.758143
201010 42.761954 300.452477 278.139285 271.568774
201011 43.415764 300.673323 278.127156 271.533162
201012 42.739645 300.746795 278.115487 271.521684
201101 42.587309 300.688530 278.267485 271.736834
201102 41.760784 300.820374 278.329403 271.806195
201103 42.993576 301.209543 278.529971 271.967111
201104 45.132202 301.550028 278.908552 272.316258
201105 45.181344 301.411657 278.930652 272.369903
201106 44.359961 300.864356 278.862641 272.366864
201107 42.800011 300.220169 278.445305 271.960941
201108 41.014046 299.989065 278.182953 271.678551
201109 42.394957 300.092776 278.179648 271.669813
201110 42.688098 300.446618 278.176556 271.608902
201111 43.913399 300.742605 278.332949 271.747493
201112 42.195496 300.784675 278.118724 271.534523
201201 42.569627 300.729534 278.087845 271.535658
201202 42.193100 300.800684 278.479891 271.980326
201203 43.933259 301.267694 278.567083 272.003737
201204 45.862341 301.596052 278.933617 272.354424
201205 45.136084 301.411794 279.055592 272.526815
201206 44.101421 300.819440 278.679171 272.177731
201207 43.531528 300.215658 278.292099 271.801383
201208 42.162100 300.024060 278.192247 271.701962
201209 42.402281 300.174192 278.224946 271.703053
201210 42.874749 300.520562 278.273695 271.714494
201211 43.667740 300.769202 278.289839 271.700873
201212 42.878467 300.812028 278.155726 271.573740
201301 43.045978 300.807160 278.207259 271.667870
201302 43.071390 300.910380 278.473123 271.962036
201303 43.632480 301.171627 278.801173 272.280528
201304 44.276455 301.473503 278.823376 272.243839
201305 45.424428 301.337734 278.909569 272.362850
201306 44.129667 300.761427 278.644828 272.143558
201307 44.063327 300.190736 278.448914 271.988266
201308 41.059832 299.971269 278.145723 271.635704
201309 41.778759 300.187924 278.131622 271.586966
201310 42.756385 300.518585 278.123476 271.533887
201311 42.914736 300.755853 278.197549 271.573969
201312 42.830777 300.858783 278.104634 271.495294
201401 42.348448 300.780329 278.509347 272.002007
201402 42.355401 300.934039 278.395206 271.884707
201403 43.290142 301.405389 278.774400 272.203272
201404 45.693343 301.781024 279.090817 272.524706
201405 47.041158 301.737335 279.544716 273.063647
201406 45.613167 301.179548 279.214512 272.762277
201407 43.856713 300.543058 278.859702 272.424310
201408 43.547494 300.318968 278.538376 272.074635
201409 43.543112 300.425534 278.574262 272.098463
201410 43.909300 300.804231 278.525185 271.980481
201411 43.731613 301.061888 278.786474 272.255853
201412 43.912871 301.108284 278.633551 272.092867
201501 43.706314 301.073872 278.694212 272.208097
201502 43.396626 301.274820 278.925890 272.473911
201503 44.491403 301.756435 279.216787 272.681861
201504 46.229250 302.090490 279.562964 273.049727
201505 47.623493 301.999355 279.748217 273.278335
201506 45.570351 301.498846 279.721485 273.292960
201507 44.654383 300.821887 279.201548 272.782134
201508 44.233603 300.516775 278.983110 272.545185
201509 44.125531 300.537918 279.017607 272.580430
201510 44.279182 300.894656 278.680470 272.162771
201511 44.694997 301.145252 278.665806 272.100410
201512 43.849676 301.212335 278.776649 272.231774
201601 44.594390 301.090641 278.899394 272.417611
201602 43.190623 301.179655 278.888426 272.433197
201603 44.059634 301.579279 279.175328 272.679585
201604 45.615494 302.014680 279.113487 272.526306
201605 47.360963 301.873429 279.556373 273.058285
201606 45.106721 301.257619 279.374956 272.942416
201607 44.405356 300.690307 278.953725 272.512298
201608 44.058998 300.380940 278.782781 272.343270
201609 43.670675 300.467339 278.780617 272.297240
201610 43.424638 300.812545 278.443976 271.883307
201611 44.397278 301.029367 278.629306 272.065137
201612 44.472426 301.046598 278.665757 272.118071
201701 43.193223 300.938365 278.655600 272.187592
201702 42.081007 301.030115 278.613844 272.125695
201703 44.086149 301.349310 278.865371 272.341195
201704 45.535833 301.645893 279.032144 272.464527
201705 45.358442 301.492359 279.104991 272.576790
201706 44.502775 300.960511 278.931001 272.449705
201707 43.794170 300.323751 278.492309 272.029636
201708 42.223991 300.044761 278.194279 271.692133
201709 42.446157 300.255475 278.157446 271.623178
201710 42.899736 300.595480 278.371994 271.827703
201711 42.179000 300.770418 278.219389 271.627718
201712 42.634510 300.756541 278.187959 271.621044
201801 42.800099 300.719446 278.306385 271.792892
201802 42.497042 300.836824 278.324256 271.821880
201803 42.491093 301.236810 278.527843 271.933728
201804 44.929068 301.533811 278.828171 272.244859
201805 44.952944 301.478436 278.917326 272.351414
201806 44.330870 300.882933 278.747203 272.240354
201807 42.749379 300.294302 278.291551 271.765873
201808 41.929606 300.070777 278.163335 271.625007
201809 42.793234 300.235287 278.159029 271.603539
201810 43.607965 300.497324 278.398370 271.855769
201811 42.583834 300.787936 278.369408 271.787235
201812 42.886162 300.654370 278.190972 271.630217
201901 42.917149 300.605164 278.091369 271.540737
201902 42.078076 300.751126 278.470092 271.971767
201903 42.691366 301.149349 278.368507 271.781462
201904 45.560092 301.466238 278.675431 272.066289
201905 45.522076 301.388602 278.787501 272.202856
201906 43.741767 300.775005 278.518909 271.986149
201907 43.160858 300.151609 278.198177 271.664946
201908 40.845344 299.918832 277.858263 271.306334
201909 41.635089 299.998670 277.989007 271.422897
201910 41.926855 300.252914 277.871672 271.282034
201911 42.539979 300.516206 277.971601 271.347576
201912 41.758643 300.474767 277.918127 271.315048
202001 41.993447 300.409711 277.976163 271.428673
202002 41.008781 300.584148 278.006858 271.453393
202003 41.446397 301.093386 278.165793 271.562209
202004 43.740704 301.426118 278.609008 271.988280
202005 44.489574 301.381089 278.728281 272.127777
202006 44.248445 300.848735 278.490732 271.924720
202007 43.263442 300.269376 278.173913 271.641282
202008 42.627382 300.088226 278.143959 271.624993
202009 42.527875 300.214484 278.298810 271.762510
202010 43.755952 300.507108 278.389716 271.840964
202011 43.161246 300.767457 278.580708 272.041216
202012 43.147479 300.859500 278.322170 271.752185
202101 42.488959 300.890543 278.428964 271.905443
202102 43.759194 301.012924 278.687500 272.177125
202103 44.958966 301.397717 279.066043 272.567313
202104 46.458435 301.771806 279.282785 272.769737
202105 46.359219 301.641646 279.275090 272.762216
202106 45.647953 301.106965 279.121370 272.656691
202107 43.517004 300.579237 278.850115 272.408295
202108 43.707003 300.309345 278.776021 272.335568
202109 42.960512 300.339591 278.600503 272.117657
202110 44.228626 300.697490 278.523727 271.981399
202111 43.998035 301.099340 278.586673 272.018115
202112 44.002287 301.038847 278.690112 272.166045
202201 42.755479 301.074542 278.502899 271.979112
202202 43.858083 301.142223 278.750418 272.234557
202203 43.957371 301.546671 279.022073 272.510357
202204 46.256736 301.906700 279.375613 272.839554
202205 47.107686 301.789105 279.557957 273.051799
202206 45.428839 301.084702 279.268312 272.837851
202207 44.229621 300.447852 278.759721 272.316232
202208 41.952181 300.130761 278.458107 271.982194
202209 43.529163 300.223503 278.324864 271.816697
202210 43.235638 300.468836 278.506234 271.992552
202211 42.449536 300.652338 278.292984 271.722245
202212 42.215740 300.687516 278.262492 271.687588
202301 41.910191 300.776986 278.168690 271.610137
202302 41.802508 300.945756 278.476439 271.945202
202303 43.442757 301.362463 278.776654 272.200033
202304 45.600425 301.738066 279.027515 272.448095
202305 46.409269 301.728197 279.287277 272.760362
202306 44.697516 301.190064 279.178057 272.696440
202307 44.237151 300.588514 278.716102 272.254299
202308 43.888307 300.345236 278.644573 272.192859
202309 42.677194 300.354719 278.855396 272.406448
202310 43.525489 300.629172 278.508404 271.984797
202311 43.489421 300.953342 278.394687 271.797187
202312 44.393499 300.980603 278.649698 272.123944
202401 42.884114 300.943474 278.483108 271.992790
202402 43.632601 301.035740 278.788689 272.318650
202403 44.763532 301.392510 279.134731 272.620310
202404 46.053698 301.767823 279.170570 272.623919
202405 46.070065 301.680097 279.285883 272.754672
202406 44.998566 301.116128 279.146477 272.683475
202407 44.270079 300.539084 278.883148 272.453013
202408 42.639619 300.248356 278.689612 272.248851
202409 43.498549 300.393126 278.698163 272.222978
202410 44.151766 300.776390 278.573502 272.007696
202411 44.359040 301.017996 278.744806 272.198981
202412 43.470590 301.169212 278.525431 271.956971
