time(yyyymm) ts_cwv ts_sst ts_tlt ts_tmt
198001 37.812355 299.519691 276.609154 269.965136
198002 37.679898 299.660885 276.770215 270.153036
198003 39.170811 300.031490 277.030892 270.372837
198004 40.045806 300.340572 277.194970 270.477802
198005 40.079289 300.270576 277.071797 270.335890
198006 40.520806 299.735335 277.093753 270.449799
198007 39.479323 299.274386 276.860730 270.253891
198008 38.593409 299.092060 276.669712 270.070952
198009 38.668512 299.194551 276.937321 270.334864
198010 38.389523 299.460595 276.773762 270.119103
198011 38.715694 299.727539 276.774065 270.067019
198012 38.781713 299.677635 276.810127 270.152120
198101 37.514683 299.598802 276.746228 270.109034
198102 38.573252 299.811608 276.825226 270.194064
198103 39.612208 300.146530 277.294035 270.658914
198104 40.475953 300.507957 277.469160 270.807155
198105 41.482324 300.422810 277.400369 270.718949
198106 41.215735 299.942225 277.499872 270.916080
198107 39.829332 299.435457 277.120825 270.524888
198108 39.729488 299.266173 277.173046 270.600849
198109 39.649354 299.300498 277.106309 270.535535
198110 38.386877 299.468942 276.942494 270.313096
198111 38.345567 299.641039 276.858409 270.171596
198112 38.583911 299.652846 276.663138 269.973585
198201 37.662445 299.546780 276.748372 270.132260
198202 37.516031 299.746782 276.733445 270.104158
198203 39.129506 300.164835 277.174703 270.499763
198204 40.651117 300.486699 277.312095 270.603444
198205 41.278567 300.339194 277.517986 270.837836
198206 39.600898 299.814144 277.078670 270.415161
198207 39.471283 299.278081 276.888468 270.282491
198208 38.677712 299.071720 276.780327 270.168372
198209 38.241836 299.128429 276.869235 270.260425
198210 38.560643 299.290389 276.687768 270.040013
198211 38.793536 299.463861 276.754755 270.070878
198212 38.519121 299.451914 276.736720 270.085791
198301 36.995613 299.408994 276.447089 269.777710
198302 37.624182 299.547036 276.600712 269.954916
198303 38.232175 299.942624 276.852955 270.145063
198304 40.489906 300.158991 277.236416 270.535278
198305 39.942440 300.074725 277.148277 270.453798
198306 38.661202 299.628963 276.577488 269.869123
198307 38.684095 299.204583 276.627194 269.967870
198308 38.442812 298.978596 276.718147 270.117970
198309 37.635109 299.027097 276.574706 269.929626
198310 37.830954 299.286564 276.499634 269.810626
198311 38.156143 299.511652 276.519079 269.819977
198312 37.678578 299.538423 276.457116 269.756161
198401 37.842700 299.548057 276.607859 269.950788
198402 37.688716 299.758199 276.824355 270.167635
198403 38.268850 300.066917 277.014523 270.353775
198404 39.513494 300.376445 277.239673 270.538676
198405 40.547654 300.247408 277.136385 270.412054
198406 40.098172 299.775975 277.107332 270.464004
198407 39.417164 299.302227 276.894477 270.280940
198408 37.976985 299.156146 276.862077 270.268556
198409 37.748221 299.272924 277.004817 270.414341
198410 39.022429 299.533872 276.905210 270.259343
198411 39.817808 299.733521 277.032111 270.365522
198412 39.479239 299.826539 276.864978 270.199811
198501 38.789460 299.830455 276.976730 270.345746
198502 38.944864 299.945976 277.182961 270.598086
198503 39.762636 300.349045 277.292928 270.657855
198504 41.441646 300.669012 277.746940 271.087720
198505 42.801069 300.499144 277.846632 271.234625
198506 40.783443 300.167454 277.410605 270.786957
198507 41.124268 299.693022 277.399814 270.852930
198508 39.829469 299.585010 277.279671 270.710552
198509 40.592526 299.702418 277.428243 270.846310
198510 40.646489 299.947517 277.570836 270.996208
198511 40.228876 300.057947 277.565826 270.971653
198512 39.622798 300.074306 277.397242 270.805356
198601 39.631541 300.033445 277.381048 270.816564
198602 40.133221 300.152289 277.503410 270.909232
198603 41.493828 300.368427 277.759874 271.213124
198604 41.686672 300.596337 277.660893 271.024325
198605 40.880292 300.359933 277.494091 270.813763
198606 40.458235 299.922945 277.089857 270.420425
198607 39.733812 299.483462 276.982834 270.372419
198608 39.082815 299.168770 277.046138 270.494640
198609 39.040142 299.258519 277.048664 270.444032
198610 39.299644 299.498744 276.960972 270.319861
198611 38.679617 299.603686 276.798770 270.112824
198612 37.371055 299.517243 276.669951 270.016510
198701 37.409871 299.446787 276.626651 270.015316
198702 37.033146 299.522640 276.751832 270.113526
198703 37.935808 299.753847 276.830448 270.146948
198704 38.558176 300.086183 276.734949 269.997797
198705 40.136230 299.950165 276.815164 270.078671
198706 38.057003 299.408999 276.578835 269.870933
198707 37.928203 298.993190 276.178064 269.484493
198708 37.532423 298.891276 276.471612 269.817422
198709 38.357474 298.947957 276.628245 270.003357
198710 37.802409 299.213229 276.360014 269.665053
198711 37.497229 299.417426 276.333184 269.600798
198712 37.593119 299.386315 276.274653 269.558174
198801 36.370057 299.286622 276.246607 269.603367
198802 36.931114 299.521475 276.280859 269.605074
198803 38.593453 299.880155 276.914309 270.206163
198804 39.603266 300.145965 277.045094 270.331187
198805 40.444244 300.107942 277.025683 270.289975
198806 39.574931 299.676483 276.873914 270.192154
198807 39.115007 299.255695 276.542880 269.887616
198808 40.477670 299.131007 276.937708 270.374369
198809 39.431699 299.302003 277.163505 270.591890
198810 38.764781 299.577497 277.122026 270.505270
198811 39.306284 299.797660 276.931973 270.266480
198812 39.173060 299.825778 277.069728 270.450854
198901 38.277556 299.705397 276.988429 270.415190
198902 38.794087 299.840696 277.093236 270.478541
198903 39.431077 300.163485 277.406432 270.776967
198904 40.846846 300.489562 277.490175 270.834674
198905 41.568091 300.385755 277.367270 270.669662
198906 40.669431 300.019948 277.273393 270.623793
198907 40.323827 299.502424 277.339394 270.792131
198908 39.798680 299.371812 277.106116 270.513882
198909 40.096922 299.444724 277.303726 270.734941
198910 39.615548 299.716378 277.169215 270.534757
198911 39.250373 299.921030 277.204117 270.561398
198912 39.778637 299.921784 277.308878 270.722413
199001 38.815406 299.958124 277.176458 270.596285
199002 38.515578 300.147048 277.227163 270.631412
199003 40.501423 300.448363 277.685990 271.080387
199004 41.411880 300.696731 277.829116 271.190368
199005 41.584269 300.633312 277.656387 270.989197
199006 41.509464 300.094921 277.576813 270.986035
199007 40.923472 299.535718 277.343407 270.793707
199008 39.551177 299.203965 277.242959 270.712232
199009 39.125002 299.322253 277.204723 270.609821
199010 38.606943 299.541802 276.996816 270.365007
199011 38.660123 299.717081 276.996267 270.328249
199012 39.535094 299.697913 277.055736 270.422525
199101 38.575160 299.615983 276.840435 270.238690
199102 37.356344 299.819493 276.750247 270.098656
199103 39.292821 300.157102 277.181345 270.496759
199104 40.210972 300.350732 277.472309 270.809051
199105 39.883383 300.260568 277.090830 270.390503
199106 40.040783 299.811288 277.056764 270.407912
199107 39.780973 299.369570 276.715747 270.081954
199108 39.265393 299.091642 276.875983 270.287830
199109 39.075624 299.133095 276.923786 270.303170
199110 38.577984 299.295124 276.704855 270.041107
199111 38.117931 299.490319 276.513358 269.767757
199112 38.089874 299.419517 276.524506 269.823148
199201 36.377826 299.339558 276.091812 269.416361
199202 37.478187 299.442975 276.505819 269.841478
199203 38.067606 299.801298 276.636973 269.920251
199204 39.024032 300.042489 276.814769 270.062046
199205 39.759056 299.974407 276.884853 270.125629
199206 39.867366 299.554370 276.768926 270.066246
199207 39.232074 299.111729 276.595586 269.947959
199208 38.080629 298.913737 276.509548 269.871017
199209 38.478814 298.975825 276.572228 269.920881
199210 38.134134 299.271623 276.627451 269.941620
199211 38.319882 299.401390 276.653948 269.973092
199212 36.748441 299.499518 276.358695 269.626497
199301 38.274018 299.404787 276.662393 270.033438
199302 38.020977 299.446676 276.612230 269.981054
199303 38.138972 299.783834 276.755358 270.072827
199304 39.528661 300.081349 276.921334 270.184494
199305 39.440739 300.059312 276.961984 270.242163
199306 39.876415 299.539495 276.804895 270.154153
199307 39.308646 299.140224 276.602216 269.959005
199308 38.284358 298.883884 276.524193 269.920958
199309 38.349383 298.924528 276.591165 269.970738
199310 37.859074 299.229272 276.522917 269.839973
199311 38.478892 299.361207 276.592998 269.896564
199312 37.565857 299.389666 276.398171 269.711457
199401 37.266693 299.331296 276.347858 269.718379
199402 36.831420 299.538842 276.452964 269.757431
199403 37.633175 299.842599 276.732745 270.060448
199404 39.287223 300.124399 276.934736 270.208028
199405 40.098670 300.078678 276.997420 270.281442
199406 38.957895 299.648962 276.857479 270.169123
199407 39.558630 299.204697 276.768038 270.139126
199408 38.619701 298.982694 276.601642 269.976282
199409 38.850379 299.025137 276.746253 270.127490
199410 37.931673 299.296334 276.595370 269.930105
199411 38.121279 299.563875 276.557749 269.854691
199412 37.939886 299.553258 276.608041 269.917241
199501 37.765115 299.568218 276.629405 270.017188
199502 38.117213 299.710962 276.614785 269.990401
199503 38.464855 300.087403 276.902810 270.217840
199504 40.593338 300.415110 277.353081 270.641271
199505 40.602038 300.290451 277.247147 270.546062
199506 39.479388 299.873849 277.142416 270.496046
199507 39.288498 299.399051 276.851320 270.238973
199508 38.941772 299.236059 276.947907 270.376197
199509 39.374590 299.341057 277.129334 270.537882
199510 39.094313 299.692184 277.155264 270.527594
199511 39.596416 299.924365 277.052598 270.384368
199512 39.815965 299.888695 277.347150 270.764131
199601 38.863450 299.855665 277.114385 270.544708
199602 37.977280 300.018308 277.222348 270.621751
199603 40.035543 300.388776 277.451977 270.795115
199604 41.168681 300.644193 277.739929 271.113059
199605 42.525760 300.553269 277.675160 271.047216
199606 41.651236 300.047016 277.475111 270.891414
199607 38.630324 299.630500 277.099192 270.513487
199608 40.071132 299.496159 277.176761 270.581211
199609 40.357190 299.594452 277.332391 270.752188
199610 40.304058 299.872539 277.428281 270.826909
199611 40.610121 300.089787 277.459109 270.840738
199612 40.322489 300.158880 277.542534 270.936216
199701 40.198351 300.090501 277.653438 271.136717
199702 40.389769 300.214142 277.684806 271.178344
199703 39.985115 300.621570 277.837360 271.221211
199704 41.423377 300.895088 278.039609 271.394088
199705 42.746092 300.758489 278.199336 271.600668
199706 41.363891 300.318138 277.774423 271.188021
199707 40.492777 299.732519 277.610396 271.081912
199708 39.770283 299.474487 277.291246 270.714869
199709 40.311644 299.519162 277.436796 270.876644
199710 39.638832 299.834152 277.392709 270.795377
199711 39.537977 300.012028 277.213004 270.563655
199712 39.432441 299.972210 277.183040 270.551168
199801 38.791019 299.848393 277.178428 270.597042
199802 39.015170 299.858050 277.278316 270.700449
199803 39.184738 300.104908 277.354348 270.757308
199804 40.301306 300.352558 277.360837 270.695738
199805 39.712907 300.176344 277.199532 270.511245
199806 39.482637 299.721218 276.917116 270.269727
199807 39.163006 299.245393 276.804719 270.203581
199808 38.808033 299.016953 276.786807 270.197877
199809 39.092191 299.145040 276.891661 270.283170
199810 38.456351 299.422589 276.960744 270.335369
199811 38.549294 299.587546 276.775436 270.100705
199812 38.161681 299.631816 276.785063 270.138441
199901 38.285687 299.545664 276.915287 270.316857
199902 37.985306 299.689175 276.948942 270.386413
199903 38.524029 300.101555 277.197966 270.560536
199904 40.318918 300.472157 277.423405 270.731188
199905 41.180478 300.281260 277.508206 270.844611
199906 40.109019 299.976643 277.172810 270.498156
199907 40.281814 299.524063 277.163014 270.584730
199908 40.040687 299.352218 277.226999 270.681264
199909 40.165377 299.426921 277.356190 270.829174
199910 40.140188 299.647105 277.267921 270.664040
199911 39.595828 299.847914 277.281326 270.645527
199912 40.218700 299.878167 277.228300 270.593905
200001 40.340991 299.853638 277.224100 270.677108
200002 40.778494 300.047269 277.531304 270.985276
200003 40.520483 300.425968 277.792470 271.204608
200004 42.184747 300.722737 278.007624 271.391918
200005 42.006582 300.565325 277.911603 271.294732
200006 41.403395 300.093737 277.496839 270.882308
200007 40.945224 299.575845 277.418564 270.873177
200008 39.779536 299.382874 277.229300 270.683387
200009 39.656524 299.511954 277.350771 270.793459
200010 39.084629 299.759655 277.099501 270.477559
200011 39.422469 300.004947 277.264648 270.611665
200012 40.254239 300.008192 277.392873 270.793354
200101 40.076204 299.967714 277.369117 270.813825
200102 39.390057 300.094866 277.492122 270.955217
200103 40.807161 300.548344 277.711640 271.087009
200104 42.366184 300.802060 278.081307 271.470413
200105 42.599876 300.717624 277.987063 271.368834
200106 41.781342 300.340710 277.801901 271.205342
200107 41.352354 299.864137 277.633199 271.090000
200108 41.651656 299.687622 277.616936 271.103213
200109 41.545230 299.737166 277.881945 271.364056
200110 41.158764 299.937526 277.831410 271.279453
200111 40.333430 300.121632 277.460631 270.856381
200112 40.546934 300.169041 277.544114 270.937422
200201 40.140471 300.124128 277.674661 271.140127
200202 40.284722 300.187850 277.797073 271.319874
200203 40.176754 300.658859 277.804899 271.227577
200204 42.484035 300.916528 278.158114 271.560161
200205 42.869066 300.759427 278.209740 271.623933
200206 42.355587 300.263910 277.944106 271.397835
200207 41.186245 299.664711 277.662822 271.160877
200208 40.420650 299.288719 277.476251 270.972670
200209 40.066432 299.388144 277.422217 270.870140
200210 39.686908 299.585334 277.255806 270.657696
200211 38.963344 299.780026 277.098759 270.443566
200212 39.409772 299.669239 277.046485 270.422914
200301 39.043315 299.668047 276.793855 270.167411
200302 39.167763 299.791026 277.199047 270.606481
200303 39.694647 300.081224 277.240566 270.608098
200304 40.678229 300.365727 277.500555 270.831455
200305 41.343848 300.231780 277.432592 270.747610
200306 39.928846 299.615682 277.052064 270.410025
200307 38.703713 299.103589 276.701121 270.066729
200308 38.074676 298.834299 276.618092 270.033042
200309 37.935865 298.953058 276.615358 269.969829
200310 37.768780 299.146313 276.470735 269.791335
200311 37.246025 299.288989 276.411329 269.704272
200312 36.519904 299.303599 276.313292 269.625104
200401 37.085371 299.260748 276.347632 269.681005
200402 36.904164 299.394475 276.613155 270.021975
200403 38.500548 299.831211 276.771392 270.089482
200404 40.063724 300.210999 277.047736 270.319469
200405 40.414654 300.170717 277.184954 270.484644
200406 39.771918 299.767379 276.917800 270.252829
200407 39.645066 299.331022 276.901698 270.307566
200408 39.501057 299.143435 277.047047 270.492692
200409 39.676316 299.242136 276.987873 270.401421
200410 39.850137 299.545139 277.113253 270.516236
200411 39.943981 299.878132 277.009624 270.345319
200412 39.843850 299.835451 277.276261 270.681330
200501 39.965218 299.737814 277.157349 270.578115
200502 39.302073 299.900554 277.300333 270.732503
200503 40.042200 300.316813 277.545473 270.966759
200504 41.029365 300.651575 277.646061 270.993894
200505 42.117949 300.521412 277.701233 271.055937
200506 40.064392 299.961991 277.365382 270.763877
200507 40.533792 299.525806 277.045124 270.413470
200508 40.096061 299.262955 277.295811 270.756016
200509 39.912016 299.309661 277.173079 270.596102
200510 40.046585 299.537511 277.178691 270.567712
200511 38.488180 299.775066 276.981177 270.327009
200512 39.224275 299.678206 276.979776 270.345763
200601 38.949825 299.637613 276.877604 270.258899
200602 38.665101 299.713009 276.975721 270.397968
200603 39.105053 300.008074 277.271946 270.671411
200604 39.539852 300.360604 277.143501 270.450162
200605 40.841556 300.286293 277.412493 270.738370
200606 39.640334 299.759582 276.952379 270.283484
200607 39.226458 299.368661 276.657144 270.010667
200608 39.925871 299.203035 276.867887 270.282816
200609 39.671792 299.280169 277.088534 270.498222
200610 39.251797 299.532809 277.064819 270.459438
200611 39.126015 299.784668 277.016730 270.363662
200612 38.282399 299.824961 277.106544 270.488046
200701 38.675546 299.805516 277.058697 270.464526
200702 39.210813 299.974767 277.220252 270.627010
200703 40.174792 300.289141 277.558109 270.985647
200704 41.153182 300.709217 277.723767 271.097562
200705 43.383790 300.578714 277.926185 271.318589
200706 41.284107 300.153201 277.542042 270.930366
200707 41.304796 299.563160 277.501134 270.971763
200708 41.054450 299.355098 277.310846 270.774319
200709 40.338665 299.382059 277.466388 270.942821
200710 39.456298 299.704673 277.154680 270.538111
200711 39.737709 299.948067 277.193855 270.551064
200712 39.734781 299.886243 277.344859 270.779310
200801 38.602435 299.893604 277.053157 270.473438
200802 38.993752 300.027507 277.387883 270.799172
200803 39.391714 300.251334 277.509780 270.922292
200804 40.602201 300.509029 277.504293 270.820495
200805 40.618125 300.421853 277.415453 270.733123
200806 40.807669 299.918476 277.294107 270.673881
200807 40.511295 299.445862 276.951941 270.340247
200808 40.072699 299.176653 277.209835 270.696034
200809 38.410151 299.296362 277.107125 270.555114
200810 39.125566 299.615040 277.213790 270.600895
200811 39.390207 299.828128 277.092308 270.429709
200812 38.645696 299.779173 277.027948 270.382866
200901 38.882120 299.695289 277.096327 270.510302
200902 38.802936 299.815406 277.142830 270.600892
200903 39.222165 300.255940 277.308756 270.663034
200904 41.014968 300.497005 277.535748 270.862830
200905 41.068877 300.400765 277.519152 270.854183
200906 40.290646 299.978970 277.203038 270.567733
200907 40.111535 299.545552 277.025018 270.417727
200908 39.796829 299.347802 277.294950 270.752600
200909 38.964569 299.442238 277.355939 270.808590
200910 39.927136 299.772285 277.270714 270.661204
200911 39.729339 300.094799 277.123747 270.458734
200912 40.305597 300.158134 277.483264 270.876151
201001 39.304556 300.071242 277.427678 270.858675
201002 40.109978 300.204385 277.421667 270.851866
201003 40.264570 300.545048 277.810427 271.215066
201004 42.010261 300.812634 278.144307 271.570701
201005 42.737860 300.670872 277.943275 271.335311
201006 41.643651 300.263726 277.663179 271.053710
201007 41.232427 299.744477 277.604717 271.089947
201008 39.984608 299.459254 277.519118 271.015495
201009 39.605166 299.549798 277.506629 270.972948
201010 41.318984 299.815837 277.502587 270.909952
201011 40.923407 300.045150 277.508628 270.897580
201012 40.030580 300.153584 277.467705 270.862863
201101 41.119992 300.007942 277.757339 271.271752
201102 40.135836 300.295637 277.689214 271.148565
201103 40.859751 300.671874 278.087235 271.504442
201104 42.985233 300.927701 278.322403 271.752265
201105 43.532709 300.894787 278.331104 271.760007
201106 42.788503 300.435645 278.067795 271.522649
201107 42.327286 299.934141 277.998405 271.517325
201108 41.192754 299.769085 277.702402 271.183476
201109 41.433669 299.702629 277.941021 271.467354
201110 40.309012 299.966936 277.647761 271.062556
201111 40.936921 300.177282 277.615680 271.012151
201112 40.551932 300.195283 277.696724 271.135317
201201 40.126038 300.132716 277.723143 271.164018
201202 39.703122 300.203508 277.529901 270.987121
201203 40.743467 300.571954 277.744682 271.147869
201204 41.394032 300.760736 277.764275 271.114321
201205 42.713728 300.691652 277.983808 271.361780
201206 41.024373 300.163216 277.765426 271.198916
201207 39.740196 299.782520 277.328460 270.737641
201208 40.376349 299.660022 277.503354 270.946177
201209 41.260025 299.704705 277.713991 271.207344
201210 40.765199 299.996604 277.614699 271.043141
201211 40.829905 300.186457 277.641099 271.045697
201212 41.053021 300.162665 277.708151 271.136031
201301 39.799167 300.099081 277.668629 271.161784
201302 39.362027 300.172382 277.391328 270.810737
201303 40.748023 300.448061 277.727497 271.113664
201304 41.987660 300.748865 277.780219 271.146945
201305 42.439133 300.644168 277.915016 271.309662
201306 40.838205 300.214979 277.572133 270.978603
201307 40.931538 299.740484 277.555308 271.018375
201308 40.087984 299.555123 277.423034 270.883080
201309 41.213793 299.743790 277.647406 271.106352
201310 40.119516 299.965716 277.624471 271.090007
201311 40.309148 300.195027 277.541370 270.923555
201312 41.012611 300.217214 277.773521 271.218606
201401 39.889100 300.167576 277.778020 271.249583
201402 40.282675 300.289656 277.837403 271.306649
201403 39.990990 300.636513 277.793923 271.189691
201404 41.029904 300.900509 278.050000 271.448825
201405 43.347937 300.787132 278.179742 271.595449
201406 42.599642 300.253544 277.768621 271.194392
201407 41.140970 299.842575 277.388498 270.822362
201408 40.890573 299.540680 277.682066 271.201952
201409 40.763256 299.669669 277.690072 271.167138
201410 39.731541 299.868783 277.643994 271.102356
201411 40.176278 300.041654 277.459977 270.862516
201412 39.574314 300.126612 277.381969 270.766071
201501 39.823069 300.080000 277.393666 270.824749
201502 39.962746 300.262236 277.601842 271.061658
201503 41.005750 300.599724 277.957607 271.378102
201504 42.423307 300.936465 278.060500 271.432414
201505 42.054188 300.792438 278.085708 271.459684
201506 41.668733 300.259389 277.846519 271.305728
201507 40.731714 299.714976 277.344630 270.770639
201508 39.997260 299.444033 277.362485 270.809464
201509 40.648913 299.463746 277.493094 270.967248
201510 40.308998 299.650400 277.401749 270.816350
201511 39.610566 299.822070 277.107451 270.461524
201512 40.085598 299.801040 277.140448 270.539546
201601 38.939486 299.788387 277.032482 270.429738
201602 39.070845 299.842311 277.272118 270.691543
201603 39.749307 300.079962 277.383536 270.764216
201604 41.231528 300.239983 277.393993 270.744947
201605 41.104499 300.138704 277.191602 270.486179
201606 38.967745 299.626853 276.731630 270.041136
201607 39.611556 299.129275 276.702941 270.071392
201608 38.284007 298.945999 276.517761 269.880210
201609 39.566306 299.047025 276.814622 270.193732
201610 38.869237 299.308904 276.780721 270.140728
201611 38.355800 299.519913 276.556398 269.849055
201612 38.163870 299.573388 276.704301 270.045297
201701 37.820534 299.560284 276.776197 270.141140
201702 38.161406 299.669939 277.023936 270.432556
201703 38.562350 299.996237 277.041174 270.373109
201704 39.677341 300.278630 277.267392 270.561405
201705 40.565339 300.371346 277.192521 270.482917
201706 40.474045 300.074776 277.228232 270.555460
201707 40.485331 299.657582 277.258505 270.668738
201708 39.448670 299.506430 277.213310 270.668757
201709 40.100858 299.684609 277.375525 270.796957
201710 41.072039 300.003003 277.635852 271.052216
201711 40.625486 300.162131 277.635073 271.062664
201712 40.496995 300.146694 277.653977 271.094549
201801 40.232378 300.177358 277.530727 270.958394
201802 40.168809 300.386788 277.720425 271.148146
201803 41.202015 300.686212 278.126977 271.581476
201804 42.584642 301.144543 278.185660 271.561748
201805 44.853833 301.120302 278.602509 272.053819
201806 43.541986 300.691680 278.423889 271.919929
201807 42.708158 300.182420 278.244673 271.761521
201808 43.187098 299.981070 278.248055 271.797899
201809 42.199402 299.968638 278.295709 271.850705
201810 41.446991 300.293233 277.906771 271.362769
201811 42.744784 300.497544 278.159353 271.616709
201812 41.510667 300.466150 277.980228 271.438967
201901 41.055623 300.418834 277.997238 271.494634
201902 40.437087 300.597287 278.091314 271.576740
201903 42.670492 300.849293 278.563954 272.059929
201904 44.072240 301.181687 278.662967 272.119907
201905 44.822174 301.116900 278.730922 272.217643
201906 44.083678 300.554647 278.623352 272.161625
201907 42.342963 300.047910 278.079331 271.568047
201908 42.479343 299.825304 277.911008 271.418888
201909 42.224558 299.898379 278.007313 271.509780
201910 40.734683 300.046003 277.856291 271.319668
201911 40.968931 300.275821 277.725486 271.129519
201912 41.232933 300.231513 277.809832 271.270182
202001 39.624740 300.045390 277.619873 271.147895
202002 39.275174 300.120894 277.551638 270.980703
202003 40.478030 300.387752 277.917642 271.333006
202004 41.340179 300.572270 277.814261 271.188419
202005 41.130447 300.459404 277.634188 270.980949
202006 41.267735 299.942915 277.397514 270.786499
202007 40.017506 299.444914 277.219301 270.647212
202008 39.918674 299.179878 277.102811 270.556918
202009 40.926699 299.160901 277.240211 270.694709
202010 38.882244 299.462607 276.874676 270.202007
202011 38.908052 299.596015 276.987916 270.347962
202012 38.886711 299.582190 276.751150 270.105776
202101 38.051878 299.634250 276.723492 270.083950
202102 37.829754 299.775640 276.987618 270.373398
202103 38.858551 300.142403 277.261924 270.630700
202104 40.688483 300.399929 277.427936 270.747090
202105 41.351730 300.448552 277.402948 270.702338
202106 40.315136 300.047605 277.423185 270.807984
202107 40.713967 299.539222 277.313235 270.761942
202108 40.731679 299.322371 277.393445 270.887887
202109 39.936123 299.400137 277.439228 270.909758
202110 39.699746 299.701776 277.249224 270.648622
202111 40.321943 299.967534 277.330128 270.692053
202112 40.006179 300.021682 277.368973 270.757940
202201 40.554691 299.901260 277.419638 270.895108
202202 39.368098 300.113297 277.371186 270.820676
202203 40.977302 300.441220 277.803618 271.209456
202204 42.035173 300.768817 278.091062 271.487384
202205 43.214538 300.732665 278.156460 271.567615
202206 41.670633 300.287147 277.696261 271.100412
202207 40.993148 299.802584 277.542153 270.994424
202208 41.177872 299.517458 277.781836 271.317084
202209 40.764855 299.598072 277.725022 271.213021
202210 40.813341 299.875192 277.621663 271.047090
202211 40.161354 300.055990 277.469302 270.852434
202212 39.231125 300.083789 277.428216 270.829047
202301 40.054049 300.047071 277.347027 270.758478
202302 39.841579 300.104902 277.722453 271.224480
202303 40.176898 300.421997 277.735764 271.167335
202304 41.787259 300.822630 277.758264 271.084882
202305 43.230002 300.786438 278.079761 271.465154
202306 42.626149 300.346780 278.165817 271.645986
202307 41.671663 299.839779 277.937527 271.447953
202308 41.384134 299.661481 277.747307 271.258990
202309 42.097871 299.764875 277.891589 271.375654
202310 41.392387 300.070872 277.760297 271.198384
202311 41.725423 300.382452 277.799070 271.202133
202312 41.402761 300.467716 277.961862 271.398729
202401 40.998664 300.446182 278.019774 271.521477
202402 41.352883 300.576376 278.241857 271.775120
202403 42.421797 300.940554 278.658519 272.168693
202404 43.866511 301.303007 278.773329 272.274967
202405 44.637861 301.286617 278.849865 272.348599
202406 43.841213 300.892695 278.860077 272.396580
202407 43.906090 300.325862 278.602072 272.181729
202408 43.521568 300.031049 278.600082 272.194071
202409 43.150024 300.020505 278.424783 271.986687
202410 41.800011 300.276559 278.125896 271.603763
202411 42.227885 300.456805 278.011760 271.442071
202412 41.100391 300.356903 277.890770 271.343439
