time(yyyymm) ts_cwv ts_sst ts_tlt ts_tmt
198001 37.135601 299.273189 276.226771 269.564885
198002 36.763394 299.461027 276.479527 269.830573
198003 37.874833 299.871198 276.776357 270.074214
198004 39.663494 300.113531 277.041461 270.328282
198005 40.260109 300.067559 277.106195 270.392920
198006 39.732107 299.672016 276.787131 270.105622
198007 39.098226 299.228180 276.525696 269.878225
198008 39.356634 299.003397 276.697921 270.113783
198009 38.112893 299.033800 276.732455 270.132866
198010 37.671038 299.348532 276.594485 269.921580
198011 38.878004 299.562103 276.597871 269.881231
198012 38.163674 299.618910 276.714778 270.042099
198101 38.119252 299.608132 276.739023 270.091230
198102 38.577056 299.799890 277.067180 270.450096
198103 39.195611 300.110030 277.210193 270.584685
198104 40.532100 300.565313 277.522880 270.849528
198105 42.040470 300.491194 277.626839 270.972556
198106 40.653327 299.984316 277.542229 270.961861
198107 39.343550 299.458148 277.032799 270.435656
198108 38.933728 299.203070 277.093137 270.519838
198109 39.295312 299.286063 277.055437 270.444466
198110 38.980578 299.445000 276.841452 270.200327
198111 39.710316 299.619716 276.998375 270.346083
198112 38.900188 299.627059 276.947749 270.322170
198201 38.419732 299.593433 276.915269 270.320262
198202 38.125394 299.753758 276.785326 270.162606
198203 39.301000 300.085279 277.243903 270.602627
198204 41.011611 300.311916 277.446724 270.760126
198205 40.110821 300.223282 277.159953 270.436384
198206 39.281289 299.763476 276.779716 270.082950
198207 39.366675 299.303547 276.757034 270.119960
198208 38.534443 299.019535 276.816516 270.217887
198209 39.462149 299.127812 276.950502 270.367823
198210 37.986503 299.480933 276.750364 270.078925
198211 38.880622 299.683794 276.724166 270.014889
198212 38.598553 299.612722 276.691562 270.013103
198301 38.637053 299.404977 276.643265 270.027573
198302 37.812599 299.578642 276.675357 270.026507
198303 39.166908 300.002504 277.025802 270.331418
198304 39.868157 300.218368 277.334827 270.652870
198305 39.505473 300.228961 276.981583 270.244788
198306 39.663427 299.760221 276.895145 270.221608
198307 40.194410 299.294650 276.915881 270.306468
198308 38.771035 299.045180 276.902489 270.313390
198309 38.673039 299.159733 276.935573 270.340157
198310 38.525740 299.408950 276.897559 270.276304
198311 38.865563 299.598200 276.800910 270.129054
198312 37.921838 299.696939 276.863982 270.200932
198401 39.171849 299.656130 276.938716 270.343007
198402 38.001299 299.831434 277.086067 270.481315
198403 39.012581 300.212486 277.242524 270.603205
198404 40.265418 300.520663 277.488928 270.801418
198405 40.964936 300.443678 277.461006 270.773772
198406 40.892153 299.948033 277.400529 270.784959
198407 40.651362 299.471469 277.048599 270.443617
198408 39.641652 299.086455 277.063716 270.521775
198409 38.869779 299.153156 276.846303 270.219829
198410 38.105993 299.366391 276.753323 270.096848
198411 37.967157 299.572471 276.614831 269.908611
198412 37.332212 299.600339 276.515968 269.810343
198501 37.726331 299.515218 276.550686 269.918525
198502 36.602917 299.679664 276.545431 269.898425
198503 38.514064 300.039067 276.977518 270.269982
198504 40.316056 300.320688 277.293147 270.582893
198505 40.260261 300.211202 277.246044 270.549623
198506 39.651511 299.726902 277.009725 270.370971
198507 39.102138 299.232226 276.739575 270.110178
198508 39.016699 299.003872 276.642254 270.041707
198509 38.677471 299.075421 276.792684 270.195982
198510 39.092453 299.341291 276.823533 270.183715
198511 38.483981 299.533031 276.626508 269.931971
198512 38.518455 299.539899 276.638867 269.954532
198601 37.864916 299.546079 276.512852 269.853669
198602 38.078314 299.719763 276.875668 270.271851
198603 39.010575 300.061815 277.192836 270.561457
198604 40.381039 300.466228 277.331283 270.645941
198605 41.396113 300.369841 277.528283 270.862549
198606 39.558266 299.886476 277.383739 270.754300
198607 39.125035 299.440399 276.870541 270.241780
198608 39.455654 299.209472 277.100433 270.550178
198609 39.248849 299.236988 276.941517 270.352717
198610 38.809123 299.462260 276.795613 270.146734
198611 38.230438 299.612601 276.684851 269.963956
198612 38.058115 299.568754 276.619707 269.924124
198701 38.149016 299.437428 276.577649 269.924480
198702 36.696550 299.476127 276.509524 269.890296
198703 38.210714 299.817477 276.740465 270.044843
198704 39.647790 300.084681 277.045008 270.324481
198705 39.425277 299.974227 276.882221 270.146960
198706 38.895555 299.433710 276.667930 269.984530
198707 38.598264 299.055389 276.338136 269.685450
198708 38.444789 298.890854 276.405770 269.768934
198709 38.265331 298.921629 276.656713 270.058148
198710 37.618973 299.201923 276.454326 269.786091
198711 38.060118 299.507640 276.594314 269.883080
198712 38.317788 299.565069 276.661742 269.968732
198801 38.268846 299.540860 276.661606 270.019541
198802 38.307058 299.747896 276.902614 270.254170
198803 39.478671 300.039073 277.179667 270.548497
198804 40.785275 300.310614 277.381995 270.691190
198805 41.158499 300.267370 277.318562 270.631918
198806 40.004455 299.710927 277.131470 270.516814
198807 38.916828 299.208269 276.857688 270.255165
198808 37.831229 299.111200 276.806923 270.219473
198809 38.447501 299.191980 276.903405 270.288968
198810 38.161415 299.401605 276.861454 270.222277
198811 38.069135 299.663161 276.802301 270.135759
198812 39.142641 299.600596 276.899966 270.254128
198901 38.449389 299.586208 276.854991 270.275818
198902 37.722177 299.812745 276.785590 270.163746
198903 38.733251 300.150440 277.193707 270.536472
198904 40.017455 300.519015 277.331841 270.629871
198905 41.199183 300.308617 277.455607 270.790502
198906 40.024704 299.826276 277.166562 270.531659
198907 39.977181 299.349449 276.920166 270.327853
198908 39.055149 299.186524 276.972834 270.386099
198909 39.270157 299.236992 277.189600 270.645407
198910 39.324738 299.506153 277.026902 270.399828
198911 39.086701 299.794752 276.918705 270.230645
198912 38.488460 299.776740 276.845123 270.194462
199001 38.574160 299.630593 276.997185 270.394369
199002 38.523936 299.769130 276.939250 270.321373
199003 39.395587 300.185966 277.192909 270.514263
199004 40.191574 300.529001 277.539486 270.853122
199005 41.884546 300.420895 277.587237 270.922789
199006 41.287970 299.899532 277.401844 270.777872
199007 39.377715 299.430357 277.018967 270.425304
199008 39.308580 299.237310 277.131152 270.568443
199009 39.056276 299.312110 277.214702 270.622498
199010 39.780961 299.569617 277.208929 270.614161
199011 39.239036 299.859874 277.026499 270.358779
199012 40.329486 299.940808 277.265804 270.640673
199101 39.594957 299.837755 277.328780 270.780000
199102 38.973527 300.003162 277.092853 270.470303
199103 40.485555 300.269845 277.696704 271.081506
199104 41.149110 300.498025 277.588958 270.951548
199105 41.843683 300.448550 277.620824 270.946970
199106 40.284366 300.031384 277.315342 270.669736
199107 39.793315 299.482629 277.086217 270.476408
199108 38.903672 299.188151 276.888408 270.298429
199109 39.834532 299.256777 276.979675 270.371477
199110 38.523434 299.465227 276.962367 270.316427
199111 38.164190 299.539189 276.695308 270.006339
199112 37.593206 299.524030 276.375137 269.655242
199201 37.232894 299.437046 276.360112 269.676408
199202 37.236338 299.657706 276.482712 269.787604
199203 38.352408 299.925156 276.919519 270.219182
199204 39.659280 300.189713 276.954761 270.217358
199205 40.091440 300.169162 276.955267 270.209799
199206 39.112446 299.745208 276.788930 270.089520
199207 39.445076 299.288342 276.826569 270.191438
199208 38.902148 299.052447 276.747917 270.130012
199209 39.159307 299.140630 276.873535 270.236304
199210 38.718215 299.429694 276.746545 270.077311
199211 38.334541 299.655496 276.580570 269.866345
199212 38.278722 299.672941 276.786011 270.103387
199301 38.496461 299.654024 276.717105 270.076136
199302 37.877930 299.831632 276.825422 270.161905
199303 38.602898 300.180008 277.153288 270.457433
199304 40.718177 300.472523 277.633474 270.984266
199305 41.309354 300.433945 277.622101 270.979769
199306 40.693968 299.975926 277.289785 270.670426
199307 41.181103 299.462387 277.355849 270.820068
199308 39.277064 299.181666 277.093957 270.541121
199309 39.286797 299.172835 276.900728 270.301092
199310 39.144298 299.442914 276.961395 270.318190
199311 38.294197 299.503534 276.918653 270.262736
199312 37.668824 299.554597 276.677922 270.011780
199401 37.870194 299.481400 276.663412 270.029032
199402 37.333449 299.636703 276.614774 269.963523
199403 38.259998 299.974660 276.933090 270.263519
199404 39.795879 300.284269 277.139586 270.435954
199405 40.302426 300.300819 277.246039 270.546333
199406 40.108392 299.711730 277.112920 270.487485
199407 38.868455 299.213104 276.814569 270.198960
199408 38.594776 298.835960 276.751557 270.177558
199409 37.039975 298.879797 276.598154 269.972519
199410 37.485101 299.090149 276.435583 269.757514
199411 37.555685 299.243003 276.320382 269.582055
199412 36.688305 299.339706 276.248899 269.525248
199501 36.860923 299.349791 276.276329 269.603905
199502 37.319739 299.555147 276.384457 269.754314
199503 38.558432 300.029439 276.860831 270.160503
199504 39.535592 300.315802 276.985823 270.278011
199505 40.537223 300.387016 277.142467 270.416299
199506 40.353243 299.987530 277.196805 270.541968
199507 39.826236 299.470514 277.092520 270.513615
199508 39.380416 299.260894 277.101920 270.557571
199509 38.925111 299.258302 277.092751 270.536604
199510 38.796952 299.612469 276.925368 270.250314
199511 39.431234 299.825806 276.947528 270.277311
199512 38.645430 299.760194 276.980044 270.337866
199601 38.549314 299.756600 276.886464 270.269667
199602 38.687839 299.842757 277.127176 270.545730
199603 38.203220 300.295990 277.063887 270.372278
199604 40.807504 300.568821 277.562100 270.887647
199605 41.301193 300.474918 277.628000 270.973620
199606 41.190813 300.008419 277.421501 270.808190
199607 40.407742 299.455180 277.281444 270.724717
199608 39.276744 299.163342 277.024473 270.479929
199609 38.384199 299.159173 277.086040 270.504320
199610 38.161577 299.381477 276.914790 270.279695
199611 38.092338 299.573533 276.749688 270.047462
199612 38.504034 299.533294 276.834342 270.195234
199701 37.157418 299.638436 276.407877 269.721481
199702 38.590121 299.812735 276.774604 270.116246
199703 39.709070 300.110732 277.309572 270.703272
199704 40.399552 300.429673 277.334622 270.625054
199705 41.189820 300.319999 277.379979 270.701013
199706 40.509601 299.879776 277.264497 270.622515
199707 39.182812 299.400860 276.929198 270.316484
199708 38.222177 299.201037 276.963650 270.377051
199709 39.118456 299.319869 276.944759 270.342307
199710 38.998552 299.576417 277.018898 270.397808
199711 38.673158 299.868925 276.923303 270.238093
199712 39.073304 299.961074 277.117814 270.479854
199801 39.384459 299.879991 277.295815 270.746146
199802 39.014383 299.950117 277.210188 270.635520
199803 39.793830 300.394164 277.325763 270.678539
199804 41.854424 300.789766 277.995682 271.350644
199805 42.226689 300.598343 278.012883 271.438567
199806 41.366872 300.021533 277.613234 271.038313
199807 39.824870 299.489212 277.249113 270.707917
199808 38.971574 299.402291 277.143119 270.554392
199809 40.044622 299.533726 277.495765 270.941227
199810 39.908651 299.743630 277.414657 270.838553
199811 39.584489 299.937546 277.276220 270.656305
199812 39.686686 299.926728 277.307166 270.697665
199901 39.340291 299.919508 277.226563 270.624363
199902 39.429957 300.057052 277.450863 270.914163
199903 40.413167 300.435725 277.545308 270.926676
199904 42.032590 300.664467 277.981290 271.361155
199905 41.255805 300.539538 277.848476 271.221706
199906 40.302027 300.013136 277.630869 271.031723
199907 40.415656 299.491110 277.164188 270.582457
199908 40.001717 299.308023 277.222094 270.673516
199909 39.898527 299.268241 277.261022 270.701161
199910 39.432944 299.498391 277.154927 270.541243
199911 38.234409 299.779894 276.957083 270.294601
199912 39.112324 299.750421 277.102940 270.497073
200001 37.823453 299.685460 276.876941 270.256491
200002 38.942940 299.877318 277.113220 270.509512
200003 40.410996 300.319717 277.255468 270.611041
200004 40.718748 300.615549 277.642932 270.972937
200005 41.193180 300.550857 277.506011 270.820040
200006 40.965734 300.107690 277.589663 270.989567
200007 40.371935 299.560097 277.388028 270.857329
200008 39.681475 299.334518 277.418259 270.908418
200009 40.471572 299.449882 277.518913 270.973336
200010 40.121888 299.752354 277.400158 270.809630
200011 39.550480 299.915190 277.295006 270.679764
200012 39.875105 299.870332 277.171801 270.540499
200101 39.982893 299.885868 277.365821 270.808419
200102 39.175692 300.027674 277.516248 270.999858
200103 40.327934 300.421623 277.521097 270.903956
200104 41.983361 300.665737 277.928430 271.300728
200105 42.639640 300.513163 277.910130 271.313570
200106 41.336815 300.106215 277.552900 270.955751
200107 40.679750 299.688710 277.418368 270.850697
200108 39.924661 299.444870 277.332508 270.791025
200109 40.393993 299.544492 277.599754 271.064542
200110 39.861097 299.751684 277.490929 270.941222
200111 39.911295 299.938987 277.348509 270.739651
200112 39.814209 299.861504 277.210672 270.621255
200201 39.111085 299.778965 277.094218 270.525130
200202 38.361000 299.987579 277.109351 270.482487
200203 39.076681 300.267344 277.367258 270.718966
200204 40.331687 300.492429 277.440973 270.780427
200205 40.844577 300.343647 277.581888 270.925133
200206 39.743076 299.901528 277.255307 270.613474
200207 39.542335 299.438951 277.036680 270.434006
200208 39.720687 299.194325 277.178540 270.633854
200209 39.867929 299.191879 277.147438 270.589311
200210 38.867839 299.470036 277.059039 270.450165
200211 37.958636 299.667037 276.779773 270.097667
200212 38.346571 299.665167 276.875319 270.221666
200301 38.738153 299.508346 276.838901 270.252755
200302 37.451834 299.597744 276.889693 270.298768
200303 39.121580 299.935791 277.068854 270.428843
200304 39.395877 300.257149 277.074296 270.361384
200305 39.515501 300.162649 276.956799 270.213540
200306 38.589014 299.653492 276.565629 269.845166
200307 38.841231 299.286936 276.464020 269.797068
200308 39.428965 299.093270 276.808565 270.209120
200309 39.329989 299.189877 277.056004 270.474685
200310 38.852926 299.480014 276.949212 270.304147
200311 39.075460 299.759771 276.890667 270.210280
200312 39.016559 299.845876 276.945672 270.277027
200401 39.077795 299.738673 277.181639 270.607586
200402 38.472908 299.812491 276.993497 270.397268
200403 38.891094 300.105859 277.292417 270.685380
200404 39.909651 300.391622 277.136459 270.426109
200405 40.528174 300.379194 277.452003 270.770965
200406 40.475822 299.897537 277.143238 270.511621
200407 40.728238 299.482903 277.004947 270.414018
200408 39.751167 299.199488 277.094949 270.563548
200409 38.888915 299.396056 277.065506 270.470150
200410 39.437711 299.676198 277.028274 270.401341
200411 39.181192 299.959160 277.105839 270.418940
200412 39.625968 299.940223 277.165317 270.534424
200501 39.461709 299.969276 276.984031 270.367342
200502 39.040905 300.143102 277.493974 270.928445
200503 39.736142 300.556273 277.798535 271.185490
200504 42.159710 300.912396 277.834467 271.210603
200505 43.380159 300.866810 278.227687 271.646871
200506 43.154646 300.437171 278.165784 271.645103
200507 42.520442 299.955696 277.892566 271.397013
200508 42.170998 299.802616 277.852643 271.348995
200509 42.016233 299.956727 278.079961 271.599471
200510 41.285943 300.110947 277.816772 271.291233
200511 41.326842 300.371678 277.784986 271.189596
200512 41.381951 300.386716 277.970816 271.421312
200601 41.191910 300.329991 277.905431 271.405081
200602 39.568586 300.453055 278.000167 271.507141
200603 40.612670 300.882617 277.848617 271.244974
200604 43.159527 301.184152 278.490083 271.889026
200605 43.851389 300.975111 278.646274 272.122272
200606 43.378037 300.420253 278.147661 271.637262
200607 41.955833 299.864758 277.827636 271.320272
200608 40.241206 299.575556 277.437461 270.910168
200609 40.561694 299.469584 277.510931 270.990642
200610 40.401035 299.637136 277.301008 270.708095
200611 39.005757 299.793617 277.033264 270.389043
200612 38.440051 299.727627 276.994245 270.363064
200701 38.137459 299.617025 277.011570 270.419148
200702 37.949628 299.764672 276.873953 270.245898
200703 39.366379 300.120874 277.226634 270.559530
200704 40.097445 300.334273 277.250703 270.549700
200705 39.959661 300.365585 277.212917 270.492704
200706 40.345830 299.797726 277.188901 270.566110
200707 39.468287 299.387939 276.803071 270.167488
200708 39.634368 299.092331 276.927021 270.357989
200709 39.128393 299.125929 276.861007 270.262737
200710 39.141475 299.409988 277.005987 270.383220
200711 39.262773 299.598493 276.822061 270.165392
200712 38.359533 299.623091 276.735165 270.085843
200801 38.200973 299.504147 276.625826 270.011370
200802 38.654988 299.667140 277.022162 270.444563
200803 39.069136 299.922364 277.094804 270.514360
200804 39.878717 300.254917 277.072984 270.361814
200805 40.839114 300.242360 277.282114 270.589512
200806 40.218990 299.792975 277.094833 270.460751
200807 40.004368 299.341832 276.984192 270.390066
200808 39.751004 299.084889 276.971740 270.421988
200809 39.869923 299.088559 277.002302 270.421207
200810 38.376350 299.432145 276.848308 270.209513
200811 38.759387 299.661803 276.779478 270.098789
200812 38.477733 299.691476 276.734116 270.083870
200901 37.997476 299.614963 276.726117 270.133535
200902 37.847114 299.859942 276.788694 270.168990
200903 39.620735 300.353138 277.302769 270.625154
200904 41.339342 300.655463 277.766805 271.132080
200905 41.633882 300.651675 277.720670 271.065355
200906 42.213276 300.251268 277.892984 271.326672
200907 40.956660 299.788780 277.562432 271.033133
200908 41.112466 299.553845 277.605728 271.102321
200909 41.368898 299.590666 277.597426 271.068461
200910 40.314551 299.884914 277.513583 270.926047
200911 41.421236 300.102605 277.539712 270.934634
200912 41.272371 300.115382 277.557946 270.986193
201001 40.027519 300.115678 277.413951 270.867720
201002 39.458833 300.250780 277.640686 271.089126
201003 40.312637 300.547739 277.880878 271.308131
201004 42.399558 300.852391 277.957545 271.362582
201005 43.207236 300.787709 278.199075 271.605865
201006 42.544826 300.407229 277.895739 271.335417
201007 41.541528 299.867396 277.815566 271.298244
201008 40.494633 299.477555 277.575877 271.065602
201009 39.708260 299.608421 277.498569 270.939490
201010 40.839343 299.860936 277.519469 270.954334
201011 40.349349 300.158233 277.399339 270.749601
201012 40.609883 300.123017 277.536394 270.954421
201101 39.483553 300.046742 277.389077 270.842022
201102 38.481316 300.183539 277.453372 270.863854
201103 39.689004 300.492023 277.628770 271.008744
201104 42.086085 300.814600 277.895659 271.242546
201105 42.791012 300.765343 277.977469 271.350787
201106 42.105206 300.366429 277.729080 271.131285
201107 41.441186 299.889140 277.646501 271.100195
201108 41.218482 299.686772 277.683112 271.173736
201109 41.421971 299.812148 277.943182 271.438021
201110 41.903651 300.027565 277.845814 271.297875
201111 41.620590 300.315430 277.733193 271.139384
201112 41.828252 300.320584 277.915646 271.369289
201201 40.870115 300.206664 277.974632 271.499283
201202 39.675421 300.409805 277.616214 271.064879
201203 40.804235 300.785549 278.080721 271.486182
201204 42.620073 300.970198 278.387023 271.819004
201205 43.620223 300.775840 278.158434 271.569123
201206 42.679361 300.233084 277.968089 271.422143
201207 40.567001 299.724365 277.396881 270.834420
201208 40.652174 299.494236 277.476731 270.958078
201209 40.304613 299.554844 277.429484 270.878967
201210 39.832544 299.788323 277.477235 270.898013
201211 38.829427 300.021163 277.135281 270.462756
201212 39.287541 299.997391 277.191972 270.567899
201301 39.499541 299.851471 277.196159 270.619669
201302 39.018707 300.035931 277.323221 270.766307
201303 39.829436 300.336941 277.524111 270.905796
201304 41.591993 300.585359 277.770645 271.122281
201305 41.307594 300.631927 277.675574 271.007519
201306 40.606457 300.163309 277.531277 270.917238
201307 40.140978 299.662682 277.290865 270.684279
201308 39.552237 299.492719 277.454155 270.921116
201309 40.693406 299.557072 277.588472 271.060847
201310 40.540892 299.793369 277.489596 270.909791
201311 40.427375 300.009286 277.382728 270.764124
201312 40.438537 300.042444 277.438606 270.846985
201401 40.566305 300.053712 277.644118 271.102146
201402 40.378720 300.236044 277.659933 271.141830
201403 40.533265 300.554227 277.849632 271.262645
201404 42.798302 300.842071 278.184258 271.591128
201405 43.037879 300.730082 278.200812 271.612470
201406 41.198143 300.248662 277.775711 271.205082
201407 41.913114 299.662141 277.641250 271.142780
201408 39.796244 299.480156 277.357761 270.806098
201409 40.751900 299.513800 277.605945 271.086932
201410 39.994064 299.667178 277.607142 271.066217
201411 39.839691 299.835187 277.211657 270.581824
201412 39.941935 299.728758 277.298807 270.739510
201501 39.088819 299.784986 276.939465 270.310917
201502 39.801147 299.777950 277.354675 270.820778
201503 39.132107 300.155283 277.345696 270.741705
201504 41.093616 300.520194 277.389905 270.714880
201505 41.697124 300.369368 277.647206 271.000669
201506 39.990156 299.840351 277.146834 270.506973
201507 38.969985 299.421408 276.856616 270.240761
201508 39.510177 299.214321 277.060752 270.486397
201509 39.476207 299.270698 277.204862 270.611820
201510 39.714416 299.399891 276.984880 270.350256
201511 38.445911 299.609741 276.748751 270.060920
201512 37.884428 299.658851 276.768364 270.117354
201601 37.863700 299.544683 276.912862 270.320974
201602 37.661804 299.712752 276.681012 270.052201
201603 38.696528 300.118308 277.125433 270.457869
201604 40.433967 300.334178 277.383663 270.708090
201605 40.418250 300.185816 277.313840 270.641440
201606 39.506154 299.745445 276.983046 270.320624
201607 39.314240 299.336562 276.916890 270.317322
201608 39.132107 299.137697 276.916376 270.341631
201609 39.889376 299.290512 277.144111 270.566696
201610 39.467775 299.503439 277.084192 270.465150
201611 39.114530 299.803621 276.950207 270.272055
201612 38.865487 299.804433 277.057397 270.424769
201701 37.586246 299.854560 277.019155 270.419975
201702 38.814273 300.040625 277.171091 270.553369
201703 39.063624 300.425405 277.542405 270.930652
201704 40.937938 300.769891 277.650050 271.008031
201705 42.895138 300.799947 277.965400 271.350191
201706 41.707583 300.299570 278.002607 271.461534
201707 41.182762 299.816094 277.708497 271.180520
201708 41.245584 299.564768 277.772961 271.306892
201709 40.794114 299.570093 277.746242 271.256159
201710 40.358857 299.864848 277.644254 271.089059
201711 40.585812 300.000800 277.534598 270.943093
201712 40.386260 300.074083 277.559896 270.989539
201801 40.160766 300.078258 277.555708 271.001657
201802 39.409923 300.244388 277.754791 271.267817
201803 40.588134 300.654024 277.920978 271.344108
201804 42.188745 300.993533 278.139515 271.521121
201805 43.505559 300.990741 278.377544 271.788420
201806 42.679284 300.490849 278.453401 271.958197
201807 42.393167 299.882987 277.948920 271.447869
201808 40.913887 299.642572 277.774820 271.269124
201809 40.889300 299.587838 277.792958 271.321469
201810 39.867821 299.803248 277.495363 270.928437
201811 39.848415 300.053233 277.413523 270.781173
201812 39.654138 299.956603 277.382803 270.788735
201901 39.011606 299.909596 277.202975 270.620128
201902 39.260453 300.103133 277.301326 270.701250
201903 40.298362 300.505873 277.813595 271.184160
201904 41.401949 300.828170 277.959789 271.305728
201905 42.243250 300.723859 277.994939 271.369200
201906 41.856977 300.266978 277.907096 271.352942
201907 41.665511 299.734350 277.803743 271.318545
201908 40.377932 299.397257 277.620795 271.125554
201909 41.070998 299.434616 277.497049 270.983944
201910 39.923659 299.703662 277.416046 270.823303
201911 40.020192 299.929879 277.347679 270.704125
201912 39.704492 299.881770 277.429344 270.867646
202001 39.708164 299.753686 277.258694 270.704203
202002 39.459694 299.854539 277.395058 270.836858
202003 38.836890 300.264217 277.347611 270.703052
202004 41.166733 300.546081 277.760823 271.077042
202005 41.214701 300.356340 277.578652 270.914785
202006 39.899420 299.857884 277.270909 270.634776
202007 40.261607 299.345069 277.054201 270.481511
202008 39.948917 299.093979 277.233808 270.690492
202009 39.028958 299.169615 277.105212 270.516775
202010 38.856986 299.355971 276.944403 270.325055
202011 38.560563 299.548698 276.811616 270.142022
202012 37.744148 299.630243 276.787637 270.122720
202101 38.397390 299.602375 276.933659 270.331553
202102 39.354085 299.669981 277.257156 270.693834
202103 39.530546 299.921249 277.285122 270.658816
202104 40.117998 300.156445 277.212432 270.517426
202105 39.851581 300.051456 277.108315 270.388667
202106 39.110179 299.599512 276.739405 270.060516
202107 39.302004 299.189499 276.629187 269.998687
202108 38.013558 299.003693 276.765224 270.177146
202109 38.937250 299.157364 276.909901 270.292583
202110 40.418570 299.508534 277.084158 270.464949
202111 38.986423 299.810548 276.940908 270.272254
202112 38.618984 299.871495 277.055607 270.418155
202201 38.707270 299.821541 277.106377 270.536137
202202 39.123779 300.049794 277.409956 270.868264
202203 40.391145 300.462049 277.717571 271.106123
202204 41.821253 300.809682 277.991565 271.354893
202205 41.982074 300.795215 277.806644 271.146469
202206 41.940640 300.369681 277.881570 271.294378
202207 41.671330 299.911824 277.817091 271.294655
202208 41.466889 299.781672 277.932979 271.426968
202209 41.428300 299.911749 277.921418 271.405974
202210 41.616924 300.269170 277.842527 271.287906
202211 42.166039 300.478920 278.043348 271.489995
202212 41.303074 300.514949 278.112448 271.582694
202301 41.355219 300.489774 278.153304 271.660784
202302 41.593015 300.625023 278.349343 271.879573
202303 41.880997 301.048397 278.634038 272.119807
202304 43.765194 301.406776 279.022430 272.502254
202305 44.942530 301.280619 279.013954 272.535743
202306 43.746365 300.752472 278.950147 272.518391
202307 43.373755 300.213439 278.308718 271.827601
202308 42.451632 300.010467 278.149208 271.667727
202309 41.990695 299.940228 278.239459 271.795246
202310 41.338243 300.168848 277.938607 271.403903
202311 40.656970 300.351452 277.774892 271.200149
202312 41.174793 300.351826 277.755843 271.173054
202401 40.942740 300.211234 277.877998 271.383610
202402 39.662129 300.317907 277.467997 270.891256
202403 40.510581 300.644527 277.967505 271.415340
202404 42.138842 300.989201 278.133734 271.525896
202405 42.019351 300.838216 277.989924 271.373201
202406 41.827241 300.302294 277.875781 271.323076
202407 41.188942 299.736558 277.604396 271.085190
202408 40.987532 299.532393 277.621692 271.114584
202409 40.994391 299.548686 277.598494 271.064628
202410 40.561065 299.778640 277.506183 270.923147
202411 40.271993 299.978498 277.409353 270.775122
202412 40.722240 299.920717 277.388207 270.793096
