time(yyyymm) ts_cwv ts_sst ts_tlt ts_tmt
198001 41.821351 300.683512 277.201726 270.773249
198002 42.278697 300.744189 277.371935 270.973673
198003 42.731908 300.870673 277.558747 271.126395
198004 42.559953 301.020513 277.447566 270.996297
198005 43.068739 300.943975 277.199812 270.712144
198006 43.011691 300.561203 276.957393 270.516918
198007 41.902673 300.146196 276.634857 270.204733
198008 41.433158 299.954223 276.535355 270.104220
198009 41.722131 299.996566 276.592003 270.161696
198010 40.465647 300.215238 276.729155 270.246019
198011 40.898318 300.357796 276.695497 270.181420
198012 40.281826 300.369635 276.622399 270.138912
198101 40.432415 300.356484 276.559025 270.087310
198102 40.788029 300.427443 276.696562 270.236323
198103 41.778145 300.729585 276.963588 270.492171
198104 43.228851 300.934545 277.260466 270.749411
198105 42.294577 300.942857 276.957187 270.440769
198106 42.754053 300.655680 276.868605 270.414087
198107 42.035273 300.193319 276.528197 270.141583
198108 41.344097 299.993446 276.420324 269.991053
198109 41.075662 300.131106 276.674393 270.197007
198110 40.829065 300.375433 276.865907 270.367986
198111 41.836517 300.547481 276.990707 270.493317
198112 41.648247 300.614873 277.123474 270.646062
198201 41.763264 300.682804 277.303689 270.877772
198202 42.520024 300.739792 277.458717 271.005248
198203 42.294769 300.916104 277.574567 271.131533
198204 43.420099 300.998514 277.561582 271.121941
198205 42.906430 301.004303 277.403208 270.947479
198206 43.038137 300.728267 277.190437 270.789259
198207 42.013334 300.302995 276.673234 270.265980
198208 41.734484 300.084874 276.645296 270.204858
198209 41.084387 300.163629 276.865795 270.426970
198210 41.117595 300.432067 276.868309 270.365007
198211 41.990447 300.560531 277.070336 270.611915
198212 41.945542 300.547119 277.119794 270.691791
198301 41.213817 300.469982 276.955832 270.499072
198302 41.127845 300.480361 277.002813 270.568582
198303 41.455202 300.621820 277.131177 270.652568
198304 42.492450 300.835190 277.117565 270.621070
198305 43.038954 300.771047 276.904955 270.414254
198306 41.550177 300.474085 276.678181 270.177006
198307 40.736721 300.104030 276.211782 269.760149
198308 41.922482 299.993778 276.409985 269.972596
198309 40.819591 300.168134 276.696314 270.233950
198310 41.752210 300.500624 276.954087 270.462746
198311 42.281969 300.639031 277.019946 270.536763
198312 42.518211 300.677558 277.157977 270.670115
198401 41.002322 300.682766 277.049012 270.619500
198402 42.460537 300.680242 277.318587 270.906094
198403 42.752473 300.964015 277.499103 271.043581
198404 43.804996 301.161114 277.534456 271.084115
198405 42.296481 301.036739 277.315160 270.853163
198406 41.491535 300.744615 277.049434 270.603831
198407 42.307264 300.240693 276.652642 270.297953
198408 42.643765 299.940548 276.824227 270.455752
198409 40.923077 299.930479 276.799710 270.370886
198410 40.564513 300.181031 276.884443 270.410250
198411 40.826197 300.372564 276.808205 270.305337
198412 41.487785 300.368958 276.850257 270.378131
198501 41.302373 300.431209 276.888030 270.432723
198502 40.997069 300.543703 277.037246 270.622329
198503 42.324786 300.785115 277.224256 270.776591
198504 43.451146 300.854236 277.379990 270.931112
198505 43.188057 300.719298 277.194120 270.738338
198506 41.996603 300.396803 276.727373 270.283612
198507 41.310502 300.033267 276.365745 269.933135
198508 41.081013 299.843297 276.265441 269.861584
198509 39.995850 299.869339 276.396770 269.959800
198510 39.812991 300.151009 276.636792 270.123401
198511 40.727655 300.313671 276.732806 270.244498
198512 40.902627 300.272869 276.770773 270.317610
198601 41.533637 300.182405 276.651050 270.225660
198602 40.256316 300.229923 276.610982 270.131885
198603 40.559318 300.514196 276.663703 270.137581
198604 41.796921 300.828317 277.021633 270.453008
198605 42.710468 300.882261 276.888064 270.341091
198606 42.560390 300.601311 276.832920 270.383976
198607 41.826288 300.193034 276.408995 269.967880
198608 41.744054 300.035190 276.504866 270.064658
198609 40.553768 300.089377 276.729478 270.268765
198610 40.930286 300.344102 277.021330 270.523899
198611 41.684252 300.576742 276.844619 270.301316
198612 42.909129 300.626483 277.070992 270.591360
198701 41.742758 300.704747 277.343221 270.923140
198702 41.421392 300.858226 277.509384 271.092517
198703 42.578161 301.132474 277.760290 271.336571
198704 44.683739 301.324042 277.951292 271.531520
198705 44.807703 301.224153 277.773357 271.373342
198706 44.292314 300.823868 277.325780 270.935865
198707 42.632123 300.349914 276.887575 270.512618
198708 42.470665 300.052356 276.894216 270.558681
198709 41.425209 300.118286 276.851162 270.398645
198710 40.708348 300.419896 276.978619 270.474698
198711 41.554080 300.582939 276.996918 270.515180
198712 41.019054 300.634696 276.970720 270.461136
198801 42.201856 300.604911 276.999057 270.528027
198802 41.460632 300.627003 277.185766 270.780645
198803 41.929605 300.775795 277.175322 270.689951
198804 43.154303 300.958555 277.276560 270.794928
198805 43.734919 300.802598 277.188197 270.733305
198806 42.239751 300.454938 276.771848 270.318154
198807 40.980555 300.051151 276.202682 269.799825
198808 41.886786 300.004080 276.362167 269.932685
198809 41.500258 300.231080 276.782614 270.315578
198810 41.868567 300.563464 277.088474 270.617480
198811 42.811577 300.767336 277.213810 270.724662
198812 43.658154 300.767456 277.279324 270.811238
198901 43.069480 300.806581 277.318660 270.893617
198902 42.569550 300.967786 277.453610 271.009243
198903 42.469322 301.300438 277.911803 271.478992
198904 44.739105 301.483611 278.024381 271.630598
198905 44.974808 301.349067 277.874431 271.463984
198906 44.459792 300.908952 277.449911 271.076126
198907 42.869799 300.398933 277.049815 270.680912
198908 42.897286 300.165492 276.903542 270.533868
198909 41.904278 300.257588 277.033441 270.605494
198910 41.589784 300.475256 277.208548 270.748661
198911 41.402752 300.729166 277.207743 270.704250
198912 43.064965 300.757452 277.408886 270.963117
199001 42.853407 300.738556 277.511349 271.122066
199002 41.889842 300.940818 277.531213 271.099116
199003 43.292428 301.179935 277.848827 271.432169
199004 44.776693 301.357172 277.967135 271.571013
199005 45.096829 301.187412 277.831093 271.464735
199006 43.860053 300.778440 277.223967 270.835468
199007 42.416479 300.331946 276.921047 270.570920
199008 42.439883 300.045022 276.815264 270.438072
199009 41.428583 300.121659 276.931452 270.509482
199010 41.210247 300.387253 277.057293 270.569203
199011 41.406901 300.571175 277.041399 270.557890
199012 41.581015 300.559494 277.078675 270.646451
199101 41.343972 300.540331 276.841879 270.408607
199102 41.539067 300.611395 277.103610 270.683842
199103 41.459240 300.920182 277.170877 270.675346
199104 43.987669 301.226182 277.509306 271.024140
199105 44.288795 301.184563 277.566287 271.151978
199106 43.991709 300.844612 277.309137 270.911018
199107 42.624805 300.363976 276.908042 270.549185
199108 42.730949 300.123160 276.749151 270.361007
199109 42.355399 300.159084 276.954882 270.496457
199110 41.568095 300.424703 277.020417 270.508145
199111 42.704691 300.660537 276.952568 270.399877
199112 42.853940 300.634248 277.141945 270.647049
199201 42.554462 300.674485 277.414980 270.969239
199202 42.026293 300.755917 277.790465 271.400784
199203 42.342344 301.050545 277.692507 271.238985
199204 44.065145 301.340651 277.697686 271.239276
199205 44.626643 301.293801 277.575244 271.141012
199206 43.681537 300.843888 277.300036 270.906703
199207 42.220395 300.301926 276.906591 270.563545
199208 41.558562 300.010900 276.746320 270.344712
199209 42.037198 300.102334 276.751835 270.299285
199210 41.884767 300.371261 276.896401 270.398516
199211 41.822448 300.569876 276.906924 270.408806
199212 41.671967 300.633577 276.947165 270.472811
199301 41.998372 300.617772 277.205125 270.794767
199302 41.317183 300.713998 277.103880 270.667168
199303 41.677868 300.920684 277.295908 270.844628
199304 43.328185 301.061481 277.355914 270.864861
199305 42.942102 300.968048 277.229354 270.782295
199306 42.208461 300.551707 276.872400 270.471128
199307 42.322487 300.119177 276.674830 270.296680
199308 41.727599 299.934728 276.672422 270.316014
199309 41.408451 299.957999 276.652352 270.241524
199310 40.417688 300.219242 276.775939 270.327071
199311 41.400208 300.360597 276.852348 270.375741
199312 40.318257 300.297160 276.879152 270.427654
199401 39.544609 300.301483 276.740706 270.277402
199402 40.930429 300.425740 276.578884 270.100061
199403 42.252246 300.773388 277.019224 270.515703
199404 43.136685 301.038500 277.306939 270.828536
199405 43.415751 301.044043 277.267933 270.812917
199406 43.477407 300.784977 277.083987 270.657174
199407 42.730880 300.352307 276.871069 270.469888
199408 42.042028 300.122464 276.891098 270.506201
199409 42.204275 300.217600 276.944458 270.489759
199410 41.926233 300.468930 277.047183 270.577726
199411 42.804411 300.625419 277.191980 270.709629
199412 42.426509 300.741768 277.318865 270.870397
199501 42.701626 300.762037 277.476661 271.094589
199502 43.499602 300.752222 277.481428 271.102746
199503 43.160324 300.855506 277.513031 271.091781
199504 43.509201 301.033994 277.489688 271.032037
199505 43.698805 300.915279 277.246339 270.793964
199506 42.433879 300.521339 277.080590 270.666897
199507 41.265170 300.150584 276.487221 270.040863
199508 41.517096 299.970447 276.527583 270.110626
199509 41.051863 300.071063 276.651926 270.212619
199510 41.479059 300.295877 276.779119 270.315499
199511 41.443359 300.464138 276.995894 270.531926
199512 41.202725 300.471017 276.889832 270.420731
199601 40.659993 300.419675 276.688246 270.229553
199602 41.178235 300.489271 276.839005 270.396877
199603 41.980658 300.717489 277.037671 270.533812
199604 43.374839 300.893950 277.259491 270.771116
199605 42.749049 300.894937 277.075231 270.596540
199606 43.001535 300.570087 276.889394 270.475808
199607 42.112805 300.261633 276.672069 270.238405
199608 42.701404 300.057831 276.850028 270.451629
199609 41.335676 300.162753 276.852958 270.402802
199610 41.397512 300.376929 276.904847 270.399080
199611 42.019441 300.563589 277.068234 270.581448
199612 41.970397 300.613158 277.065787 270.585779
199701 42.632965 300.550802 277.391235 270.986909
199702 41.546377 300.610805 277.385669 270.993301
199703 42.735768 300.830543 277.521293 271.096220
199704 43.737510 301.130497 277.721521 271.291246
199705 44.043489 301.045741 277.458369 271.006422
199706 42.730709 300.748986 277.131880 270.722974
199707 43.078437 300.355705 276.797914 270.417429
199708 42.443036 300.091584 276.885118 270.517129
199709 41.923822 300.113727 276.944956 270.528651
199710 42.024650 300.424445 277.050568 270.573083
199711 41.872221 300.650089 277.079914 270.581833
199712 41.926350 300.690695 277.119013 270.666669
199801 42.270283 300.674804 277.106250 270.670544
199802 41.731575 300.742001 277.447913 271.015651
199803 42.615955 301.087975 277.406869 270.935868
199804 44.881609 301.360437 277.847430 271.406519
199805 45.552229 301.345961 277.957069 271.570325
199806 44.372979 300.955474 277.568356 271.211358
199807 42.970306 300.557507 277.191535 270.841893
199808 43.220758 300.332401 277.102893 270.719677
199809 42.864588 300.328553 277.265850 270.866734
199810 42.625505 300.615019 277.458562 270.999934
199811 43.262358 300.754388 277.364352 270.908442
199812 42.576006 300.789324 277.454193 270.992153
199901 42.777748 300.830883 277.400258 270.980228
199902 43.156339 300.986047 277.846537 271.462399
199903 43.619064 301.227589 278.272666 271.932523
199904 44.706105 301.481099 278.074426 271.642600
199905 45.069375 301.276626 278.011524 271.662069
199906 44.832291 300.748611 277.443011 271.119713
199907 42.914389 300.149590 276.806596 270.452764
199908 41.815951 299.898915 276.657280 270.262102
199909 41.345608 299.975308 276.671483 270.247405
199910 40.626520 300.268806 276.824062 270.352303
199911 41.099860 300.355881 276.758615 270.247336
199912 40.662059 300.287944 276.632708 270.154142
200001 40.981595 300.194563 276.507611 270.055516
200002 40.294644 300.294660 276.452814 269.957671
200003 41.368507 300.539976 276.810728 270.303191
200004 42.462136 300.768796 276.973717 270.447051
200005 42.561395 300.732685 276.939474 270.436821
200006 41.940055 300.371511 276.682155 270.256539
200007 41.553636 299.999196 276.379222 269.931052
200008 42.166249 299.842373 276.309935 269.884873
200009 40.772353 299.960945 276.651337 270.177784
200010 40.928684 300.259333 276.733509 270.243016
200011 41.216255 300.475929 276.909251 270.423702
200012 40.772410 300.453547 276.934414 270.453511
200101 40.390428 300.450635 276.817628 270.337824
200102 41.740097 300.576848 277.069796 270.612697
200103 42.615317 300.914309 277.241868 270.735305
200104 44.763969 301.167526 277.642312 271.180359
200105 44.828091 301.159268 277.526977 271.086661
200106 43.171295 300.798727 277.230155 270.804228
200107 43.127184 300.352251 276.845370 270.477585
200108 43.158130 300.258192 277.001278 270.593760
200109 42.953742 300.354578 277.119855 270.682739
200110 42.867985 300.592300 277.298188 270.821878
200111 42.551046 300.861910 277.344964 270.866017
200112 43.177894 300.988153 277.489163 271.025471
200201 43.749445 301.016044 277.636069 271.218745
200202 43.553199 301.118547 277.800816 271.427643
200203 43.136363 301.341917 277.868327 271.449843
200204 44.464080 301.492815 277.995492 271.573499
200205 45.659869 301.375286 277.833065 271.424254
200206 43.495029 300.933337 277.494859 271.114032
200207 42.693678 300.426643 277.068440 270.725999
200208 42.867176 300.192786 276.915128 270.570995
200209 42.570377 300.327549 277.085385 270.668098
200210 41.942188 300.622355 277.210187 270.762938
200211 42.236874 300.765326 277.266343 270.828210
200212 42.356066 300.760390 277.276025 270.839083
200301 42.483602 300.799624 277.178403 270.753819
200302 42.955724 300.874594 277.398068 270.995852
200303 43.562054 301.096964 277.736553 271.317963
200304 45.310987 301.318863 277.933174 271.500997
200305 44.580198 301.191677 277.773798 271.368798
200306 44.094764 300.807486 277.372360 271.039431
200307 43.143631 300.323130 277.078047 270.747245
200308 42.373041 300.133850 276.942650 270.592023
200309 42.515444 300.238376 277.130518 270.695351
200310 42.052888 300.511238 277.174009 270.691724
200311 42.628928 300.695081 277.294822 270.828640
200312 42.975674 300.807253 277.356107 270.925271
200401 42.626501 300.802685 277.423528 271.018365
200402 42.870308 300.968872 277.593643 271.218867
200403 43.590281 301.154903 277.922477 271.555441
200404 44.305732 301.348584 277.952385 271.520903
200405 44.592438 301.290410 277.835146 271.441011
200406 43.800864 300.872591 277.568801 271.212237
200407 43.190942 300.372282 277.108559 270.777942
200408 42.813017 300.076295 277.133210 270.795287
200409 41.825101 300.131343 277.011964 270.595209
200410 41.868268 300.361501 277.054875 270.573155
200411 41.334080 300.474087 277.057193 270.606004
200412 41.615356 300.450213 277.070838 270.625088
200501 41.960916 300.472480 277.111506 270.685024
200502 42.289482 300.666180 277.026651 270.561800
200503 42.767031 300.845800 277.485167 271.056469
200504 42.760526 301.077409 277.486867 271.018095
200505 43.221798 301.029229 277.328626 270.856280
200506 42.827130 300.726868 277.236290 270.833802
200507 42.280868 300.376972 276.873423 270.496082
200508 42.556083 300.227057 276.990441 270.591614
200509 42.478092 300.296682 277.207188 270.805353
200510 41.790658 300.591225 277.371526 270.927080
200511 42.321436 300.769077 277.356198 270.920744
200512 42.598186 300.803631 277.313071 270.870886
200601 42.123300 300.809320 277.504252 271.109831
200602 42.371758 300.910811 277.484559 271.106670
200603 43.472487 301.245412 277.742805 271.316044
200604 45.326513 301.498722 278.232709 271.851849
200605 45.602370 301.444521 278.058178 271.683010
200606 44.548823 301.200173 277.709917 271.351884
200607 44.179381 300.707713 277.503110 271.167567
200608 43.921386 300.326894 277.380412 271.059532
200609 43.129977 300.360805 277.258817 270.865457
200610 42.509246 300.582683 277.368140 270.930793
200611 42.236481 300.773723 277.356625 270.912778
200612 43.453905 300.843667 277.380750 270.937842
200701 43.288147 300.866485 277.576140 271.178323
200702 42.397978 300.962519 277.574067 271.156376
200703 43.584737 301.074965 277.732863 271.309035
200704 44.806650 301.158815 277.732585 271.311343
200705 44.426723 301.068193 277.684933 271.275180
200706 43.091275 300.721879 277.307285 270.947990
200707 43.120258 300.336319 276.852229 270.480582
200708 42.780646 300.067904 276.948306 270.586405
200709 41.813516 300.081047 276.924622 270.534866
200710 41.811168 300.377705 277.005717 270.538307
200711 41.950167 300.520263 277.164668 270.728021
200712 42.147369 300.523759 277.177712 270.754317
200801 41.647541 300.469071 276.967231 270.542008
200802 42.042507 300.524393 276.943430 270.525609
200803 42.692544 300.840616 277.265050 270.803360
200804 43.782350 301.145745 277.398911 270.902299
200805 44.348747 301.080542 277.496040 271.056957
200806 43.209020 300.707820 277.076529 270.693741
200807 42.631751 300.326770 276.825126 270.443270
200808 42.866091 300.185214 276.835868 270.451843
200809 42.003251 300.306040 277.101867 270.684203
200810 41.440594 300.606128 277.310698 270.843885
200811 41.953764 300.836789 277.457411 271.006735
200812 42.841301 300.930685 277.490563 271.027716
200901 43.560895 301.013636 277.702681 271.283654
200902 42.592811 301.224358 277.696163 271.302613
200903 43.840444 301.469386 278.075558 271.663598
200904 45.749402 301.661480 278.581655 272.235753
200905 46.387734 301.599048 278.509806 272.200936
200906 44.681688 301.273838 278.104947 271.781232
200907 45.194546 300.786706 277.728390 271.477433
200908 44.287224 300.435616 277.535628 271.212003
200909 43.376779 300.456246 277.451645 271.049103
200910 42.879919 300.712021 277.449745 271.003898
200911 43.363759 300.925979 277.584863 271.135645
200912 43.804110 300.954011 277.613398 271.205358
201001 43.404515 300.980003 277.758234 271.388107
201002 43.670713 301.035262 277.728027 271.343653
201003 43.809882 301.229686 277.944785 271.573510
201004 45.677909 301.328248 277.964663 271.550602
201005 44.641382 301.187683 277.863724 271.484934
201006 43.110359 300.759180 277.256704 270.914420
201007 42.725689 300.403404 276.846512 270.477606
201008 42.634259 300.201140 276.976836 270.598579
201009 42.349090 300.266319 277.042749 270.620939
201010 42.025485 300.585887 277.287754 270.841361
201011 41.583082 300.823923 277.361020 270.902018
201012 42.372451 300.807492 277.343664 270.903450
201101 42.825615 300.717293 277.285637 270.897824
201102 42.538759 300.805922 277.384719 270.975104
201103 42.422987 301.111642 277.543195 271.101956
201104 43.686662 301.327334 277.744801 271.302575
201105 44.529377 301.378800 277.602830 271.139310
201106 43.705758 301.131936 277.484735 271.062875
201107 43.591431 300.714818 277.280168 270.898448
201108 44.533184 300.520745 277.304235 270.953044
201109 43.823043 300.667386 277.476913 271.074381
201110 43.221139 300.971938 277.683882 271.237204
201111 44.214370 301.172638 277.788039 271.346621
201112 44.492498 301.212379 278.049675 271.651184
201201 45.000638 301.113319 278.184001 271.859104
201202 44.435728 301.216251 278.449939 272.134095
201203 44.342395 301.473062 278.465231 272.132855
201204 45.600353 301.640778 278.363969 271.999525
201205 46.146578 301.560287 278.232503 271.890268
201206 44.830028 301.137597 277.859753 271.536399
201207 44.186039 300.647121 277.497685 271.193453
201208 44.078916 300.342580 277.339436 271.015776
201209 43.265028 300.358687 277.321265 270.949826
201210 43.187713 300.544695 277.207142 270.795181
201211 43.004639 300.742612 277.242874 270.788218
201212 42.593358 300.772832 277.380546 270.963791
201301 42.909116 300.747605 277.218119 270.825480
201302 42.510446 300.736115 277.200892 270.764060
201303 43.314125 300.957617 277.448481 271.019360
201304 44.460405 301.256307 277.673481 271.229005
201305 44.708690 301.232930 277.603607 271.181383
201306 44.085581 300.917015 277.431405 271.057456
201307 42.987216 300.447089 276.988702 270.616720
201308 43.192502 300.238311 277.079904 270.714416
201309 42.392188 300.236912 277.150642 270.763430
201310 42.089887 300.520825 277.315659 270.867987
201311 41.950628 300.778684 277.245741 270.766795
201312 42.569846 300.817818 277.370368 270.958607
201401 43.108183 300.785577 277.478939 271.095410
201402 42.253505 300.881232 277.493474 271.109771
201403 43.182011 301.033366 277.705099 271.312235
201404 44.500944 301.264148 277.910986 271.501945
201405 44.260595 301.143110 277.658307 271.245293
201406 43.989200 300.793473 277.454012 271.091089
201407 42.435760 300.386893 276.916393 270.518309
201408 43.681415 300.252092 277.009397 270.640077
201409 42.970001 300.405913 277.149709 270.755963
201410 42.620509 300.623343 277.332261 270.907933
201411 43.109987 300.753384 277.423015 271.013578
201412 42.467919 300.767964 277.394656 271.008331
201501 42.802675 300.686382 277.278271 270.897521
201502 42.135197 300.758118 277.276542 270.866330
201503 43.140896 300.966281 277.444023 270.986666
201504 43.435972 301.123320 277.696021 271.244045
201505 43.838719 301.177581 277.577230 271.154806
201506 43.005213 300.888654 277.282727 270.875752
201507 43.251314 300.474169 277.017634 270.679593
201508 42.899036 300.287747 277.068897 270.709734
201509 42.895168 300.352303 277.240791 270.827392
201510 42.289035 300.621638 277.388383 270.927587
201511 42.854162 300.809063 277.379441 270.954296
201512 42.933397 300.820011 277.452587 271.037757
201601 42.703719 300.792568 277.483857 271.098981
201602 42.084315 300.949410 277.478485 271.064598
201603 42.489623 301.252073 277.659433 271.222938
201604 45.117816 301.425140 278.003241 271.596623
201605 44.590710 301.291973 277.966719 271.604359
201606 43.539122 301.002211 277.577323 271.244556
201607 43.135911 300.626236 277.216322 270.856419
201608 43.859009 300.385171 277.265770 270.960334
201609 42.977904 300.454373 277.465336 271.087239
201610 42.964690 300.721206 277.512360 271.106667
201611 42.249363 300.847709 277.473528 271.043271
201612 41.751275 300.825425 277.497107 271.109885
201701 42.264978 300.793452 277.357066 270.960432
201702 42.986221 300.873748 277.447169 271.042706
201703 43.503190 301.122660 277.776006 271.358975
201704 44.691734 301.326216 277.835660 271.403063
201705 45.374548 301.264898 277.653859 271.236787
201706 43.990126 300.973081 277.293869 270.892756
201707 44.181655 300.609404 277.231806 270.893037
201708 43.405832 300.333746 277.242229 270.936774
201709 42.535903 300.384809 277.388054 271.023508
201710 42.413880 300.663140 277.473978 271.045046
201711 43.498674 300.885250 277.538073 271.099476
201712 42.788488 300.992496 277.595528 271.170802
201801 43.476003 300.961046 277.668937 271.278309
201802 44.632419 301.023608 277.886739 271.508613
201803 44.164076 301.288790 278.029426 271.650550
201804 45.168320 301.487356 278.207383 271.841505
201805 45.151694 301.446904 278.138535 271.780040
201806 45.144221 301.118006 277.823809 271.496989
201807 44.390412 300.669631 277.392879 271.077205
201808 44.457084 300.359091 277.422730 271.102305
201809 43.533296 300.434996 277.585392 271.205644
201810 43.354969 300.746632 277.541147 271.086958
201811 42.971801 300.990101 277.641051 271.182839
201812 43.221157 301.042998 277.621718 271.203292
201901 43.868610 301.067281 277.791269 271.416672
201902 43.180459 301.271001 277.997057 271.637671
201903 44.521522 301.531401 278.297547 271.921957
201904 45.830381 301.702218 278.392023 272.017768
201905 45.822462 301.611592 278.287004 271.917870
201906 45.155635 301.306309 277.906331 271.580716
201907 44.300157 300.808785 277.736489 271.459038
201908 44.050009 300.546741 277.514498 271.186215
201909 43.122149 300.687780 277.586908 271.193931
201910 43.365525 300.964618 277.842771 271.432579
201911 43.823081 301.206317 277.852342 271.423635
201912 44.322900 301.229813 277.951393 271.581120
202001 44.620591 301.236432 278.128986 271.793611
202002 44.387288 301.328447 278.326795 272.016441
202003 44.782453 301.523341 278.348819 272.022043
202004 46.000225 301.697452 278.376587 272.001435
202005 46.588207 301.520505 278.375426 272.045534
202006 44.432008 301.160131 277.876365 271.534840
202007 44.036902 300.715868 277.455078 271.140476
202008 43.521935 300.546188 277.480041 271.149600
202009 42.981616 300.575453 277.540205 271.177433
202010 42.782125 300.872124 277.549476 271.096417
202011 43.202483 301.104090 277.745873 271.309467
202012 42.887491 301.216219 277.728997 271.309829
202101 44.220881 301.134622 277.856295 271.480285
202102 44.078039 301.197958 277.949075 271.591973
202103 44.198378 301.416243 278.076580 271.713364
202104 45.482470 301.731618 278.274405 271.888069
202105 45.752970 301.712341 278.293958 271.961872
202106 45.199178 301.411440 278.185887 271.905110
202107 45.666065 301.035233 277.863392 271.582082
202108 44.887271 300.757687 277.818599 271.547649
202109 44.083783 300.784827 277.839633 271.481361
202110 43.415124 300.963311 277.971059 271.571300
202111 44.679312 301.216443 277.854023 271.428481
202112 44.302589 301.261950 278.099252 271.723851
202201 44.528762 301.228376 278.094190 271.759542
202202 44.347331 301.326464 278.219705 271.899773
202203 45.268488 301.629667 278.423173 272.058026
202204 45.828129 301.806737 278.653889 272.282060
202205 46.589442 301.659685 278.393687 272.048410
202206 45.847248 301.203466 278.014321 271.712367
202207 45.017677 300.755284 277.632266 271.336521
202208 44.735692 300.504876 277.630577 271.340477
202209 43.310595 300.538424 277.660413 271.323833
202210 43.110187 300.801323 277.761356 271.352695
202211 43.525463 301.020182 277.643495 271.228874
202212 43.595199 301.036536 277.664043 271.270364
202301 44.423883 301.020980 277.729305 271.357779
202302 43.118113 301.203746 278.066131 271.712502
202303 43.873351 301.423482 278.026719 271.611151
202304 44.821306 301.687066 278.129127 271.717926
202305 45.705658 301.626046 278.301645 271.938384
202306 44.854167 301.376746 278.082433 271.778214
202307 45.447057 300.838364 277.775273 271.528493
202308 44.419108 300.560894 277.649892 271.333606
202309 43.739574 300.713753 277.692545 271.322118
202310 44.103724 301.004031 277.960949 271.547120
202311 44.330023 301.317110 277.881229 271.444135
202312 44.428576 301.363542 278.157160 271.799622
202401 45.032486 301.445605 278.239580 271.917815
202402 45.254288 301.544710 278.469529 272.167739
202403 45.935792 301.784780 278.739360 272.427223
202404 46.643489 301.961498 278.897029 272.610770
202405 47.184762 301.850457 278.596909 272.289279
202406 46.770608 301.478139 278.421454 272.156027
202407 44.656028 301.021060 277.880467 271.620915
202408 45.546946 300.770596 277.891447 271.603749
202409 44.498945 300.804682 278.021135 271.712295
202410 44.180119 301.009339 278.110055 271.733766
202411 44.587246 301.226623 277.910143 271.520236
202412 44.486675 301.265856 278.060556 271.707361
