time(yyyymm) ts_cwv ts_sst ts_tlt ts_tmt
198001 43.719343 299.427666 277.222360 270.755078
198002 43.401512 299.450655 277.360276 270.897427
198003 44.034070 299.786596 277.428041 270.900162
198004 45.529806 300.106394 277.312051 270.661250
198005 44.909014 300.180879 277.197016 270.519574
198006 43.090235 299.519373 276.928885 270.308534
198007 42.325042 298.821673 276.532067 269.941505
198008 41.519475 298.707246 276.520113 269.951412
198009 41.966289 298.786486 276.755599 270.189682
198010 42.942584 299.351163 276.840227 270.213568
198011 42.989893 299.712202 277.059322 270.448001
198012 43.836040 299.682938 277.027731 270.469116
198101 42.755150 299.715324 277.035399 270.496332
198102 43.693154 299.567174 277.520631 271.049578
198103 45.349080 299.958277 277.641267 271.115051
198104 45.859954 300.505370 277.599860 270.955026
198105 46.441963 300.645484 277.529377 270.871188
198106 44.194098 299.995175 277.448959 270.888847
198107 43.893578 299.443972 277.336828 270.821034
198108 43.572846 299.090866 277.267194 270.790923
198109 44.299299 299.163030 277.281562 270.761646
198110 43.881098 299.698003 277.271529 270.697371
198111 44.834883 300.110969 277.320865 270.717460
198112 45.099686 300.115297 277.624371 271.106288
198201 43.904695 299.936219 277.660008 271.219533
198202 45.067012 299.877521 277.948843 271.529492
198203 45.437360 300.312166 278.184216 271.713907
198204 47.042269 300.847455 278.043806 271.468833
198205 47.119345 300.456897 277.762663 271.163765
198206 44.403361 299.850265 277.415047 270.852079
198207 43.277476 299.164377 276.955629 270.400627
198208 42.475321 298.738386 276.801147 270.264989
198209 42.551199 298.870061 276.878797 270.306404
198210 42.034016 299.196273 276.784998 270.152893
198211 42.966237 299.618792 276.722434 270.047165
198212 42.745495 299.628620 276.911832 270.323250
198301 41.835639 299.464577 277.056326 270.558518
198302 42.668260 299.358057 277.138470 270.628947
198303 43.367925 299.835512 277.208913 270.634770
198304 45.182216 300.203741 277.302329 270.638903
198305 44.708951 300.139449 277.203583 270.548995
198306 43.310385 299.559064 276.963470 270.386242
198307 42.210950 298.918042 276.607475 270.038414
198308 40.921006 298.747563 276.539750 269.958724
198309 41.750596 298.826698 276.739318 270.172625
198310 42.527918 299.367196 276.668095 270.011169
198311 43.744930 299.889926 276.892992 270.226997
198312 44.767127 299.924796 277.538330 271.028107
198401 43.424107 299.824593 277.544109 271.070553
198402 44.280351 299.948382 277.863671 271.425596
198403 46.140329 300.272802 278.120376 271.670989
198404 46.485520 300.560452 277.842951 271.270545
198405 47.517485 300.289539 277.628712 271.013546
198406 43.732391 299.784690 277.047427 270.417259
198407 42.722519 299.051269 276.673906 270.072338
198408 41.599468 298.719979 276.745637 270.215244
198409 41.734380 298.852165 276.828870 270.261375
198410 42.425348 299.164357 276.710835 270.087595
198411 42.294766 299.576934 276.745899 270.078943
198412 42.541856 299.687083 276.804819 270.190559
198501 43.210062 299.405375 277.072102 270.542723
198502 43.457258 299.302110 277.404944 270.953911
198503 42.717240 299.604164 277.287954 270.743091
198504 44.557819 299.885697 277.226500 270.588259
198505 44.181090 299.958041 276.968116 270.264214
198506 42.956920 299.372548 276.670829 270.038619
198507 41.590240 298.734352 276.293549 269.709486
198508 41.718363 298.522390 276.435648 269.859870
198509 40.998164 298.497190 276.459099 269.857559
198510 41.854598 299.006168 276.402335 269.722584
198511 42.525462 299.378898 276.646995 269.999364
198512 41.965707 299.552892 276.532894 269.928194
198601 42.194012 299.372889 276.870211 270.355295
198602 41.755374 299.236492 277.047695 270.533056
198603 42.484488 299.667395 277.180399 270.598418
198604 43.635558 300.134885 277.017912 270.304976
198605 45.033978 300.037300 277.045525 270.353904
198606 44.097022 299.551997 277.060740 270.482244
198607 42.813281 298.900798 276.789410 270.240668
198608 42.813053 298.646306 276.699912 270.170946
198609 42.341003 298.781791 276.809869 270.263206
198610 43.145873 299.174555 276.884057 270.273904
198611 42.763639 299.547173 276.750600 270.106703
198612 41.658140 299.867337 276.795716 270.209175
198701 42.564132 299.809579 276.999601 270.443664
198702 44.524519 299.761162 277.671618 271.199758
198703 44.816165 299.924823 277.745725 271.232782
198704 45.299293 300.356612 277.509712 270.878837
198705 45.984633 300.141916 277.276940 270.622806
198706 43.533264 299.631017 276.879114 270.224287
198707 42.347135 299.059000 276.877641 270.315730
198708 41.974412 298.766792 276.769262 270.235950
198709 42.480637 298.851611 276.858789 270.283206
198710 41.896250 299.371073 276.855922 270.244089
198711 42.435191 299.676405 276.994336 270.371552
198712 43.622550 299.804475 277.098133 270.516998
198801 42.921409 299.729260 277.275668 270.792151
198802 43.129251 299.695446 277.689133 271.244137
198803 45.159270 300.009798 277.712802 271.183405
198804 45.355606 300.446065 277.568671 270.965544
198805 46.671791 300.137748 277.507479 270.877496
198806 44.020925 299.724046 277.168295 270.558774
198807 43.341366 299.244792 277.088989 270.558898
198808 41.778337 298.779720 277.056934 270.561200
198809 42.229589 298.954194 277.130371 270.607263
198810 43.064408 299.449353 276.928887 270.322673
198811 43.643080 299.918117 277.163896 270.543941
198812 44.466696 300.061188 277.478744 270.938717
198901 44.327074 299.856157 277.645526 271.209993
198902 44.925593 299.827973 277.815089 271.406238
198903 45.691241 300.302572 278.138902 271.663029
198904 46.617441 300.634439 278.051337 271.506218
198905 46.672536 300.503687 277.849381 271.252457
198906 45.749731 300.029271 277.703149 271.153308
198907 44.286815 299.374987 277.332606 270.829516
198908 43.989802 299.056164 277.251297 270.763723
198909 43.313722 299.188053 277.213031 270.682267
198910 44.146155 299.637438 277.198903 270.601889
198911 45.228769 300.075266 277.561027 270.995161
198912 45.328567 300.328281 277.805570 271.316723
199001 44.175654 300.309989 277.741184 271.286492
199002 44.771205 300.265379 278.152550 271.746981
199003 45.899719 300.652725 278.335337 271.869401
199004 48.279525 301.067147 278.342926 271.795786
199005 48.798430 300.723790 278.414244 271.913260
199006 45.443764 300.159759 277.685595 271.133619
199007 43.776721 299.471776 277.347604 270.848742
199008 44.034690 299.092674 277.207961 270.723548
199009 44.537452 299.242757 277.470423 270.986251
199010 45.540647 299.782696 277.573593 271.020375
199011 44.271865 300.230705 277.591862 271.013592
199012 44.943978 300.207109 277.775360 271.264333
199101 44.794697 300.092229 277.730983 271.296567
199102 44.609208 300.029672 278.075964 271.655982
199103 46.472502 300.394785 278.174442 271.697869
199104 47.502787 300.683562 278.241458 271.684115
199105 47.466688 300.757038 278.038511 271.443240
199106 45.861851 300.136529 277.719502 271.187484
199107 44.651274 299.343799 277.357348 270.882595
199108 43.081034 298.886564 277.164516 270.676670
199109 42.442296 298.910166 277.018215 270.473598
199110 42.954343 299.345903 276.874165 270.227790
199111 44.534180 299.770208 277.075708 270.440876
199112 43.321906 299.894036 277.133434 270.553754
199201 43.244540 299.663848 277.165948 270.656060
199202 44.321069 299.425332 277.563159 271.100423
199203 44.346166 299.735838 277.461658 270.904423
199204 45.003039 300.198437 277.372838 270.722614
199205 44.751097 300.207677 277.109051 270.410824
199206 43.844394 299.336309 276.905864 270.288719
199207 42.150995 298.731869 276.481333 269.886691
199208 42.093708 298.477682 276.453547 269.895365
199209 41.770265 298.608926 276.558477 269.983007
199210 41.415293 299.037091 276.490175 269.841418
199211 42.551908 299.345693 276.672811 270.011166
199212 42.268100 299.453392 276.691946 270.086878
199301 42.738182 299.478400 277.021289 270.478167
199302 42.968420 299.502351 277.328134 270.848694
199303 44.078608 299.718490 277.388674 270.835255
199304 44.658935 300.046998 277.167044 270.515071
199305 43.934765 300.066350 276.863494 270.145187
199306 43.867080 299.247090 276.685589 270.043935
199307 40.984388 298.720917 276.322841 269.731220
199308 41.233210 298.504756 276.493255 269.916184
199309 42.235715 298.601525 276.596193 270.006452
199310 42.713872 299.176230 276.574505 269.918464
199311 43.334730 299.605085 276.814530 270.155161
199312 41.979038 299.835291 276.892136 270.280606
199401 43.068916 299.930107 277.311810 270.784366
199402 43.598112 299.869988 277.723987 271.277701
199403 45.115416 300.184273 277.922710 271.430826
199404 46.175985 300.538498 277.830615 271.229574
199405 47.330816 300.482893 277.697013 271.061539
199406 44.205665 299.746099 277.335668 270.758911
199407 42.781538 299.222472 277.019685 270.474715
199408 42.866254 298.810464 277.160510 270.666259
199409 42.840050 298.870704 277.081382 270.575866
199410 42.908348 299.475458 277.019868 270.409643
199411 43.942488 299.912042 277.315597 270.715578
199412 43.635212 300.021861 277.360175 270.808791
199501 42.809111 299.669871 277.383462 270.895226
199502 43.464421 299.690096 277.548797 271.089687
199503 45.081222 300.102767 277.789865 271.286018
199504 46.127306 300.323775 277.815900 271.239291
199505 46.650327 300.318228 277.545797 270.923208
199506 44.513913 299.499779 277.128043 270.553521
199507 42.188113 298.879186 276.704126 270.157199
199508 41.735742 298.632245 276.642538 270.093501
199509 42.230394 298.729521 276.841376 270.289908
199510 42.287741 299.361268 276.812631 270.177077
199511 44.102967 299.809341 277.044260 270.412103
199512 44.405508 299.777138 277.314787 270.775629
199601 43.601224 299.708714 277.250032 270.760120
199602 43.226386 299.693583 277.679068 271.224700
199603 43.698021 300.263257 277.764109 271.230617
199604 46.186343 300.634092 277.867636 271.272615
199605 46.789221 300.527567 277.718120 271.090974
199606 44.592891 299.648815 277.530267 271.020133
199607 42.717287 299.032685 276.923096 270.382925
199608 42.403810 298.733470 276.938238 270.430499
199609 43.030708 298.751749 276.915595 270.391887
199610 43.052387 299.283650 276.945473 270.330182
199611 43.270797 299.787079 277.022968 270.385837
199612 43.132427 299.909203 277.180365 270.599430
199701 44.334580 299.598830 277.300550 270.801768
199702 43.533756 299.640037 277.565803 271.119646
199703 44.786303 300.054380 277.644219 271.126280
199704 45.704404 300.385564 277.620180 270.989079
199705 46.561853 300.234686 277.690159 271.075693
199706 43.132145 299.622308 277.105296 270.511903
199707 42.287555 299.039887 276.899023 270.337865
199708 41.494117 298.796087 276.841842 270.305576
199709 43.707869 298.992145 277.101187 270.552904
199710 43.968149 299.506621 277.038466 270.439423
199711 44.736702 300.140173 277.342248 270.746052
199712 44.691776 300.222349 277.495537 270.967114
199801 44.834439 300.038577 277.730923 271.298185
199802 45.065397 300.003468 277.920508 271.470498
199803 46.751746 300.275155 278.162536 271.698636
199804 47.732791 300.708737 278.058490 271.486795
199805 48.241757 300.614455 277.998184 271.428905
199806 45.625845 300.072646 277.691948 271.166173
199807 43.390291 299.489573 277.409937 270.891953
199808 43.234105 299.105059 277.339434 270.876186
199809 44.064231 299.249052 277.386817 270.870239
199810 43.833210 299.969753 277.402490 270.819188
199811 46.180952 300.337074 277.798580 271.239275
199812 45.296485 300.417614 277.983808 271.480451
199901 45.194875 300.136681 278.031331 271.620741
199902 44.895336 300.358254 278.126123 271.703324
199903 47.188230 300.780244 278.690583 272.276576
199904 49.140356 301.169477 278.695681 272.193947
199905 49.563774 301.090104 278.704427 272.215235
199906 47.501715 300.291548 278.246789 271.802680
199907 44.726310 299.548251 277.683113 271.220823
199908 44.330243 299.165195 277.520376 271.069739
199909 44.678494 299.100265 277.464614 270.979100
199910 44.074386 299.672955 277.348698 270.784246
199911 45.375513 300.166623 277.527061 270.951245
199912 45.563781 300.164827 277.955720 271.491167
200001 45.161643 299.942191 277.660991 271.197349
200002 45.380759 299.761469 277.895474 271.495344
200003 45.917603 300.155973 278.020488 271.534235
200004 46.060359 300.612080 277.776885 271.155370
200005 46.538133 300.564421 277.790418 271.183475
200006 45.264231 299.665149 277.361441 270.812799
200007 43.152274 299.080386 276.950425 270.397980
200008 42.977841 298.763235 277.070114 270.565995
200009 42.574808 298.987046 277.135852 270.602398
200010 44.052635 299.459953 277.247643 270.677078
200011 44.353755 299.862341 277.320803 270.732576
200012 43.531089 300.010134 277.199580 270.639976
200101 43.636804 299.865740 277.382971 270.900364
200102 44.042177 299.706442 277.693038 271.266068
200103 44.778064 300.024979 277.721840 271.205678
200104 44.945554 300.621040 277.578926 270.935494
200105 46.765195 300.629354 277.686347 271.050384
200106 45.626448 299.992785 277.583516 271.046294
200107 43.352175 299.220269 277.235787 270.749038
200108 42.367885 298.973296 277.126220 270.612525
200109 43.385201 299.039194 277.304220 270.797529
200110 43.699112 299.590455 277.185783 270.597369
200111 44.278991 300.004710 277.405536 270.815860
200112 44.626587 300.237360 277.642337 271.121190
200201 44.432801 300.189914 277.678648 271.216059
200202 44.866214 300.347967 278.272157 271.878751
200203 47.070056 300.661896 278.624412 272.209461
200204 47.843381 300.815255 278.513336 272.015595
200205 48.557666 300.764371 278.190200 271.651584
200206 46.506146 300.078370 277.980588 271.475845
200207 44.376828 299.339903 277.528515 271.082105
200208 43.689736 299.015712 277.378018 270.925421
200209 43.583791 299.037517 277.395238 270.910851
200210 43.573213 299.536505 277.224199 270.639142
200211 44.898669 300.198772 277.511474 270.921502
200212 44.578790 300.188821 277.717843 271.223919
200301 45.011225 300.278899 277.904511 271.449117
200302 44.766484 300.236729 278.293161 271.918287
200303 46.600708 300.665204 278.579084 272.137263
200304 47.956976 300.957716 278.555436 272.060009
200305 49.162022 300.631059 278.417652 271.907595
200306 46.061320 300.214754 277.901917 271.408064
200307 44.539997 299.596454 277.518678 271.043743
200308 45.720951 299.208790 277.632108 271.202331
200309 44.170376 299.249158 277.591877 271.116077
200310 43.990683 299.899890 277.542463 270.968262
200311 45.859108 300.415589 277.881703 271.317899
200312 46.389073 300.493640 278.222050 271.763467
200401 46.334732 300.246927 278.195771 271.809414
200402 46.138036 300.268366 278.405827 272.029670
200403 46.512269 300.461403 278.626033 272.215012
200404 47.164786 300.762333 278.235229 271.680802
200405 48.185064 300.633841 277.952573 271.350519
200406 45.955256 299.979697 277.743295 271.222375
200407 43.651997 299.375556 277.362851 270.848159
200408 43.591218 299.096985 277.390544 270.912224
200409 44.304147 299.247131 277.385515 270.896049
200410 44.269081 299.613176 277.308985 270.746155
200411 44.290426 299.989942 277.377694 270.774825
200412 44.177923 300.143167 277.353770 270.805353
200501 43.654791 300.094914 277.619075 271.144553
200502 45.628029 299.795117 277.945825 271.545278
200503 45.363214 299.982897 277.916280 271.431844
200504 45.713589 300.436433 277.606024 270.964832
200505 46.056347 300.532920 277.488988 270.855896
200506 45.214612 299.820928 277.483686 270.949774
200507 44.476099 299.276938 277.224041 270.713216
200508 43.679992 299.005680 277.420131 270.974719
200509 43.511667 299.242435 277.295827 270.766933
200510 43.399528 299.762900 277.534121 270.993422
200511 45.406457 300.212876 277.590328 271.028119
200512 45.064337 300.319458 277.699321 271.174015
200601 45.226913 300.334292 278.000471 271.607100
200602 45.822760 300.233821 278.257366 271.850898
200603 46.712127 300.523951 278.454603 272.007397
200604 47.408772 300.988239 278.292428 271.736886
200605 48.561465 300.779170 278.246378 271.704706
200606 46.545461 300.109554 277.854879 271.359235
200607 44.630365 299.191713 277.498466 271.047969
200608 43.181966 298.812719 277.222630 270.754519
200609 44.095509 298.842967 277.290874 270.807924
200610 42.717253 299.411642 277.079334 270.490880
200611 44.614791 299.915222 277.335463 270.747720
200612 44.011065 300.020774 277.374871 270.860061
200701 43.943385 299.888036 277.421669 270.941678
200702 44.891737 299.744530 277.815757 271.409401
200703 45.499861 300.238533 277.947366 271.440112
200704 46.772686 300.620830 277.882139 271.296632
200705 46.326404 300.622224 277.669481 271.044704
200706 45.531327 300.063574 277.684206 271.160690
200707 42.851519 299.475476 277.288990 270.796604
200708 42.637980 299.202468 277.536821 271.077254
200709 44.134004 299.263786 277.499823 271.011849
200710 44.439879 299.826151 277.436534 270.871640
200711 46.267608 300.226105 277.798676 271.259452
200712 45.223155 300.253913 277.862182 271.383838
200801 44.555610 300.087784 277.751844 271.312105
200802 45.000832 300.133683 278.185796 271.768405
200803 45.918204 300.472490 278.438106 272.003519
200804 47.922397 300.952331 278.370894 271.830900
200805 48.334481 300.795433 278.302153 271.775117
200806 45.427941 300.187867 277.889780 271.379474
200807 44.754463 299.573034 277.673827 271.201798
200808 44.360258 299.224679 277.612714 271.167176
200809 45.218463 299.307563 277.681007 271.220952
200810 44.885803 299.730660 277.585008 271.055961
200811 45.411778 300.128973 277.711121 271.162425
200812 45.532480 300.289289 277.732493 271.224910
200901 44.606569 300.246128 277.867841 271.420474
200902 45.335998 300.160324 278.200305 271.802650
200903 46.061444 300.391701 278.219214 271.765217
200904 46.674733 300.866685 278.011565 271.419665
200905 47.059398 300.707025 277.996172 271.394237
200906 46.232942 299.998314 277.861170 271.359816
200907 43.912113 299.309117 277.425598 270.948625
200908 43.596713 298.906073 277.369767 270.934557
200909 44.113209 299.008910 277.439431 270.956423
200910 43.174801 299.613131 277.344244 270.784051
200911 44.895754 300.027984 277.448866 270.872760
200912 44.524639 300.150048 277.744268 271.259025
201001 44.333675 299.994865 277.627263 271.190161
201002 44.917347 300.047833 277.921883 271.497394
201003 45.365507 300.272851 278.176376 271.707174
201004 46.638857 300.687821 277.938797 271.345534
201005 47.903939 300.789894 278.034689 271.437513
201006 45.406157 300.143219 277.679840 271.118477
201007 43.491135 299.463392 277.272765 270.751229
201008 44.117793 299.223062 277.494247 271.055557
201009 44.384456 299.182857 277.410346 270.928683
201010 45.125821 299.701302 277.481265 270.921893
201011 45.587781 300.167621 277.662482 271.087037
201012 44.782671 300.288359 277.790860 271.286090
201101 45.315382 300.254387 277.868249 271.414899
201102 45.594188 300.139569 278.431978 272.071451
201103 47.776098 300.502514 278.463712 272.026657
201104 48.880915 300.984895 278.561193 272.054719
201105 49.415314 300.819732 278.339143 271.819518
201106 47.185478 300.095975 278.136430 271.662725
201107 44.066734 299.557255 277.594566 271.108026
201108 44.087657 299.332686 277.674411 271.227839
201109 45.232585 299.518533 277.753886 271.299355
201110 46.389446 299.939642 277.798763 271.284907
201111 45.981096 300.375823 277.853075 271.304307
201112 45.914526 300.526533 278.030249 271.551635
201201 46.038966 300.372185 278.184837 271.778459
201202 46.127434 300.418086 278.563437 272.217262
201203 47.594351 300.710209 278.789579 272.394933
201204 48.852965 301.121182 278.640468 272.135966
201205 48.795891 300.913856 278.451405 271.927115
201206 47.273054 300.301222 278.236653 271.765740
201207 44.423821 299.750141 277.798880 271.328342
201208 44.728482 299.464569 277.924251 271.488229
201209 45.615567 299.589058 277.960352 271.506131
201210 45.838656 300.040780 277.919990 271.421980
201211 47.252294 300.402437 278.090451 271.586667
201212 47.426581 300.677005 278.161167 271.707979
201301 46.541425 300.613142 278.598026 272.233216
201302 47.087475 300.556368 278.900326 272.613517
201303 48.040436 301.018152 279.081993 272.714120
201304 49.678755 301.220044 278.993230 272.548915
201305 49.199078 301.136378 278.521164 271.995054
201306 48.021953 300.501835 278.498993 272.062820
201307 45.921433 299.728992 278.070182 271.673831
201308 45.517853 299.331002 277.889287 271.467543
201309 45.576457 299.381567 277.951595 271.536076
201310 45.865133 299.787329 277.782410 271.285413
201311 46.516280 300.274012 277.800772 271.263726
201312 46.044719 300.394025 278.037830 271.592207
201401 45.000274 300.168691 277.710013 271.256864
201402 45.464846 299.980838 278.085906 271.682456
201403 46.955365 300.281548 278.146266 271.677854
201404 47.120160 300.723090 278.085505 271.505192
201405 47.379657 300.694810 277.753261 271.134576
201406 46.782002 300.002095 277.720968 271.194614
201407 44.120702 299.287921 277.400354 270.915165
201408 44.020105 299.024991 277.377414 270.940107
201409 44.588556 299.176494 277.534572 271.081798
201410 44.869696 299.769169 277.465020 270.915244
201411 45.543699 300.262433 277.620266 271.055006
201412 45.208789 300.280319 277.771773 271.282776
201501 45.075912 300.085227 277.853549 271.407383
201502 44.546641 300.158053 278.107228 271.709311
201503 46.722313 300.792229 278.554953 272.101901
201504 49.631731 301.154003 278.834529 272.363263
201505 50.017980 301.082328 278.633878 272.122762
201506 47.209385 300.359621 278.405863 271.951993
201507 45.849613 299.746984 278.030068 271.592652
201508 44.631376 299.426939 277.805255 271.380817
201509 45.531917 299.464054 278.007344 271.584382
201510 45.277526 299.855839 277.978854 271.471817
201511 45.213815 300.211739 277.771048 271.217907
201512 45.046504 300.451213 277.852701 271.335021
201601 45.762965 300.275204 278.050169 271.618178
201602 45.987805 300.203659 278.397316 272.015687
201603 46.512694 300.399708 278.358552 271.917708
201604 48.425622 300.959718 278.338931 271.767678
201605 48.868453 300.887591 278.387994 271.820995
201606 45.986607 300.298094 277.888668 271.364755
201607 44.887628 299.631357 277.706141 271.240945
201608 44.919847 299.312002 277.833744 271.420185
201609 45.947864 299.473881 278.012883 271.587848
201610 46.662252 299.868950 278.007207 271.528897
201611 46.127475 300.312292 277.988493 271.444171
201612 46.267054 300.322032 278.105159 271.639978
201701 45.609609 300.244696 278.022836 271.599167
201702 45.991060 300.299318 278.314621 271.936147
201703 46.277802 300.699004 278.617762 272.174743
201704 48.719414 301.144506 278.539129 272.002763
201705 48.719905 300.958367 278.579177 272.063837
201706 47.321313 300.233681 278.242249 271.780844
201707 44.643288 299.564221 277.773915 271.315817
201708 43.777806 299.365111 277.834229 271.391197
201709 45.309984 299.512979 278.093333 271.655977
201710 46.443755 299.915934 277.943958 271.436084
201711 46.679155 300.568503 277.999557 271.450015
201712 47.474041 300.586194 278.456371 272.042090
201801 46.971867 300.570015 278.516720 272.162764
201802 47.005071 300.643624 278.915035 272.607786
201803 47.890668 301.070641 279.178058 272.808369
201804 49.747461 301.583296 279.079297 272.621292
201805 50.879659 301.426938 278.979145 272.505357
201806 49.916420 300.793571 278.949571 272.576119
201807 46.833961 299.988145 278.528473 272.180768
201808 46.898950 299.492943 278.253853 271.891337
201809 47.118356 299.580118 278.343539 271.968335
201810 47.126031 299.952279 278.121522 271.665212
201811 46.816286 300.431865 278.256509 271.755557
201812 46.332940 300.577432 278.315428 271.871761
201901 45.505951 300.368364 278.282671 271.892207
201902 45.230480 300.486899 278.536367 272.169343
201903 46.464812 300.862295 278.600865 272.180976
201904 48.701959 301.445634 278.614256 272.081164
201905 50.313674 301.317089 278.954575 272.470008
201906 48.830726 300.685636 278.693457 272.293406
201907 47.167219 300.023150 278.509105 272.150224
201908 46.396480 299.693543 278.369255 272.006067
201909 46.719151 299.723608 278.434859 272.064170
201910 46.700197 300.245606 278.227321 271.751680
201911 48.494632 300.708832 278.603502 272.133126
201912 48.049561 300.914535 278.787720 272.375010
202001 47.696454 300.938490 279.055251 272.728986
202002 47.800958 301.051250 279.440357 273.167134
202003 49.173183 301.534098 279.772263 273.472110
202004 51.754913 301.835181 279.844647 273.471425
202005 52.429617 301.528102 279.738298 273.383801
202006 47.939646 300.538935 278.833992 272.456915
202007 46.593189 299.850117 278.197349 271.776951
202008 45.969943 299.528560 278.283676 271.932937
202009 45.910285 299.495354 278.160700 271.775486
202010 46.078102 299.961710 277.891016 271.384304
202011 46.953296 300.401633 278.158007 271.641632
202012 46.659796 300.621954 278.192838 271.697821
202101 45.845400 300.414108 278.345551 271.978945
202102 46.256668 300.672448 278.649645 272.280671
202103 48.234170 300.928481 278.995114 272.610648
202104 49.473514 301.203946 278.981768 272.504692
202105 49.610848 301.219540 278.636395 272.133785
202106 48.286974 300.367435 278.608887 272.202542
202107 45.846555 299.743591 278.083323 271.681845
202108 45.269935 299.323358 278.137400 271.770915
202109 45.920115 299.334571 277.984236 271.585435
202110 45.640772 299.845165 277.854037 271.353301
202111 45.898097 300.225902 278.014134 271.496351
202112 46.003217 300.425263 278.018183 271.551621
202201 45.653582 300.420527 278.119348 271.708001
202202 46.459690 300.150414 278.371202 271.991788
202203 47.316562 300.532331 278.703788 272.270373
202204 48.239058 301.220759 278.445755 271.888000
202205 49.713230 300.892645 278.620959 272.131014
202206 46.773438 300.378240 278.298367 271.829356
202207 45.770255 299.748696 277.916405 271.486707
202208 45.501192 299.303004 278.068622 271.709028
202209 45.758890 299.511829 278.141655 271.711917
202210 46.118976 300.008764 278.179788 271.703432
202211 46.802634 300.405786 278.102245 271.606566
202212 45.485045 300.463851 278.216618 271.766310
202301 45.628728 300.466265 278.202386 271.805901
202302 47.485977 300.522417 278.659349 272.309743
202303 47.722902 300.879898 278.766020 272.323765
202304 49.267913 301.216441 278.742398 272.212436
202305 49.984275 300.863259 278.572882 272.055561
202306 47.597761 300.363272 278.282387 271.805517
202307 45.577205 299.750193 278.135389 271.712617
202308 45.415232 299.345235 278.096087 271.720123
202309 46.312815 299.538187 278.346689 271.959548
202310 45.958969 299.980942 278.079221 271.604707
202311 47.656667 300.652500 278.198291 271.673804
202312 47.092436 300.816616 278.347163 271.896137
202401 47.250696 300.537885 278.708919 272.354671
202402 46.416952 300.435384 278.642984 272.307161
202403 47.488006 300.944521 278.821178 272.398987
202404 49.704715 301.512286 278.973146 272.474775
202405 51.397801 301.352701 279.278647 272.844754
202406 48.903662 300.536773 278.842889 272.457305
202407 45.763149 299.920377 278.390060 272.019770
202408 45.716160 299.629934 278.546610 272.216152
202409 46.562548 299.713293 278.695559 272.352880
202410 46.980571 300.027095 278.420706 271.993812
202411 46.849140 300.456311 278.230356 271.735885
202412 46.405109 300.677341 278.454891 272.025094
