time(yyyymm) ts_cwv ts_sst ts_tlt ts_tmt
198001 41.405942 300.784996 277.324202 270.802157
198002 41.526435 300.779160 277.324945 270.820994
198003 42.423786 300.913853 277.541893 270.975932
198004 42.928340 301.133533 277.491001 270.871620
198005 43.347998 301.073530 277.448566 270.824637
198006 42.513288 300.710028 277.401377 270.834758
198007 41.181663 300.233063 277.011074 270.472660
198008 42.115158 300.038358 276.977555 270.430128
198009 41.132459 299.985180 276.974858 270.432313
198010 41.776840 300.095921 277.087025 270.489849
198011 40.580521 300.262848 277.029145 270.423536
198012 39.466834 300.439406 276.787793 270.164456
198101 40.053368 300.471852 276.788867 270.223829
198102 41.821350 300.571554 277.058864 270.506765
198103 41.467858 300.705029 277.302670 270.739997
198104 42.017780 301.019126 277.250112 270.618205
198105 42.568128 301.060647 277.266768 270.628678
198106 41.805314 300.736451 276.998472 270.363776
198107 42.033868 300.409477 276.798877 270.197277
198108 42.491409 300.198618 277.044520 270.499725
198109 42.446369 300.238546 277.157560 270.614446
198110 42.310329 300.371764 277.061653 270.462780
198111 41.245478 300.435906 277.031512 270.421198
198112 40.754825 300.369388 276.926467 270.343199
198201 40.804294 300.212285 277.057861 270.535492
198202 39.509722 300.232139 276.948920 270.437006
198203 39.287264 300.497861 276.688318 270.037946
198204 41.414822 300.735337 276.802318 270.103357
198205 41.829115 300.727854 276.832311 270.153424
198206 41.165066 300.393820 276.631209 269.959541
198207 40.728350 299.981131 276.425089 269.828330
198208 39.259704 299.885918 276.277742 269.648621
198209 41.219775 299.953709 276.542176 269.911869
198210 40.899031 300.095992 276.685964 270.059294
198211 40.470948 300.134121 276.797198 270.169070
198212 39.436570 300.155485 276.543832 269.915352
198301 39.052594 300.130818 276.451927 269.843265
198302 39.369588 300.196278 276.510237 269.914711
198303 40.373658 300.495211 276.893607 270.287227
198304 41.184290 300.661751 276.965625 270.307158
198305 40.822526 300.591614 276.734283 270.032962
198306 41.305114 300.209323 276.430191 269.755243
198307 40.268480 299.869286 276.385198 269.773060
198308 39.913377 299.651857 276.297440 269.689398
198309 40.150915 299.630680 276.462405 269.858835
198310 39.633631 299.743910 276.392273 269.726715
198311 38.886900 299.837472 276.235613 269.568416
198312 38.571472 299.874606 276.094885 269.454273
198401 38.089287 299.940187 276.197802 269.577357
198402 39.027324 300.043162 276.315524 269.708609
198403 40.164201 300.405716 276.552315 269.908860
198404 41.201287 300.764062 276.808945 270.134634
198405 41.812587 300.797325 276.865731 270.176288
198406 41.268808 300.503380 276.728478 270.083607
198407 41.358921 300.141423 276.532495 269.913472
198408 40.777725 299.940261 276.645644 270.060193
198409 40.729745 299.866845 276.678716 270.100076
198410 40.468396 300.042924 276.670822 270.025186
198411 40.528294 300.181704 276.557465 269.894070
198412 40.289643 300.058363 276.388093 269.737781
198501 39.268397 300.006062 276.258528 269.643104
198502 39.489908 300.174088 276.419828 269.787054
198503 40.358497 300.487916 276.719004 270.080801
198504 41.149291 300.753853 276.893730 270.239121
198505 42.296872 300.777578 277.030106 270.357044
198506 41.118258 300.421044 276.598094 269.940953
198507 40.910285 300.054747 276.503428 269.877168
198508 41.136418 299.898604 276.790165 270.212303
198509 40.917835 299.918353 276.874344 270.298192
198510 40.217882 299.979029 276.662873 270.051113
198511 40.018274 300.103912 276.662500 270.008354
198512 39.142071 300.114468 276.350715 269.711739
198601 39.731648 300.080676 276.357200 269.740108
198602 39.944151 300.202293 276.683261 270.131555
198603 40.496275 300.492776 276.772409 270.175860
198604 41.760837 300.794594 277.044184 270.386233
198605 41.608095 300.710610 276.940449 270.288095
198606 40.526521 300.360193 276.683116 270.049549
198607 41.064155 299.955027 276.737937 270.171435
198608 40.804786 299.746177 276.857945 270.318757
198609 40.959576 299.747988 276.838778 270.276406
198610 40.203564 299.937800 276.744316 270.129241
198611 40.005637 299.999483 276.668962 270.042127
198612 39.369803 299.922224 276.420715 269.795555
198701 38.674692 299.913757 276.229175 269.617889
198702 39.642765 299.967979 276.597108 270.036061
198703 40.951520 300.171956 276.644681 270.030722
198704 40.576608 300.472191 276.491014 269.795936
198705 40.717930 300.402351 276.556140 269.861578
198706 40.485748 300.034633 276.407109 269.746692
198707 40.151734 299.704204 276.223700 269.604548
198708 40.108473 299.481033 276.369496 269.793133
198709 39.506681 299.482041 276.381200 269.783266
198710 39.566897 299.578732 276.260770 269.620048
198711 39.264592 299.648769 276.257293 269.587453
198712 38.711897 299.581469 275.957979 269.284228
198801 39.019200 299.480866 275.911493 269.299202
198802 38.165030 299.789636 275.863046 269.246051
198803 39.255874 300.199554 276.165420 269.481689
198804 40.892601 300.477742 276.576867 269.857782
198805 40.652892 300.508232 276.386056 269.641552
198806 39.590427 300.192952 276.130476 269.446022
198807 39.485208 299.916382 276.123394 269.457539
198808 40.685108 299.864274 276.419269 269.806510
198809 40.508937 299.916973 276.706450 270.116310
198810 40.452580 300.124833 276.593918 269.951850
198811 40.782406 300.219180 276.582571 269.909128
198812 40.483061 300.252676 276.534218 269.884491
198901 39.651328 300.198739 276.622246 270.020076
198902 40.844996 300.280002 276.898573 270.328649
198903 40.911625 300.675648 276.720937 270.073480
198904 42.507111 300.939081 277.242468 270.617057
198905 42.393951 301.088717 277.194002 270.552632
198906 42.058419 300.769293 277.177844 270.601809
198907 41.743800 300.397166 276.900642 270.331083
198908 41.712035 300.273088 276.956250 270.379317
198909 41.994911 300.413208 277.116669 270.539471
198910 42.341038 300.629893 277.160718 270.547880
198911 42.081796 300.682756 277.344610 270.776327
198912 42.115366 300.696634 277.273923 270.707860
199001 41.797907 300.748815 277.039057 270.469123
199002 42.869627 300.884953 277.282884 270.727589
199003 43.407493 301.256699 277.797924 271.255639
199004 44.651047 301.641204 278.018810 271.447039
199005 45.628701 301.736999 278.103438 271.534707
199006 45.012167 301.421278 278.165465 271.676700
199007 43.444797 301.129209 277.664180 271.161857
199008 45.113997 300.931017 278.103084 271.672023
199009 44.536152 300.920482 278.164391 271.711803
199010 43.943392 301.090399 278.029600 271.525238
199011 44.484596 301.192020 278.153940 271.667506
199012 44.119929 301.192943 278.057404 271.586207
199101 42.942344 301.185567 277.899982 271.437184
199102 43.094967 301.251165 278.183976 271.734816
199103 43.383855 301.447764 278.379170 271.908082
199104 44.754128 301.544004 278.456149 271.954621
199105 44.427770 301.428185 278.100693 271.564044
199106 44.203729 300.879883 277.900957 271.408118
199107 42.874109 300.314550 277.354247 270.856463
199108 41.036921 299.966040 277.182534 270.676478
199109 40.753411 299.909798 277.012340 270.454203
199110 40.293490 300.013232 276.745835 270.103915
199111 39.514678 300.027978 276.721945 270.059359
199112 38.751574 300.079416 276.422747 269.774419
199201 38.404420 299.995583 276.263017 269.655869
199202 39.318661 300.071077 276.457064 269.850396
199203 39.966864 300.387439 276.602450 269.934787
199204 41.028983 300.614092 276.668263 269.951274
199205 41.154441 300.571218 276.690138 269.981447
199206 41.139771 300.302211 276.526922 269.851662
199207 40.836625 299.901931 276.321430 269.687638
199208 39.995903 299.702217 276.463521 269.859763
199209 40.370116 299.732784 276.485846 269.855225
199210 39.895903 299.864958 276.232858 269.544708
199211 40.156227 299.963900 276.230964 269.528108
199212 39.206580 299.998727 276.226083 269.560226
199301 39.203006 300.015205 276.223676 269.609420
199302 39.526060 300.116940 276.452811 269.836927
199303 39.879182 300.448579 276.681984 270.060170
199304 41.221283 300.730979 276.714917 270.011288
199305 41.960608 300.780234 276.757833 270.049208
199306 41.245598 300.530739 276.604424 269.925245
199307 41.242588 300.230725 276.620023 270.008935
199308 40.618589 300.057801 276.825991 270.262072
199309 40.705080 300.108604 276.694242 270.113375
199310 40.805279 300.278814 276.835892 270.206016
199311 41.360325 300.406620 276.830825 270.202307
199312 40.647269 300.540882 276.687573 270.042599
199401 40.038035 300.545280 276.736638 270.143281
199402 40.945874 300.724773 277.030411 270.468035
199403 41.973050 301.083983 277.405896 270.806153
199404 44.071096 301.423913 277.777266 271.165115
199405 44.587421 301.465493 277.790771 271.214915
199406 44.338314 301.166805 277.972264 271.464076
199407 42.288024 300.828251 277.453174 270.957211
199408 42.879511 300.664027 277.524040 271.026676
199409 43.571302 300.641294 277.650756 271.175661
199410 43.931643 300.786731 277.698714 271.158771
199411 43.003495 300.890532 277.801383 271.265212
199412 42.840091 300.923847 277.572773 271.031929
199501 42.066562 300.871941 277.610968 271.115036
199502 42.211965 300.931961 277.531718 271.034656
199503 42.837644 301.143992 277.804890 271.267140
199504 43.499873 301.376417 277.895210 271.332250
199505 44.467401 301.325532 277.848868 271.253174
199506 42.888296 300.970559 277.540672 270.976075
199507 42.289780 300.552757 277.371074 270.862372
199508 41.577443 300.365450 277.199062 270.680414
199509 41.997114 300.351496 277.338843 270.816547
199510 42.336971 300.508772 277.421371 270.853696
199511 42.137313 300.785658 277.394046 270.793469
199512 41.348570 300.854964 277.349188 270.807001
199601 41.895568 300.816887 277.462407 270.939133
199602 40.979488 301.029091 277.297345 270.735755
199603 42.861728 301.182658 277.673379 271.101838
199604 44.109029 301.420878 277.708782 271.093504
199605 44.311406 301.533995 277.569270 270.946459
199606 44.327923 301.190632 277.804660 271.263444
199607 42.961405 300.822511 277.611483 271.135714
199608 43.574942 300.625414 277.636802 271.187657
199609 43.662606 300.658115 277.841441 271.379571
199610 43.520107 300.908787 277.686682 271.136569
199611 44.647461 301.116051 277.978510 271.465411
199612 42.855243 301.123034 277.872535 271.375600
199701 41.797012 301.124330 278.002485 271.569463
199702 43.281216 301.192660 277.976356 271.514374
199703 43.789424 301.427072 278.291541 271.797950
199704 44.831183 301.529240 278.338781 271.834172
199705 45.524236 301.349812 278.229652 271.715724
199706 43.114320 300.769996 277.767674 271.262028
199707 41.699260 300.210071 277.243527 270.741934
199708 41.297211 299.951133 277.274281 270.792872
199709 41.358317 299.915876 277.185605 270.659503
199710 41.646180 299.984324 277.077183 270.505574
199711 40.610789 300.019444 276.786217 270.179994
199712 39.225414 299.861935 276.489487 269.889546
199801 38.006662 299.823285 276.350266 269.777414
199802 38.809094 299.991958 276.428632 269.836166
199803 40.355346 300.267202 276.627144 269.999134
199804 40.534103 300.596179 276.605734 269.904507
199805 40.696044 300.586315 276.687876 270.014119
199806 40.309591 300.277790 276.551051 269.901290
199807 40.292734 299.927744 276.561300 269.983388
199808 40.685747 299.750463 276.490697 269.923868
199809 41.389785 299.669161 276.671456 270.115875
199810 40.287798 299.775771 276.540629 269.916913
199811 39.801144 299.845481 276.400183 269.736417
199812 38.941791 299.743728 276.098479 269.447784
199901 38.807320 299.710475 276.150625 269.530287
199902 38.941394 299.838188 276.375946 269.791183
199903 39.479575 300.140247 276.516451 269.893560
199904 40.138667 300.423463 276.534136 269.842190
199905 40.561428 300.369075 276.572386 269.906672
199906 39.313106 299.979409 276.303429 269.655652
199907 40.063479 299.619965 276.201455 269.595284
199908 40.337609 299.396402 276.322962 269.747739
199909 40.620161 299.375180 276.358091 269.775176
199910 39.664769 299.437260 276.069105 269.413140
199911 38.651434 299.497748 276.037960 269.359805
199912 38.585284 299.455518 275.844862 269.179801
200001 38.439346 299.438450 275.771731 269.165477
200002 37.879229 299.665471 275.742928 269.112306
200003 39.268565 299.939164 276.346118 269.707626
200004 39.722725 300.232609 276.402332 269.713248
200005 39.799107 300.214931 276.208078 269.472304
200006 38.922732 299.870149 276.047631 269.367997
200007 39.585355 299.604346 276.001155 269.358914
200008 39.848065 299.464683 276.272784 269.691889
200009 40.464965 299.532209 276.483798 269.884557
200010 39.420440 299.685823 276.295157 269.635059
200011 39.945865 299.771630 276.125929 269.425931
200012 39.572039 299.679887 276.033536 269.369975
200101 39.617772 299.706988 276.101734 269.468901
200102 39.433354 299.871650 276.139798 269.511963
200103 39.687878 300.194842 276.452122 269.836516
200104 41.485784 300.680088 276.658223 269.977977
200105 41.505904 300.756937 276.799357 270.109245
200106 40.995168 300.452228 276.619520 269.947521
200107 40.642393 300.197012 276.498731 269.869705
200108 40.984144 300.061491 276.941043 270.370960
200109 41.386402 300.171297 277.027637 270.468193
200110 42.338181 300.345814 277.136114 270.548301
200111 40.916814 300.475073 277.128072 270.518313
200112 41.088019 300.399231 277.000960 270.416469
200201 39.896677 300.347793 276.907795 270.368652
200202 40.806484 300.431961 276.952435 270.413593
200203 40.544541 300.725540 277.068379 270.492403
200204 42.637820 301.034494 277.345084 270.704554
200205 42.985669 301.034713 277.239474 270.582221
200206 42.490404 300.670719 276.994943 270.394537
200207 42.101831 300.344485 276.850802 270.264379
200208 41.990549 300.165956 277.052388 270.518501
200209 41.660746 300.189940 277.134798 270.601594
200210 41.788908 300.264255 276.878576 270.283461
200211 41.083091 300.407449 276.879775 270.246058
200212 40.344702 300.394251 276.846553 270.262029
200301 40.878928 300.381114 276.854995 270.305569
200302 40.800777 300.599742 276.816687 270.207851
200303 42.054778 300.936892 277.222165 270.621239
200304 42.833522 301.220511 277.604260 270.991775
200305 44.186892 301.284982 277.580364 270.961802
200306 42.977934 301.000502 277.505772 270.949384
200307 42.532000 300.717432 277.524561 271.022049
200308 43.120544 300.652038 277.619179 271.143157
200309 43.319705 300.691333 277.871992 271.413070
200310 42.376734 300.870157 277.732398 271.193885
200311 43.224175 301.016530 277.816373 271.262414
200312 42.637086 301.026075 277.811073 271.292089
200401 41.849860 301.075075 277.701997 271.200277
200402 42.125424 301.199035 277.750454 271.246304
200403 43.991571 301.488622 278.019240 271.498497
200404 45.411689 301.772594 278.265088 271.712730
200405 46.415579 301.806156 278.491602 271.997319
200406 45.946886 301.535645 278.367846 271.903842
200407 45.153558 301.200814 278.096555 271.656811
200408 44.636395 300.990242 278.203857 271.783070
200409 45.334245 301.044517 278.329830 271.885126
200410 44.657752 301.268908 278.188416 271.691504
200411 44.820334 301.486406 278.289873 271.809469
200412 44.541457 301.548363 278.277447 271.805435
200501 44.425025 301.660403 278.402846 271.951164
200502 45.182959 301.751662 279.050489 272.681651
200503 45.495801 301.951610 279.176607 272.805297
200504 46.134129 302.124746 279.062706 272.624701
200505 46.945106 302.052496 278.901455 272.441079
200506 46.518507 301.530389 278.779625 272.380690
200507 43.884399 301.006761 277.996597 271.569499
200508 44.022829 300.685838 278.011228 271.583977
200509 43.512194 300.697428 277.975584 271.507900
200510 43.594244 300.856284 277.810121 271.267845
200511 42.861107 301.008128 277.747822 271.197971
200512 42.454075 301.029917 277.502455 270.943661
200601 41.634903 300.966950 277.397960 270.884938
200602 42.835661 301.048561 277.759516 271.288336
200603 43.019815 301.262803 277.903208 271.404432
200604 44.177900 301.402973 277.951054 271.383933
200605 44.177916 301.231675 277.900213 271.338867
200606 43.146658 300.814280 277.520566 270.957030
200607 42.310842 300.400961 277.267364 270.740941
200608 41.892439 300.186715 277.194040 270.678745
200609 42.868433 300.195559 277.530619 271.047918
200610 41.197097 300.303507 277.182929 270.608603
200611 41.785181 300.390765 277.276621 270.695980
200612 41.401536 300.397431 277.195460 270.637791
200701 40.024124 300.379358 276.988500 270.447225
200702 41.136423 300.524631 277.132448 270.588307
200703 41.410838 300.639258 277.385192 270.848919
200704 42.108851 300.977706 277.058502 270.422615
200705 41.876949 300.911861 277.186364 270.547849
200706 41.907584 300.539441 277.089625 270.491957
200707 41.788697 300.185998 277.016532 270.466024
200708 41.397982 299.998589 276.984778 270.453156
200709 41.785838 299.939704 277.050091 270.508623
200710 41.406535 300.038524 276.920510 270.314072
200711 40.140301 300.105493 276.807209 270.193922
200712 40.187670 300.038350 276.485424 269.867731
200801 39.904383 300.027626 276.484600 269.905363
200802 39.617165 300.117314 276.545304 269.990933
200803 40.918801 300.343121 276.733485 270.111319
200804 41.952217 300.725334 276.969054 270.329837
200805 41.713860 300.825782 277.053115 270.393528
200806 40.924372 300.505060 276.911035 270.305305
200807 41.133376 300.105613 276.874331 270.335927
200808 41.152695 299.931600 276.956983 270.440808
200809 41.273995 299.995416 276.993912 270.445904
200810 41.467094 300.143953 276.848984 270.238856
200811 40.703551 300.168076 276.770877 270.154858
200812 40.442875 300.155243 276.521250 269.890905
200901 40.061646 300.142601 276.761955 270.204724
200902 40.721585 300.423892 276.979286 270.423081
200903 40.449455 300.789910 277.116720 270.532755
200904 42.788598 301.040779 277.274570 270.623194
200905 42.643080 301.022312 277.208286 270.571522
200906 41.011524 300.708480 277.112630 270.524481
200907 41.677140 300.399717 277.014545 270.453380
200908 42.240859 300.292508 277.089713 270.556082
200909 43.131374 300.249399 277.596897 271.137136
200910 41.751197 300.319565 277.302297 270.759183
200911 41.389306 300.360949 277.185678 270.607047
200912 40.385162 300.310112 276.940325 270.361329
201001 40.402018 300.281632 276.924071 270.374747
201002 40.817314 300.460953 277.059572 270.551328
201003 41.309545 300.769723 277.232772 270.647269
201004 42.246360 301.029239 277.301656 270.688475
201005 42.470165 301.050942 277.393778 270.783843
201006 42.724360 300.713321 277.192404 270.597067
201007 41.720388 300.330425 277.004531 270.438620
201008 41.861105 300.190125 277.171374 270.646193
201009 41.946395 300.172013 277.237111 270.710223
201010 42.370453 300.276629 277.207414 270.642190
201011 41.574167 300.303333 277.128997 270.555131
201012 40.856702 300.177225 277.004215 270.449809
201101 39.078590 300.153868 276.799248 270.256637
201102 40.296631 300.294054 276.825220 270.266172
201103 41.022548 300.515555 277.031750 270.437567
201104 40.998606 300.748042 276.894170 270.246573
201105 42.142447 300.790632 277.088426 270.426589
201106 41.241282 300.376297 276.933558 270.342942
201107 40.793935 300.037514 276.715659 270.150439
201108 40.444205 299.903713 276.736664 270.173281
201109 41.101786 299.938122 276.884235 270.324303
201110 41.684932 300.174816 276.852661 270.237266
201111 41.158876 300.235588 276.909772 270.301781
201112 40.632423 300.194406 276.818827 270.231502
201201 39.610977 300.247643 276.604909 270.030684
201202 40.680214 300.339934 277.134497 270.648171
201203 40.705766 300.707156 277.125104 270.531084
201204 42.737574 301.034314 277.114037 270.453620
201205 43.080969 301.109720 277.261060 270.614058
201206 43.089740 300.880645 277.294235 270.690385
201207 41.798965 300.598794 277.051720 270.484308
201208 42.870509 300.526668 277.327719 270.805399
201209 43.220238 300.557587 277.375847 270.870225
201210 43.122493 300.778171 277.598144 271.032815
201211 43.607479 300.896527 277.731137 271.192695
201212 41.823136 300.921514 277.792348 271.287578
201301 41.937770 301.005464 277.496910 270.975415
201302 41.610080 301.072332 277.696780 271.195129
201303 42.578011 301.344607 277.786568 271.245690
201304 44.659490 301.662326 277.965001 271.367119
201305 45.647332 301.741194 278.054900 271.485291
201306 45.265864 301.414490 278.238672 271.734552
201307 44.554749 300.972332 277.919505 271.447872
201308 43.601199 300.812146 277.823025 271.355317
201309 43.434041 300.831872 278.043809 271.584707
201310 44.238603 300.968912 278.070210 271.570198
201311 43.488099 301.132200 277.929003 271.383712
201312 43.863817 301.148812 277.960736 271.447450
201401 42.787123 301.094126 277.798017 271.306990
201402 42.665599 301.248381 277.486112 270.958477
201403 44.551708 301.483175 278.078036 271.573115
201404 45.605421 301.785646 278.284600 271.731434
201405 46.200553 301.917071 278.573594 272.064014
201406 45.729948 301.666156 278.530039 272.098113
201407 45.133321 301.210256 278.345950 271.939996
201408 44.710083 301.026308 278.328981 271.935922
201409 45.018544 301.079732 278.316859 271.865962
201410 44.633707 301.260058 278.228895 271.729336
201411 44.138386 301.355398 278.365940 271.890185
201412 44.344863 301.402986 278.207556 271.720549
201501 43.572846 301.470964 278.333753 271.890490
201502 43.637852 301.720534 278.271367 271.822355
201503 45.958160 301.963356 278.967253 272.532887
201504 46.234395 302.159566 279.144586 272.734612
201505 47.102913 302.120087 278.839236 272.360817
201506 46.114764 301.715704 278.599896 272.142678
201507 45.490370 301.235919 278.287462 271.840900
201508 45.412780 300.832375 278.328408 271.949619
201509 44.053832 300.780806 278.148628 271.701971
201510 43.371110 300.965026 278.145271 271.645130
201511 43.260459 301.137642 277.885539 271.353973
201512 43.493094 301.198220 277.935317 271.420691
201601 42.689225 301.140275 277.818843 271.358484
201602 43.256270 301.276545 277.999304 271.558605
201603 44.214331 301.492306 278.192385 271.690178
201604 44.571056 301.767488 278.269759 271.713479
201605 45.339176 301.783148 278.126083 271.534071
201606 44.334821 301.448773 278.119738 271.603062
201607 44.293232 301.009914 277.953738 271.493437
201608 43.735296 300.773580 278.002228 271.561804
201609 43.163801 300.780848 278.098688 271.647497
201610 43.916584 300.973426 277.965889 271.445188
201611 43.245801 301.160172 277.851565 271.293315
201612 43.492427 301.159939 277.872586 271.364661
201701 42.834803 301.126111 277.944998 271.485202
201702 42.929265 301.214205 277.873686 271.407190
201703 43.931325 301.428028 278.092058 271.582207
201704 44.918039 301.683579 278.257585 271.702987
201705 45.891126 301.738321 278.169809 271.613002
201706 45.078256 301.336143 278.112772 271.624961
201707 44.000127 300.945557 277.949032 271.515732
201708 43.149385 300.787253 277.993625 271.568282
201709 44.744112 300.720121 278.110398 271.682725
201710 43.801609 300.848417 278.096091 271.600731
201711 43.304268 300.960765 277.913877 271.386554
201712 42.355703 301.050695 277.723070 271.208357
201801 42.819953 301.009556 277.708760 271.246971
201802 42.975452 301.174840 277.927271 271.476893
201803 43.426292 301.405363 278.207618 271.725413
201804 44.880304 301.669565 278.224639 271.688161
201805 45.947092 301.601984 278.272012 271.742336
201806 44.404265 301.247489 277.907109 271.381608
201807 44.758110 300.805989 277.744730 271.288649
201808 44.180109 300.473851 277.880799 271.461738
201809 42.952560 300.395460 277.703820 271.245158
201810 42.777990 300.495677 277.425822 270.883041
201811 42.345888 300.605733 277.450702 270.881211
201812 40.912610 300.680785 277.313277 270.760185
201901 41.416756 300.636206 277.006818 270.452246
201902 41.453873 300.778762 277.078799 270.552665
201903 42.273192 301.053235 277.397493 270.816958
201904 43.690056 301.385460 277.664071 271.046952
201905 43.612338 301.484039 277.809532 271.203568
201906 44.166779 301.151948 277.780988 271.253053
201907 43.807493 300.772204 277.674208 271.203657
201908 43.010193 300.579962 277.712760 271.269023
201909 43.282252 300.497131 277.862621 271.431193
201910 41.978811 300.691315 277.574075 271.037935
201911 42.537608 300.845297 277.708276 271.166635
201912 43.189155 300.797545 277.736659 271.225124
202001 42.621786 300.899658 277.737675 271.233497
202002 42.783728 301.108174 277.754071 271.226967
202003 44.229175 301.318649 278.166033 271.675399
202004 44.215658 301.629306 278.288092 271.747216
202005 45.259436 301.593059 278.232849 271.709353
202006 43.257449 301.344415 277.934323 271.414393
202007 43.293301 300.966524 277.946261 271.473539
202008 44.099814 300.764255 278.015917 271.571143
202009 44.450637 300.739998 278.087609 271.656489
202010 44.424165 300.851145 277.846588 271.312219
202011 43.382690 300.982762 277.724208 271.148970
202012 42.027642 300.950971 277.623325 271.092620
202101 42.530988 300.873539 277.503729 271.013499
202102 42.330230 300.927622 277.434628 270.921433
202103 42.452628 301.296926 277.843004 271.296910
202104 44.436080 301.623950 278.168432 271.589132
202105 45.189139 301.625527 277.914655 271.329334
202106 45.070610 301.323243 277.902616 271.366100
202107 43.968754 300.900386 277.723426 271.244706
202108 43.565067 300.710202 277.815901 271.378922
202109 43.730883 300.660236 277.996322 271.553344
202110 43.824046 300.742289 277.949225 271.452311
202111 43.330029 300.863567 277.778266 271.259454
202112 42.546239 300.887814 277.611576 271.064914
202201 41.853045 300.857176 277.723657 271.294511
202202 42.609984 300.972230 277.621749 271.115080
202203 43.122550 301.169387 277.965139 271.454581
202204 43.452376 301.395041 277.883431 271.325975
202205 44.849882 301.479542 277.899248 271.335324
202206 44.566861 301.122379 277.932718 271.428624
202207 43.293529 300.790675 277.770738 271.290738
202208 43.258281 300.674163 277.837112 271.380262
202209 45.223745 300.626085 277.950050 271.487834
202210 44.217107 300.739599 277.902362 271.399391
202211 42.959978 300.824312 277.734621 271.196732
202212 42.727074 300.812605 277.623730 271.090544
202301 41.425230 300.759255 277.387311 270.895647
202302 41.926570 300.880543 277.439077 270.959271
202303 42.121121 301.132292 277.623962 271.095918
202304 43.371027 301.491889 277.815234 271.224445
202305 44.335450 301.487016 277.901396 271.319330
202306 44.405550 301.162213 277.719026 271.164839
202307 44.113673 300.782942 277.655149 271.176519
202308 44.558016 300.577213 277.969707 271.535464
202309 44.182191 300.576986 277.836420 271.363472
202310 42.493461 300.783345 277.644754 271.109958
202311 43.429353 300.905974 277.833775 271.304169
202312 42.386639 300.996279 277.643601 271.104471
202401 42.650719 301.042582 277.627479 271.120455
202402 43.194194 301.208920 277.595428 271.102003
202403 43.784456 301.505542 278.191940 271.687610
202404 45.335735 301.823101 278.297173 271.740746
202405 46.328437 301.879048 278.396164 271.859046
202406 45.563804 301.568745 278.356589 271.895535
202407 45.589100 301.250755 278.333899 271.938729
202408 45.681391 301.017975 278.461023 272.067439
202409 44.859387 301.091130 278.445128 272.052261
202410 45.155561 301.328351 278.490697 272.046863
202411 45.061559 301.427815 278.437591 271.976491
202412 44.498784 301.616961 278.373296 271.871115
