time(yyyymm) ts_cwv ts_sst ts_tlt ts_tmt
198001 40.574797 300.060158 276.514195 270.108634
198002 40.007820 300.264595 276.761333 270.358655
198003 41.282660 300.416308 277.074955 270.693154
198004 40.988307 300.645275 276.956443 270.511629
198005 42.038336 300.376160 276.597597 270.133295
198006 40.949753 299.936321 276.181137 269.719528
198007 39.680851 299.653101 276.008959 269.590806
198008 40.227571 299.515100 276.130304 269.745875
198009 39.895347 299.665472 276.209078 269.773678
198010 39.993530 299.950069 276.471227 270.025906
198011 40.847984 300.162045 276.467605 270.005756
198012 40.780768 300.215908 276.590855 270.144632
198101 40.687135 300.232713 276.657705 270.286187
198102 41.058169 300.286132 277.032016 270.742131
198103 40.872526 300.512298 277.317067 270.963634
198104 41.705683 300.719832 277.060106 270.646095
198105 41.663462 300.603624 276.672740 270.186407
198106 41.072005 300.108446 276.283116 269.839846
198107 40.744598 299.766881 276.287652 269.889559
198108 40.064709 299.588870 276.299420 269.925048
198109 39.870956 299.565852 276.347577 269.962607
198110 40.131465 299.803553 276.204517 269.731911
198111 39.796330 300.064440 276.135151 269.613366
198112 40.207736 300.100607 276.363461 269.920398
198201 40.664765 300.130309 276.749519 270.408136
198202 40.807107 300.231978 276.948228 270.614726
198203 40.235080 300.460487 276.919035 270.536987
198204 41.699880 300.513178 276.873376 270.471267
198205 41.603701 300.221066 276.467375 270.017880
198206 40.127619 299.799893 276.019173 269.561956
198207 38.573431 299.411120 275.780771 269.347821
198208 39.337998 299.144545 275.642648 269.216430
198209 39.237760 299.252326 275.692654 269.245562
198210 38.867311 299.470310 275.875225 269.388020
198211 38.943287 299.603131 275.982594 269.501257
198212 38.614131 299.663358 275.911339 269.427086
198301 38.929911 299.710267 275.974365 269.577385
198302 39.112254 299.739381 276.332486 269.918814
198303 38.473906 300.087655 276.247663 269.758922
198304 40.506887 300.331429 276.309418 269.760957
198305 40.503614 300.174228 275.992143 269.444232
198306 40.052290 299.846718 275.773629 269.273939
198307 38.958288 299.439682 275.594652 269.132007
198308 38.690054 299.383871 275.696540 269.251666
198309 39.370179 299.471041 275.859749 269.401050
198310 39.363473 299.699519 276.110289 269.629606
198311 39.411751 299.927689 276.218248 269.714065
198312 39.935275 300.027078 276.344808 269.894369
198401 39.464721 300.116542 276.509077 270.093457
198402 40.585069 300.254209 276.806783 270.434024
198403 41.769940 300.496088 277.197888 270.836762
198404 41.946586 300.733703 277.101094 270.660205
198405 41.949607 300.422133 276.782877 270.345792
198406 40.769828 299.978026 276.269261 269.829130
198407 39.825812 299.600974 275.923596 269.495485
198408 39.833798 299.433135 275.932578 269.521671
198409 40.016079 299.445008 276.117722 269.709803
198410 39.699717 299.639035 276.147973 269.682627
198411 39.044497 299.779369 276.115014 269.628395
198412 39.220803 299.732799 276.029337 269.565641
198501 37.902060 299.715710 276.033582 269.610253
198502 39.320176 299.823642 276.087548 269.642103
198503 39.858758 300.148634 276.388065 269.914314
198504 40.745482 300.326791 276.532754 270.053288
198505 40.460145 300.241004 276.278279 269.793909
198506 39.440888 299.928808 276.066124 269.599370
198507 40.002711 299.588495 275.897921 269.459681
198508 40.090590 299.433403 276.051532 269.661938
198509 39.521639 299.661249 276.104042 269.663302
198510 39.621488 299.890482 276.232232 269.760192
198511 40.309822 300.117293 276.372875 269.890370
198512 40.679040 300.172052 276.546011 270.121458
198601 40.627087 300.158564 276.649965 270.285790
198602 40.486530 300.313031 277.083415 270.755776
198603 41.438592 300.609068 277.186766 270.797426
198604 42.261801 300.781169 277.124163 270.697883
198605 42.654316 300.568932 276.875553 270.469006
198606 41.854026 300.131107 276.549501 270.136828
198607 40.236724 299.737544 276.240031 269.852683
198608 39.921954 299.528062 276.062146 269.661194
198609 40.283644 299.600780 276.383977 270.016648
198610 40.023488 299.864315 276.323926 269.869195
198611 40.583875 300.008735 276.445180 269.973686
198612 40.011852 300.067576 276.488806 270.055741
198701 40.675070 300.091508 276.465072 270.061651
198702 40.055212 300.299714 276.737363 270.354375
198703 40.971027 300.561654 276.915609 270.491354
198704 42.080022 300.666604 276.889349 270.444061
198705 41.831219 300.395823 276.640107 270.181722
198706 40.041065 299.936629 276.169570 269.726318
198707 39.319904 299.584425 275.904846 269.469025
198708 39.784224 299.433448 276.135273 269.725378
198709 40.101115 299.507185 276.134487 269.733167
198710 39.215460 299.737334 276.158088 269.671067
198711 39.830578 299.893927 276.142646 269.636007
198712 40.384275 299.918194 276.301348 269.855696
198801 39.765503 299.864145 276.398235 270.040598
198802 39.206038 300.008860 276.484353 270.098564
198803 40.311268 300.239871 276.607851 270.170330
198804 40.892270 300.424513 276.521632 270.032884
198805 40.565269 300.288726 276.280336 269.764685
198806 40.131439 299.929001 275.885225 269.394578
198807 38.980523 299.505597 275.937811 269.534763
198808 39.592258 299.385222 275.815872 269.409047
198809 39.845288 299.436582 275.964444 269.525997
198810 39.297883 299.676986 276.068074 269.590369
198811 38.988495 299.800639 276.161570 269.682923
198812 39.057102 299.756248 276.038517 269.580760
198901 38.622311 299.720509 276.069038 269.630219
198902 39.156518 299.872801 276.079836 269.656183
198903 40.151144 300.274550 276.493201 270.033862
198904 42.144448 300.535411 276.696759 270.248663
198905 41.715262 300.415847 276.561363 270.104288
198906 40.446837 300.024774 276.385357 269.963352
198907 40.366754 299.671955 276.239093 269.866894
198908 40.476371 299.593465 276.115365 269.733201
198909 40.170845 299.690696 276.385215 269.973901
198910 40.485695 299.872266 276.469718 270.052675
198911 40.655266 300.061547 276.429559 269.962224
198912 40.833719 300.113457 276.548689 270.115993
199001 40.617421 300.200614 276.796179 270.438402
199002 40.191697 300.353688 276.882872 270.515806
199003 40.969964 300.664072 277.074411 270.660927
199004 42.602912 300.842747 277.236034 270.802510
199005 42.236701 300.593062 276.950865 270.522992
199006 41.593225 300.094988 276.583995 270.190238
199007 39.869311 299.714521 276.119603 269.694185
199008 40.816783 299.595154 276.240029 269.834879
199009 40.438351 299.656135 276.428806 270.061913
199010 40.140584 299.874782 276.435284 270.006123
199011 39.941819 300.066239 276.619584 270.188679
199012 40.331075 300.113563 276.480959 270.072994
199101 40.785491 300.124675 276.495559 270.105102
199102 40.846602 300.222461 276.775458 270.408490
199103 41.261183 300.420486 276.967498 270.573603
199104 42.256023 300.477422 276.898592 270.472557
199105 41.888753 300.277528 276.637254 270.206070
199106 40.875727 299.927986 276.266193 269.823129
199107 39.551219 299.512610 275.932693 269.504025
199108 39.497236 299.225582 275.854818 269.467571
199109 39.276758 299.285975 275.932307 269.510595
199110 38.951822 299.469441 275.977741 269.522985
199111 38.866520 299.651673 275.975411 269.482880
199112 39.253500 299.583839 275.794035 269.325529
199201 38.442579 299.593152 275.630436 269.154365
199202 38.585217 299.744456 276.028594 269.588013
199203 39.619073 300.067522 276.322140 269.836708
199204 40.582395 300.279926 276.378919 269.885793
199205 41.171865 300.187664 276.104624 269.557519
199206 40.067499 299.791115 275.851412 269.357021
199207 38.540729 299.348957 275.645557 269.216462
199208 38.818705 299.194725 275.634004 269.202345
199209 40.015031 299.386275 275.789875 269.326866
199210 39.801110 299.669165 276.084731 269.595549
199211 39.995323 299.965258 276.108496 269.598522
199212 39.813532 300.015862 276.348558 269.881117
199301 40.171479 300.118198 276.630084 270.204995
199302 40.888757 300.309153 277.157929 270.802452
199303 41.646263 300.631249 277.243883 270.891194
199304 41.953366 300.770155 277.307315 270.943815
199305 42.335034 300.563493 276.914235 270.508067
199306 40.942020 300.091375 276.411207 269.993076
199307 40.374916 299.596759 276.112220 269.731528
199308 39.610676 299.436941 275.898515 269.496278
199309 39.470234 299.451439 276.018388 269.592258
199310 39.433088 299.713444 275.945189 269.453051
199311 40.275834 299.805372 276.061178 269.592765
199312 40.009575 299.817813 276.114361 269.668778
199401 39.525590 299.887144 276.149800 269.713369
199402 40.223111 299.911546 276.419871 270.044013
199403 40.075155 300.208673 276.378339 269.922385
199404 41.967343 300.413662 276.565416 270.084767
199405 41.489011 300.149433 276.272034 269.797519
199406 39.795994 299.788701 275.866101 269.390761
199407 39.713019 299.355180 275.836649 269.418914
199408 39.273273 299.222819 275.662804 269.227809
199409 39.075901 299.299132 275.903349 269.477854
199410 39.600784 299.494928 276.020098 269.553340
199411 38.853173 299.703296 275.959135 269.466271
199412 38.308508 299.697080 275.841444 269.364755
199501 38.778630 299.646556 275.852593 269.408243
199502 39.185910 299.908696 276.248628 269.819411
199503 40.335279 300.257749 276.496081 270.028965
199504 41.206047 300.526825 276.597123 270.094306
199505 41.295917 300.375606 276.541735 270.066879
199506 40.902871 299.937593 276.157120 269.711218
199507 39.722204 299.615681 275.878861 269.442955
199508 40.107853 299.517432 275.973415 269.581772
199509 39.711550 299.655228 276.212132 269.816955
199510 40.222620 299.901456 276.403709 269.936654
199511 40.209117 300.040759 276.558573 270.122948
199512 39.996899 300.092141 276.493809 270.070593
199601 40.679864 300.100100 276.625313 270.244588
199602 39.379600 300.295296 276.737707 270.356758
199603 40.058127 300.727874 276.939027 270.472577
199604 42.061711 300.788812 277.153043 270.716620
199605 41.883800 300.601748 276.966190 270.545539
199606 40.967834 300.284022 276.439221 270.001948
199607 40.277616 299.903732 276.376017 270.009729
199608 40.886922 299.681814 276.521886 270.173221
199609 40.726859 299.827602 276.576738 270.197777
199610 40.814596 300.110549 276.665779 270.236557
199611 41.731460 300.282692 276.735821 270.289147
199612 41.166757 300.379781 276.804943 270.387963
199701 41.217614 300.493231 277.155801 270.813483
199702 41.692158 300.635994 277.488982 271.172623
199703 42.017975 300.848878 277.608808 271.303419
199704 43.048372 301.011560 277.536726 271.186633
199705 43.716445 300.791054 277.326298 270.971594
199706 42.562500 300.257081 276.922455 270.592714
199707 41.212103 299.739630 276.471480 270.157256
199708 41.118242 299.602326 276.360570 270.000302
199709 41.425738 299.670675 276.636104 270.295339
199710 40.477007 299.883208 276.724498 270.352317
199711 40.840971 300.022941 276.634712 270.257494
199712 40.715724 299.969164 276.570048 270.209640
199801 40.542092 299.980554 276.384590 270.021758
199802 40.397571 300.051985 276.742765 270.366200
199803 40.149163 300.307214 276.725681 270.320154
199804 41.449234 300.436956 276.847379 270.412624
199805 41.298943 300.169948 276.537552 270.100437
199806 40.327916 299.763507 275.981124 269.531338
199807 39.632799 299.445004 275.872880 269.451389
199808 39.958699 299.240083 275.950366 269.564851
199809 39.579756 299.294083 276.020436 269.629307
199810 39.742477 299.430219 275.988786 269.551558
199811 39.987198 299.621327 276.104834 269.637493
199812 39.505939 299.714800 275.905110 269.459206
199901 38.649563 299.735621 275.984020 269.580318
199902 39.438373 299.859477 276.227894 269.836045
199903 40.293825 300.103676 276.515669 270.077182
199904 40.969570 300.408152 276.512392 270.044837
199905 41.202782 300.207377 276.389727 269.929050
199906 40.063374 299.868956 276.020816 269.545861
199907 39.852951 299.579457 275.858749 269.416400
199908 39.506479 299.525994 276.065813 269.662889
199909 39.949984 299.693267 276.214224 269.799608
199910 40.844915 299.919106 276.533058 270.093938
199911 39.810223 300.137481 276.418121 269.915969
199912 40.310559 300.194192 276.664104 270.243450
200001 40.278904 300.209668 276.845304 270.487460
200002 40.154368 300.437900 276.961051 270.572929
200003 41.884479 300.804705 277.251323 270.850365
200004 43.080536 300.959135 277.560527 271.179806
200005 42.733293 300.846537 277.222348 270.841657
200006 42.241676 300.477831 276.993115 270.624555
200007 41.887542 300.081859 276.732634 270.403327
200008 41.366056 299.882797 276.682037 270.353936
200009 42.349657 299.947684 276.815197 270.471757
200010 41.401937 300.255491 276.805146 270.372686
200011 41.458764 300.414130 276.966272 270.538573
200012 41.564517 300.526292 276.997334 270.598068
200101 41.830897 300.631590 277.523050 271.219228
200102 42.605766 300.896410 277.842491 271.546305
200103 42.915247 301.099317 277.956693 271.676432
200104 43.565055 301.291460 277.972920 271.665545
200105 44.160830 301.104726 277.580938 271.223906
200106 43.119167 300.532055 277.247739 270.912020
200107 40.753653 300.042823 276.700007 270.359797
200108 40.832872 299.828492 276.622625 270.298116
200109 41.003672 299.879663 276.641238 270.263954
200110 40.834962 300.021434 276.630352 270.207535
200111 40.603533 300.127694 276.656655 270.210674
200112 40.183906 300.200293 276.665456 270.239017
200201 40.043396 300.241926 276.662513 270.270690
200202 40.513833 300.440140 276.792732 270.413866
200203 41.582856 300.774768 277.223352 270.824454
200204 43.412576 300.984801 277.267107 270.848182
200205 43.808726 300.754269 277.074600 270.645602
200206 42.446104 300.334667 276.738503 270.323826
200207 41.530585 300.000706 276.576270 270.203377
200208 41.697740 299.861086 276.759644 270.425714
200209 41.533216 299.874159 276.725085 270.379124
200210 41.014099 300.145315 276.828435 270.404564
200211 41.280196 300.338722 276.865147 270.436906
200212 41.946805 300.340498 276.917972 270.542095
200301 41.047185 300.329789 277.068581 270.763865
200302 40.699688 300.551264 277.069807 270.736295
200303 41.769603 300.690751 277.380633 271.012017
200304 42.316879 300.901728 277.244325 270.818595
200305 42.886519 300.699702 276.963570 270.504963
200306 40.727711 300.242984 276.447213 269.985977
200307 40.410154 299.806640 276.159521 269.742275
200308 40.907073 299.740463 276.256829 269.867934
200309 40.906873 299.844128 276.586712 270.232578
200310 41.076865 300.164031 276.568764 270.123132
200311 42.024785 300.317197 276.733714 270.302955
200312 40.834132 300.364387 276.821101 270.404921
200401 40.203362 300.379744 276.952248 270.591896
200402 41.073026 300.481212 277.044555 270.697581
200403 42.078988 300.827976 277.304877 270.948410
200404 43.204206 301.003421 277.510092 271.138913
200405 43.319824 300.788063 277.315615 270.926469
200406 41.525344 300.233002 276.814399 270.430550
200407 40.635401 299.781656 276.323648 269.927633
200408 40.554903 299.675735 276.380075 270.015408
200409 40.011697 299.656207 276.473240 270.094522
200410 40.304797 299.937265 276.463034 270.027544
200411 40.345384 300.178569 276.651811 270.205277
200412 41.089494 300.231804 276.582668 270.165791
200501 40.662316 300.228294 276.708036 270.361115
200502 40.617261 300.308064 277.015612 270.706910
200503 40.976491 300.546089 277.097807 270.699291
200504 42.434381 300.720899 277.084424 270.673359
200505 42.425108 300.527709 276.788667 270.353739
200506 40.767635 300.149590 276.410215 269.961095
200507 39.964586 299.743025 276.093789 269.665519
200508 39.906686 299.593510 276.102446 269.695369
200509 40.212548 299.723092 276.333827 269.939620
200510 40.038467 299.918883 276.507836 270.062720
200511 40.372170 300.020119 276.523492 270.056423
200512 40.510100 300.027864 276.428035 269.984167
200601 39.752847 300.070167 276.470821 270.088283
200602 39.813856 300.212526 276.696287 270.316513
200603 40.579232 300.540371 276.855802 270.433903
200604 41.725507 300.794409 277.016910 270.558812
200605 42.163276 300.540244 276.727865 270.272756
200606 40.738535 300.060929 276.522840 270.132047
200607 40.143905 299.671166 276.195788 269.824921
200608 40.252451 299.552195 276.236405 269.863979
200609 40.583918 299.779880 276.367399 269.935890
200610 40.521143 300.065408 276.571850 270.138011
200611 40.745476 300.267740 276.766026 270.333571
200612 40.309823 300.293712 276.757954 270.361192
200701 40.330885 300.303409 276.763344 270.369280
200702 41.788701 300.441194 277.072770 270.720348
200703 41.960641 300.743161 277.292664 270.908107
200704 41.723325 301.080930 277.309646 270.861896
200705 43.568571 301.023577 277.210933 270.807295
200706 42.610243 300.620057 277.293227 270.940431
200707 41.816647 300.314616 276.856891 270.476090
200708 42.840424 300.055931 277.173004 270.884641
200709 42.191137 300.145416 277.257372 270.948070
200710 41.973190 300.370647 277.038406 270.622338
200711 41.906622 300.504110 277.039760 270.608258
200712 41.951225 300.489069 277.197982 270.827770
200801 42.601252 300.495838 277.353181 271.054197
200802 42.515208 300.655644 277.595634 271.307970
200803 42.990980 300.976766 277.729060 271.352338
200804 43.531281 301.193503 277.747807 271.372308
200805 44.136954 300.987587 277.636311 271.289205
200806 42.716359 300.449363 277.128360 270.801120
200807 41.253023 299.942494 276.693610 270.355996
200808 41.360388 299.706487 276.564298 270.225405
200809 41.027036 299.632765 276.668563 270.355902
200810 40.255142 299.751367 276.543093 270.143919
200811 40.066483 299.862312 276.434173 270.006981
200812 40.141125 299.892171 276.372503 269.991204
200901 39.808669 299.979919 276.180977 269.789274
200902 39.694957 300.014922 276.479568 270.113373
200903 39.907794 300.382498 276.702897 270.273995
200904 40.888033 300.579871 276.799928 270.328998
200905 41.993487 300.353919 276.545019 270.079162
200906 39.789766 299.967151 276.250744 269.824887
200907 40.088872 299.597743 275.998390 269.599077
200908 39.912181 299.493934 276.041281 269.644459
200909 40.569003 299.635337 276.244823 269.840144
200910 40.367841 299.868649 276.362444 269.920994
200911 39.898137 300.106232 276.405515 269.937073
200912 40.717802 300.076791 276.363391 269.934157
201001 41.850511 300.111862 276.630244 270.231728
201002 41.268778 300.334179 276.956275 270.613325
201003 41.354891 300.658417 277.137079 270.724945
201004 42.684900 300.867127 277.133495 270.703681
201005 43.209042 300.751282 277.111203 270.691260
201006 42.109617 300.438711 276.794031 270.409393
201007 42.214315 300.096494 276.795758 270.448577
201008 41.907845 300.002038 276.810588 270.479462
201009 42.452715 300.083462 277.016960 270.693176
201010 42.175171 300.386977 277.012100 270.612520
201011 42.172895 300.577319 277.213711 270.826399
201012 42.138543 300.619145 277.325428 270.967210
201101 41.938192 300.678049 277.314105 270.994459
201102 42.226074 300.639226 277.658636 271.395371
201103 42.481245 300.929913 277.788139 271.434455
201104 43.527862 301.212031 277.554451 271.145718
201105 43.813354 300.902975 277.454555 271.103482
201106 41.645173 300.487267 277.034442 270.667305
201107 42.005021 300.147332 276.763693 270.419681
201108 42.030628 300.028177 276.888499 270.583596
201109 42.523145 300.180368 276.854655 270.478629
201110 42.271161 300.512421 277.131948 270.720777
201111 42.175371 300.648610 277.183883 270.761809
201112 42.599686 300.723866 277.316917 270.917437
201201 41.318319 300.838506 277.458858 271.113776
201202 41.818387 301.027745 277.695517 271.353012
201203 43.366899 301.244810 278.014238 271.690656
201204 45.489427 301.392634 278.018696 271.678084
201205 45.287809 301.180928 277.792159 271.410202
201206 42.569632 300.711777 277.216671 270.866327
201207 42.322248 300.353652 276.904681 270.549674
201208 42.381434 300.155555 277.059521 270.758170
201209 43.351078 300.164441 277.173519 270.850401
201210 41.972005 300.479847 277.245546 270.880211
201211 42.410727 300.618482 277.260207 270.874671
201212 41.811923 300.644421 277.235546 270.850270
201301 42.595662 300.562136 277.306199 270.949152
201302 41.512423 300.801444 277.457559 271.131127
201303 42.127725 301.133942 277.673940 271.331185
201304 43.818451 301.401677 277.775372 271.395427
201305 44.810381 301.295222 277.540855 271.146316
201306 43.471433 300.835438 277.442291 271.140256
201307 42.617706 300.422510 277.248998 270.970322
201308 42.726146 300.149760 277.234268 270.957362
201309 42.578788 300.241147 277.351046 271.023701
201310 41.863876 300.570676 277.441418 271.066768
201311 43.049713 300.803258 277.261061 270.850197
201312 43.162127 300.945888 277.602643 271.226997
201401 43.685995 301.049586 277.803879 271.497253
201402 44.706643 301.206738 278.352287 272.111818
201403 43.912820 301.476179 278.674803 272.442535
201404 45.307375 301.578760 278.435602 272.161969
201405 45.249261 301.386416 278.055284 271.761850
201406 43.449415 300.878958 277.673374 271.379964
201407 41.695803 300.410742 277.169592 270.889693
201408 42.282783 300.179718 277.042291 270.731033
201409 42.150242 300.218287 277.175909 270.851933
201410 42.077821 300.388997 277.323362 270.966491
201411 41.580177 300.415168 277.141095 270.751714
201412 41.076224 300.433639 277.136588 270.766378
201501 41.705111 300.469037 277.353699 271.033730
201502 40.816030 300.743113 277.494158 271.158543
201503 42.747225 301.049357 277.660010 271.291300
201504 43.113765 301.302259 277.692412 271.274377
201505 43.104768 301.180451 277.518614 271.127900
201506 43.220318 300.717633 277.305192 270.966871
201507 42.954297 300.264094 277.077592 270.776007
201508 42.921074 299.988685 277.088909 270.814713
201509 42.732655 300.043918 277.204115 270.890341
201510 41.174384 300.285930 277.109193 270.726394
201511 41.516043 300.416262 276.931336 270.527429
201512 41.626029 300.426328 276.945701 270.571559
201601 41.169156 300.366875 276.989429 270.643712
201602 42.106971 300.587865 277.022219 270.660646
201603 42.145276 300.864815 277.319482 270.937335
201604 43.152225 301.135683 277.330678 270.906491
201605 43.522878 300.944919 277.239057 270.841654
201606 42.027515 300.577491 276.827179 270.415647
201607 42.234466 300.250065 276.745131 270.371895
201608 42.152964 300.061314 276.935087 270.613668
201609 42.749397 300.083577 277.067503 270.740453
201610 41.582893 300.273105 277.052195 270.668511
201611 42.104935 300.364748 277.062434 270.689205
201612 41.559156 300.326425 277.091722 270.780942
201701 40.773292 300.289193 277.013814 270.698796
201702 41.564172 300.451891 277.080656 270.753566
201703 41.475987 300.593190 277.329337 270.954806
201704 42.401291 300.924141 277.098474 270.675511
201705 43.388049 300.772893 277.124700 270.741108
201706 41.531552 300.408142 276.873517 270.483636
201707 41.541852 300.084320 276.550538 270.195779
201708 41.827860 299.897356 276.653676 270.331213
201709 41.462523 299.994650 276.811744 270.473960
201710 41.806453 300.197120 276.826561 270.422974
201711 40.949287 300.385984 276.900437 270.457223
201712 41.719160 300.411766 276.994131 270.595968
201801 41.310941 300.485338 277.289583 270.977512
201802 41.760228 300.696617 277.492107 271.166586
201803 42.974768 300.970661 277.716974 271.395628
201804 43.222865 301.198167 277.729417 271.389308
201805 44.004087 301.009624 277.654447 271.298393
201806 43.076522 300.637074 277.247884 270.899003
201807 42.235596 300.308898 276.865838 270.510528
201808 42.905800 300.140985 277.080896 270.755957
201809 41.974368 300.203109 277.209344 270.893313
201810 42.590520 300.415349 277.083514 270.713186
201811 41.767688 300.583004 277.202134 270.790780
201812 41.347896 300.630663 277.220114 270.838733
201901 42.095582 300.630184 277.351549 271.016015
201902 42.472618 300.750763 277.616826 271.307609
201903 42.627115 301.097773 277.855817 271.519881
201904 43.879648 301.267940 277.840815 271.486995
201905 44.222410 301.047672 277.621632 271.255615
201906 43.528396 300.640938 277.130433 270.752747
201907 42.021203 300.344172 276.971820 270.613958
201908 42.474825 300.143068 277.142921 270.863464
201909 42.522697 300.189303 277.142747 270.822866
201910 42.026351 300.425572 277.244703 270.862647
201911 41.821771 300.570479 277.271048 270.879737
201912 42.042493 300.581641 277.221978 270.888253
202001 42.257820 300.621949 277.471869 271.170918
202002 41.857390 300.826885 277.391942 271.082580
202003 42.654162 301.007174 277.728996 271.383270
202004 43.487552 301.140623 277.583550 271.198532
202005 43.307673 301.004951 277.410422 271.028470
202006 42.229158 300.602839 277.202877 270.854094
202007 42.030527 300.185026 276.981567 270.670983
202008 41.946215 300.073561 276.904196 270.587535
202009 43.156167 300.141081 277.141902 270.829089
202010 41.971420 300.363368 277.188526 270.811440
202011 42.237350 300.501033 277.274833 270.880128
202012 42.109555 300.506662 277.200815 270.864480
202101 41.668589 300.474699 277.414359 271.109692
202102 40.551552 300.657572 277.282271 270.945653
202103 42.146954 301.113514 277.534764 271.137720
202104 44.191352 301.241921 277.674984 271.279146
202105 43.722366 301.111741 277.566962 271.166240
202106 43.315218 300.708309 277.191989 270.824407
202107 42.867466 300.332835 277.088509 270.783178
202108 42.156262 300.202824 277.159439 270.852180
202109 42.138185 300.315880 277.269730 270.957429
202110 42.714013 300.576415 277.344351 270.981127
202111 42.353863 300.787051 277.307238 270.902290
202112 42.342950 300.754073 277.555701 271.229166
202201 42.421519 300.805522 277.446433 271.122460
202202 42.595419 300.791997 277.822934 271.526652
202203 42.870676 301.141700 277.812380 271.473550
202204 44.930359 301.308143 277.763658 271.377896
202205 43.744628 301.025113 277.592561 271.238479
202206 43.306588 300.598475 277.148350 270.815844
202207 41.377094 300.267810 276.982717 270.648948
202208 42.521126 300.147879 277.034070 270.709409
202209 42.625171 300.240801 277.202759 270.898957
202210 42.194000 300.466073 277.254851 270.867448
202211 42.795301 300.576645 277.306012 270.920634
202212 42.137501 300.654790 277.281845 270.935486
202301 41.918637 300.700703 277.379061 271.076995
202302 41.793900 300.870894 277.506209 271.206861
202303 42.770416 301.095245 277.734730 271.409677
202304 44.956275 301.349485 277.809509 271.437787
202305 44.854196 301.132954 277.489727 271.096198
202306 43.236081 300.785289 277.230668 270.857307
202307 42.526454 300.476610 277.038114 270.711437
202308 43.449966 300.340120 277.060065 270.732550
202309 43.371045 300.421668 277.518493 271.224520
202310 42.599358 300.676066 277.637980 271.286748
202311 42.819134 300.896258 277.556632 271.182715
202312 42.896483 300.906437 277.644242 271.298464
202401 43.405432 300.902851 278.013272 271.761890
202402 41.438206 301.182554 278.191936 271.921720
202403 43.424201 301.565225 278.088303 271.750504
202404 45.797583 301.664763 278.385300 272.054306
202405 46.722838 301.500953 278.240746 271.959111
202406 44.363683 301.157961 277.904224 271.624424
202407 43.939843 300.741495 277.581419 271.306601
202408 43.903300 300.588840 277.755608 271.513186
202409 43.616351 300.673763 277.866668 271.608531
202410 43.399261 300.935252 277.767710 271.403553
202411 43.590865 301.236821 277.856861 271.473835
202412 44.918859 301.383422 278.060182 271.737836
