time(yyyymm) ts_sst
185001 26.666885
185002 26.867367
185003 26.859901
185004 27.103140
185005 27.400697
185006 26.991536
185007 26.590376
185008 26.231367
185009 26.303904
185010 26.735398
185011 26.737247
185012 26.785220
185101 26.712113
185102 26.691124
185103 27.010130
185104 27.097390
185105 27.160636
185106 27.085135
185107 26.752480
185108 26.543402
185109 26.556967
185110 26.649503
185111 26.962591
185112 26.798785
185201 26.506187
185202 26.466759
185203 27.091966
185204 27.461857
185205 27.389214
185206 27.162822
185207 26.782048
185208 26.371626
185209 26.655689
185210 26.899292
185211 27.002903
185212 26.793295
185301 26.706615
185302 27.046626
185303 27.409364
185304 27.482550
185305 27.345546
185306 27.050901
185307 26.706886
185308 26.356966
185309 26.293095
185310 26.653187
185311 26.933584
185312 26.781024
185401 26.668621
185402 26.955386
185403 27.195372
185404 27.573174
185405 27.544336
185406 27.120300
185407 26.456450
185408 26.213399
185409 26.473713
185410 26.746461
185411 26.592992
185412 26.536182
185501 26.646523
185502 26.953669
185503 27.225540
185504 27.341377
185505 27.192649
185506 26.858894
185507 26.340130
185508 26.338212
185509 26.383899
185510 26.753484
185511 26.997768
185512 27.053716
185601 26.877073
185602 27.040621
185603 27.084832
185604 27.230183
185605 27.262808
185606 26.752024
185607 26.396745
185608 25.961984
185609 26.167223
185610 26.493783
185611 26.419868
185612 26.224616
185701 26.356759
185702 26.623450
185703 26.594103
185704 27.035388
185705 26.897685
185706 26.692245
185707 26.346327
185708 26.107639
185709 26.302395
185710 26.396373
185711 26.577322
185712 26.422169
185801 26.696988
185802 26.704866
185803 27.014289
185804 27.166777
185805 27.164747
185806 26.844916
185807 26.495306
185808 26.482825
185809 26.235743
185810 26.686079
185811 26.807722
185812 26.579844
185901 26.582503
185902 26.909318
185903 27.102874
185904 27.271899
185905 27.405453
185906 26.719164
185907 26.240686
185908 26.467958
185909 26.151574
185910 26.474150
185911 26.718504
185912 26.801011
186001 26.587010
186002 26.874272
186003 27.045228
186004 27.249611
186005 27.326114
186006 26.778170
186007 26.150353
186008 26.428355
186009 26.638118
186010 26.220816
186011 26.681007
186012 26.508025
186101 26.700364
186102 25.963856
186103 26.781722
186104 27.346789
186105 26.808399
186106 26.589360
186107 26.521341
186108 25.940154
186109 26.122573
186110 26.681765
186111 26.597125
186112 26.756647
186201 26.326992
186202 26.537538
186203 26.872099
186204 27.359809
186205 27.123206
186206 26.638019
186207 26.360417
186208 25.939016
186209 26.178787
186210 26.604809
186211 26.416260
186212 26.095031
186301 26.373634
186302 26.788517
186303 26.817220
186304 27.175329
186305 26.987563
186306 26.396689
186307 25.967650
186308 26.013067
186309 25.954660
186310 26.145483
186311 26.537547
186312 26.692241
186401 26.219715
186402 26.018580
186403 26.589325
186404 27.434708
186405 27.236848
186406 26.793957
186407 26.470613
186408 26.104503
186409 26.454178
186410 26.790651
186411 26.937768
186412 26.964900
186501 26.732950
186502 27.183547
186503 27.250971
186504 27.494747
186505 27.382994
186506 27.321308
186507 26.813562
186508 26.366483
186509 26.645171
186510 27.038948
186511 26.788161
186512 26.860550
186601 27.364598
186602 27.065318
186603 27.698752
186604 26.898059
186605 26.835241
186606 27.519392
186607 26.778298
186608 26.603916
186609 26.321888
186610 26.218355
186611 26.891511
186612 26.443130
186701 26.464663
186702 26.335095
186703 27.455819
186704 27.160340
186705 27.316518
186706 27.110537
186707 26.375122
186708 26.200565
186709 26.457093
186710 26.362430
186711 26.728617
186712 26.451451
186801 26.445318
186802 27.134551
186803 27.240870
186804 27.202416
186805 27.316855
186806 26.840172
186807 26.624547
186808 26.283812
186809 26.427579
186810 26.678205
186811 27.016661
186812 26.895176
186901 26.689632
186902 26.954517
186903 27.476261
186904 27.484837
186905 27.595199
186906 26.808982
186907 26.521437
186908 26.357394
186909 26.202695
186910 26.491058
186911 26.722233
186912 26.555676
187001 26.590792
187002 26.917581
187003 26.943652
187004 27.353392
187005 26.882110
187006 26.641475
187007 26.583427
187008 26.070420
187009 26.329841
187010 26.313069
187011 26.424800
187012 26.734146
187101 26.501987
187102 26.733737
187103 27.173041
187104 27.375725
187105 27.304760
187106 26.838257
187107 26.591451
187108 26.233212
187109 26.209478
187110 26.570669
187111 26.578123
187112 26.657526
187201 26.525941
187202 26.812335
187203 27.076621
187204 27.322311
187205 27.149699
187206 26.729790
187207 26.528704
187208 26.286783
187209 26.146585
187210 26.472816
187211 26.544690
187212 26.502885
187301 26.489601
187302 26.703164
187303 26.713905
187304 27.037641
187305 27.108319
187306 26.702308
187307 26.157770
187308 26.188044
187309 26.272038
187310 26.408296
187311 26.719301
187312 26.425985
187401 26.629212
187402 26.371102
187403 26.830699
187404 26.891843
187405 27.030062
187406 26.432954
187407 26.560629
187408 25.874279
187409 26.150677
187410 26.117306
187411 26.264674
187412 26.240346
187501 26.615094
187502 26.792109
187503 26.968956
187504 27.043030
187505 27.181442
187506 26.764934
187507 26.304161
187508 25.823121
187509 26.330968
187510 26.607149
187511 26.712878
187512 26.623377
187601 26.520475
187602 26.795762
187603 26.961162
187604 27.186902
187605 27.031402
187606 26.596318
187607 26.381154
187608 25.994914
187609 26.090896
187610 26.448787
187611 26.684181
187612 26.688607
187701 26.672275
187702 27.149123
187703 27.111718
187704 27.640943
187705 27.203936
187706 27.132376
187707 26.875837
187708 26.808950
187709 26.953462
187710 27.276455
187711 27.363733
187712 27.315061
187801 27.402161
187802 27.592388
187803 27.673452
187804 27.928335
187805 27.792322
187806 27.401407
187807 26.807166
187808 26.458209
187809 26.491375
187810 26.663138
187811 26.799826
187812 26.683718
187901 26.629814
187902 26.860106
187903 27.187088
187904 27.192758
187905 27.181196
187906 26.748372
187907 26.191369
187908 26.131387
187909 26.173840
187910 26.226264
187911 26.494883
187912 26.466778
188001 26.199408
188002 26.756585
188003 27.229025
188004 27.358971
188005 27.004668
188006 26.613615
188007 26.080891
188008 26.183965
188009 25.997568
188010 26.475376
188011 26.669226
188012 26.697534
188101 26.659979
188102 26.896370
188103 27.284178
188104 27.582866
188105 27.405974
188106 27.034765
188107 26.508316
188108 26.244534
188109 26.327071
188110 26.483842
188111 26.669758
188112 26.692355
188201 26.732116
188202 26.870212
188203 27.153159
188204 27.483003
188205 27.225974
188206 26.631865
188207 26.254656
188208 26.093416
188209 26.266850
188210 26.286595
188211 26.612595
188212 26.511108
188301 26.487952
188302 26.571880
188303 27.136399
188304 27.265825
188305 27.332235
188306 26.886706
188307 26.270403
188308 26.030144
188309 26.202696
188310 26.206260
188311 26.657419
188312 26.445388
188401 26.335144
188402 26.816420
188403 26.931182
188404 27.147656
188405 27.313014
188406 26.769183
188407 26.207653
188408 26.065692
188409 26.279960
188410 26.366206
188411 26.564526
188412 26.555814
188501 26.545761
188502 26.795582
188503 26.955668
188504 27.267535
188505 27.167813
188506 26.666177
188507 26.218154
188508 25.981782
188509 26.277020
188510 26.739273
188511 26.844441
188512 26.669122
188601 26.641570
188602 26.698598
188603 27.038010
188604 27.325906
188605 27.235157
188606 26.634890
188607 26.165052
188608 25.997649
188609 26.035198
188610 26.165803
188611 26.437725
188612 26.106089
188701 26.141446
188702 26.382581
188703 26.732369
188704 26.913463
188705 26.814769
188706 26.462128
188707 26.185357
188708 25.942658
188709 26.072381
188710 26.319184
188711 26.578759
188712 26.528586
188801 26.495599
188802 26.778955
188803 27.198316
188804 27.304109
188805 27.324782
188806 26.857896
188807 26.507353
188808 26.244184
188809 26.393093
188810 26.812843
188811 27.030125
188812 27.001685
188901 27.071088
188902 27.171872
188903 27.455993
188904 27.539835
188905 27.420285
188906 26.946916
188907 26.507547
188908 26.196935
188909 26.174706
188910 26.178238
188911 26.528874
188912 26.476002
189001 26.192896
189002 26.534819
189003 26.869683
189004 27.035259
189005 26.986449
189006 26.490235
189007 26.060736
189008 25.603281
189009 25.819287
189010 26.012769
189011 26.095598
189012 26.556069
189101 26.370282
189102 26.677668
189103 26.981609
189104 27.286534
189105 27.339771
189106 26.728680
189107 26.228434
189108 26.063882
189109 26.163931
189110 26.495242
189111 26.555173
189112 26.562330
189201 26.641117
189202 26.834137
189203 26.946203
189204 27.072871
189205 27.000703
189206 26.457021
189207 25.884358
189208 25.693513
189209 25.859319
189210 25.893654
189211 26.004331
189212 26.293939
189301 26.255466
189302 26.521162
189303 26.814844
189304 26.922762
189305 26.874451
189306 26.530522
189307 26.190073
189308 25.921583
189309 25.921166
189310 26.202396
189311 26.136350
189312 26.248760
189401 26.217555
189402 26.457899
189403 26.748336
189404 27.008241
189405 26.890562
189406 26.511820
189407 26.221833
189408 25.928324
189409 26.076710
189410 26.195757
189411 26.317638
189412 26.401452
189501 26.599945
189502 26.731784
189503 26.970389
189504 27.363935
189505 27.205204
189506 26.718516
189507 26.373051
189508 26.310197
189509 26.357347
189510 26.544555
189511 26.889796
189512 26.650169
189601 26.689841
189602 26.808016
189603 27.331344
189604 27.471909
189605 27.356758
189606 26.947333
189607 26.667817
189608 26.499218
189609 26.535707
189610 26.679497
189611 27.092103
189612 27.093856
189701 27.007715
189702 27.184270
189703 27.490742
189704 27.588324
189705 27.387186
189706 26.907354
189707 26.554525
189708 26.427595
189709 26.334655
189710 26.592986
189711 26.545060
189712 26.570413
189801 26.483657
189802 26.572583
189803 26.779152
189804 27.060464
189805 26.962552
189806 26.641992
189807 26.194635
189808 25.879219
189809 26.080445
189810 26.209048
189811 26.473806
189812 26.433821
189901 26.424869
189902 26.519273
189903 26.839066
189904 27.074124
189905 27.177295
189906 26.532479
189907 26.309790
189908 26.264499
189909 26.246714
189910 26.658859
189911 26.738575
189912 26.921622
190001 26.844444
190002 27.110961
190003 27.165672
190004 27.643665
190005 27.357598
190006 26.994212
190007 26.546577
190008 26.245147
190009 26.377539
190010 26.627468
190011 26.654711
190012 26.825594
190101 26.821193
190102 26.845360
190103 27.154903
190104 27.362453
190105 27.226834
190106 26.614078
190107 26.234363
190108 26.154660
190109 25.991315
190110 26.311787
190111 26.553350
190112 26.412236
190201 26.410323
190202 26.645157
190203 26.854736
190204 27.406308
190205 27.238832
190206 26.749998
190207 26.427875
190208 26.179336
190209 26.209964
190210 26.448160
190211 26.637993
190212 26.737372
190301 26.670855
190302 26.707456
190303 26.909871
190304 27.102265
190305 26.992975
190306 26.611835
190307 26.164534
190308 25.815414
190309 25.913594
190310 26.130706
190311 26.200906
190312 26.190279
190401 26.013052
190402 26.082244
190403 26.652052
190404 26.772672
190405 26.765800
190406 26.328356
190407 25.962945
190408 25.862885
190409 25.949629
190410 26.275354
190411 26.419166
190412 26.499791
190501 26.411475
190502 26.567127
190503 26.982789
190504 27.171311
190505 27.186792
190506 26.856983
190507 26.357198
190508 26.180235
190509 26.237463
190510 26.433170
190511 26.612106
190512 26.654473
190601 26.687860
190602 26.870917
190603 27.101737
190604 27.279679
190605 27.095663
190606 26.676055
190607 26.330025
190608 25.979546
190609 26.068590
190610 26.027328
190611 26.384816
190612 26.462131
190701 26.255374
190702 26.461166
190703 26.786115
190704 27.045639
190705 27.012081
190706 26.617920
190707 26.253524
190708 25.939616
190709 26.131292
190710 26.245989
190711 26.464085
190712 26.387394
190801 26.403986
190802 26.497628
190803 26.589817
190804 26.878096
190805 26.934631
190806 26.386984
190807 25.951607
190808 25.716044
190809 25.905843
190810 26.040466
190811 26.178233
190812 26.082922
190901 26.238493
190902 26.396319
190903 26.635671
190904 26.945390
190905 26.935260
190906 26.434931
190907 25.902584
190908 25.674516
190909 25.818040
190910 25.912062
190911 26.069990
190912 26.050324
191001 26.126784
191002 26.260616
191003 26.427815
191004 26.736772
191005 26.758042
191006 26.535015
191007 25.972322
191008 25.732505
191009 25.850163
191010 26.027400
191011 26.116154
191012 26.152445
191101 26.272216
191102 26.252788
191103 26.605362
191104 26.708042
191105 26.671718
191106 26.354351
191107 25.956232
191108 25.828760
191109 26.114278
191110 26.289506
191111 26.550793
191112 26.502836
191201 26.551322
191202 26.724806
191203 27.036303
191204 27.416494
191205 27.090769
191206 26.737133
191207 26.256927
191208 25.938650
191209 26.149069
191210 26.271250
191211 26.419882
191212 26.385012
191301 26.363389
191302 26.672303
191303 26.819666
191304 26.985338
191305 27.033616
191306 26.604401
191307 26.232442
191308 26.009609
191309 25.958704
191310 26.346136
191311 26.545333
191312 26.633121
191401 26.622117
191402 26.803510
191403 26.995075
191404 27.370649
191405 27.182347
191406 26.741337
191407 26.283633
191408 26.155639
191409 26.313284
191410 26.458987
191411 26.778741
191412 26.717710
191501 26.523459
191502 26.695885
191503 27.262167
191504 27.436788
191505 27.331084
191506 26.904690
191507 26.620659
191508 26.343810
191509 26.347332
191510 26.415660
191511 26.549674
191512 26.397021
191601 26.511651
191602 26.602857
191603 26.812229
191604 27.189081
191605 26.992575
191606 26.605860
191607 26.033574
191608 25.804086
191609 25.923652
191610 25.908638
191611 26.089179
191612 25.943753
191701 25.746199
191702 25.999444
191703 26.281748
191704 26.832505
191705 26.696821
191706 26.447708
191707 26.161675
191708 26.034040
191709 25.958375
191710 26.124322
191711 26.075093
191712 26.198890
191801 26.232044
191802 26.217444
191803 26.580246
191804 26.934361
191805 26.932690
191806 26.447490
191807 26.286754
191808 25.957300
191809 26.214754
191810 26.550485
191811 26.801891
191812 26.827747
191901 26.656192
191902 26.899209
191903 27.034721
191904 27.362404
191905 27.063997
191906 26.710683
191907 26.163467
191908 25.904279
191909 26.230282
191910 26.184398
191911 26.376156
191912 26.426132
192001 26.514503
192002 26.651460
192003 27.184479
192004 27.119424
192005 27.135167
192006 26.687117
192007 26.256952
192008 25.932394
192009 26.237394
192010 26.372622
192011 26.424618
192012 26.391121
192101 26.467967
192102 26.584220
192103 26.635390
192104 27.119447
192105 26.917618
192106 26.602126
192107 26.265770
192108 25.956550
192109 26.143845
192110 26.400445
192111 26.469757
192112 26.625678
192201 26.251956
192202 26.637233
192203 27.021097
192204 27.074219
192205 26.967483
192206 26.464164
192207 26.084400
192208 25.813362
192209 25.971722
192210 26.237459
192211 26.374913
192212 26.342128
192301 26.283074
192302 26.426803
192303 26.639576
192304 27.115249
192305 26.974199
192306 26.606109
192307 26.162708
192308 25.869534
192309 26.088417
192310 26.330049
192311 26.653667
192312 26.730556
192401 26.520470
192402 26.827454
192403 27.055004
192404 27.394077
192405 27.175641
192406 26.669330
192407 26.161178
192408 25.846486
192409 25.917322
192410 26.099930
192411 26.127835
192412 26.043084
192501 26.063014
192502 26.366202
192503 26.833133
192504 26.974136
192505 27.022066
192506 26.695543
192507 26.401557
192508 26.160908
192509 26.215674
192510 26.406228
192511 26.760433
192512 26.752764
192601 26.778710
192602 26.874772
192603 27.279031
192604 27.511582
192605 27.390312
192606 26.918625
192607 26.437126
192608 26.234810
192609 26.297019
192610 26.434225
192611 26.521569
192612 26.566280
192701 26.469058
192702 26.760789
192703 26.910625
192704 27.148865
192705 26.989259
192706 26.677492
192707 26.241155
192708 26.093791
192709 26.170932
192710 26.495982
192711 26.683149
192712 26.668453
192801 26.677277
192802 26.784338
192803 26.967608
192804 27.198155
192805 27.066919
192806 26.595902
192807 26.201877
192808 25.943489
192809 26.013806
192810 26.257228
192811 26.426803
192812 26.391385
192901 26.283732
192902 26.428249
192903 26.874858
192904 27.129846
192905 26.933337
192906 26.565950
192907 26.114368
192908 26.034368
192909 26.147584
192910 26.321138
192911 26.545119
192912 26.460759
193001 26.482827
193002 26.611993
193003 26.929177
193004 27.288491
193005 27.124885
193006 26.685312
193007 26.320308
193008 26.121403
193009 26.356447
193010 26.655654
193011 26.905875
193012 26.775300
193101 26.852877
193102 26.995578
193103 27.323100
193104 27.458071
193105 27.428310
193106 26.982628
193107 26.501646
193108 26.192437
193109 26.273448
193110 26.415064
193111 26.505231
193112 26.470609
193201 26.414337
193202 26.620095
193203 27.064090
193204 27.246338
193205 27.184412
193206 26.704716
193207 26.206242
193208 26.083931
193209 26.204202
193210 26.181305
193211 26.456536
193212 26.446343
193301 26.513009
193302 26.650729
193303 26.941095
193304 27.131134
193305 27.012556
193306 26.519918
193307 26.047760
193308 25.900912
193309 25.881590
193310 26.141288
193311 26.189057
193312 26.159155
193401 26.161277
193402 26.375607
193403 26.663303
193404 27.087756
193405 26.951960
193406 26.711936
193407 26.281097
193408 26.094165
193409 26.214089
193410 26.344632
193411 26.520598
193412 26.445536
193501 26.423942
193502 26.576707
193503 26.857173
193504 27.145943
193505 27.070256
193506 26.671956
193507 26.162724
193508 26.062511
193509 26.122877
193510 26.381477
193511 26.559505
193512 26.498657
193601 26.494601
193602 26.723242
193603 27.018222
193604 27.342630
193605 27.196595
193606 26.610315
193607 26.203882
193608 26.134697
193609 26.226176
193610 26.436223
193611 26.496919
193612 26.499950
193701 26.412126
193702 26.796618
193703 27.175835
193704 27.337593
193705 27.253437
193706 26.860721
193707 26.442728
193708 26.219674
193709 26.337023
193710 26.459985
193711 26.661270
193712 26.696027
193801 26.512250
193802 26.759497
193803 26.998908
193804 27.110893
193805 27.034504
193806 26.613034
193807 26.116644
193808 25.867529
193809 26.043731
193810 26.334444
193811 26.362460
193812 26.225673
193901 26.289020
193902 26.518352
193903 26.755636
193904 27.174105
193905 27.093794
193906 26.778539
193907 26.450670
193908 26.208225
193909 26.498046
193910 26.464903
193911 26.717058
193912 26.808194
194001 27.031619
194002 27.230397
194003 27.375008
194004 27.648819
194005 27.652459
194006 27.078730
194007 26.585035
194008 26.615966
194009 26.689275
194010 26.888118
194011 27.017430
194012 27.041449
194101 27.187289
194102 27.355957
194103 27.681198
194104 27.891022
194105 27.669232
194106 27.392212
194107 26.947103
194108 26.639114
194109 26.657586
194110 27.174935
194111 27.245861
194112 27.314426
194201 26.985419
194202 27.056610
194203 27.344369
194204 27.596145
194205 27.504367
194206 26.941378
194207 26.467600
194208 26.191812
194209 26.193520
194210 26.337589
194211 26.464212
194212 26.509922
194301 26.528991
194302 26.733548
194303 26.957091
194304 27.280046
194305 27.334122
194306 26.928249
194307 26.476791
194308 26.371427
194309 26.272440
194310 26.642508
194311 26.738026
194312 26.696286
194401 26.583548
194402 26.928793
194403 27.383011
194404 27.673000
194405 27.563206
194406 27.294937
194407 26.856081
194408 26.512224
194409 26.531176
194410 26.726114
194411 26.564674
194412 26.951877
194501 26.929894
194502 27.180153
194503 27.326428
194504 27.622553
194505 27.506686
194506 27.165933
194507 26.513319
194508 26.544884
194509 26.445384
194510 26.742216
194511 26.792416
194512 26.877121
194601 26.832531
194602 26.927644
194603 27.325870
194604 27.435567
194605 27.145469
194606 26.703078
194607 26.287733
194608 26.100608
194609 26.494550
194610 26.613501
194611 26.610198
194612 26.638321
194701 26.745234
194702 26.791347
194703 27.151859
194704 27.367363
194705 27.228140
194706 26.899555
194707 26.415449
194708 26.098718
194709 26.143106
194710 26.261147
194711 26.464651
194712 26.570390
194801 26.455026
194802 26.732875
194803 27.135307
194804 27.268554
194805 27.329553
194806 26.860000
194807 26.347826
194808 26.220219
194809 26.045216
194810 26.296151
194811 26.418650
194812 26.569787
194901 26.493180
194902 26.792987
194903 26.960556
194904 27.287489
194905 27.203934
194906 26.693030
194907 26.364585
194908 26.168469
194909 26.034600
194910 26.304271
194911 26.343093
194912 26.431449
195001 26.430949
195002 26.520733
195003 26.951337
195004 27.113188
195005 26.991098
195006 26.623075
195007 26.210189
195008 25.972103
195009 26.022728
195010 26.215089
195011 26.263810
195012 26.279309
195101 26.339899
195102 26.576981
195103 26.831298
195104 27.199401
195105 27.174253
195106 26.919819
195107 26.537047
195108 26.375914
195109 26.435460
195110 26.801385
195111 26.866282
195112 26.787081
195201 26.764470
195202 26.976314
195203 27.247487
195204 27.501603
195205 27.378305
195206 26.849631
195207 26.335457
195208 26.191645
195209 26.320935
195210 26.532975
195211 26.594383
195212 26.624905
195301 26.728075
195302 26.946283
195303 27.236374
195304 27.524545
195305 27.408920
195306 27.031074
195307 26.553887
195308 26.336062
195309 26.419771
195310 26.557178
195311 26.726380
195312 26.718546
195401 26.637748
195402 26.860516
195403 27.060291
195404 27.160069
195405 27.080862
195406 26.663391
195407 26.110302
195408 26.044716
195409 26.020740
195410 26.252883
195411 26.345487
195412 26.274592
195501 26.496003
195502 26.501556
195503 26.868814
195504 26.954477
195505 26.802178
195506 26.486238
195507 26.071897
195508 25.970264
195509 26.036379
195510 26.060075
195511 26.231330
195512 26.219669
195601 26.325335
195602 26.536041
195603 26.860744
195604 27.047990
195605 26.936405
195606 26.533629
195607 26.092149
195608 25.983700
195609 25.993830
195610 26.236456
195611 26.389674
195612 26.498598
195701 26.538969
195702 26.814134
195703 27.171675
195704 27.506392
195705 27.560777
195706 27.045002
195707 26.633089
195708 26.500252
195709 26.485649
195710 26.716181
195711 26.849116
195712 26.954107
195801 26.992192
195802 27.244324
195803 27.497951
195804 27.664367
195805 27.439465
195806 27.041581
195807 26.604704
195808 26.415564
195809 26.444869
195810 26.592256
195811 26.714257
195812 26.785694
195901 26.844473
195902 27.004946
195903 27.294750
195904 27.562551
195905 27.449165
195906 26.925340
195907 26.437802
195908 26.262328
195909 26.378992
195910 26.612763
195911 26.712499
195912 26.706345
196001 26.658311
196002 26.858270
196003 27.277621
196004 27.444508
196005 27.417580
196006 26.849960
196007 26.521760
196008 26.227109
196009 26.391219
196010 26.489798
196011 26.635016
196012 26.762091
196101 26.721662
196102 26.998912
196103 27.190014
196104 27.454818
196105 27.326929
196106 26.948864
196107 26.342875
196108 26.149959
196109 26.205763
196110 26.437250
196111 26.582283
196112 26.603501
196201 26.618306
196202 26.778685
196203 27.150739
196204 27.338837
196205 27.249915
196206 26.863910
196207 26.489821
196208 26.281553
196209 26.301013
196210 26.497551
196211 26.674290
196212 26.588880
196301 26.658881
196302 26.902253
196303 27.247244
196304 27.510556
196305 27.475329
196306 26.994988
196307 26.634081
196308 26.485037
196309 26.543706
196310 26.765643
196311 26.949923
196312 26.939167
196401 26.937143
196402 27.028100
196403 27.202882
196404 27.391528
196405 27.158349
196406 26.793410
196407 26.339028
196408 25.998678
196409 26.040196
196410 26.275896
196411 26.325055
196412 26.244781
196501 26.363615
196502 26.696927
196503 27.001573
196504 27.363126
196505 27.287967
196506 26.897614
196507 26.425338
196508 26.310356
196509 26.430228
196510 26.690756
196511 26.857216
196512 26.855977
196601 26.823413
196602 26.985967
196603 27.285231
196604 27.524882
196605 27.299667
196606 26.994190
196607 26.596412
196608 26.290961
196609 26.386411
196610 26.543100
196611 26.736470
196612 26.712008
196701 26.587534
196702 26.751009
196703 27.065006
196704 27.336732
196705 27.318782
196706 26.879695
196707 26.337154
196708 26.074244
196709 26.183225
196710 26.325602
196711 26.441926
196712 26.495805
196801 26.402184
196802 26.616323
196803 26.909025
196804 27.218437
196805 27.140454
196806 26.961216
196807 26.520990
196808 26.351481
196809 26.445975
196810 26.751711
196811 26.886448
196812 26.928532
196901 27.048917
196902 27.237278
196903 27.583943
196904 27.835339
196905 27.769809
196906 27.207237
196907 26.651310
196908 26.459716
196909 26.600713
196910 26.857206
196911 26.986678
196912 27.011261
197001 27.012050
197002 27.060547
197003 27.412686
197004 27.581918
197005 27.436282
197006 26.869639
197007 26.420952
197008 26.176561
197009 26.223885
197010 26.405758
197011 26.544127
197012 26.408821
197101 26.385844
197102 26.481538
197103 26.795943
197104 27.172677
197105 27.085919
197106 26.570479
197107 26.192803
197108 26.005903
197109 26.126733
197110 26.239673
197111 26.402810
197112 26.336236
197201 26.568686
197202 26.868873
197203 27.071745
197204 27.413901
197205 27.365357
197206 27.044894
197207 26.642688
197208 26.500959
197209 26.615196
197210 26.944063
197211 27.127576
197212 27.191702
197301 27.142592
197302 27.207565
197303 27.461094
197304 27.567071
197305 27.446248
197306 26.996314
197307 26.544897
197308 26.282151
197309 26.365552
197310 26.501485
197311 26.551601
197312 26.405029
197401 26.292231
197402 26.485654
197403 26.833047
197404 27.121789
197405 27.150107
197406 26.752105
197407 26.380307
197408 26.218847
197409 26.249016
197410 26.387616
197411 26.513929
197412 26.456770
197501 26.453704
197502 26.663445
197503 26.906150
197504 27.161030
197505 27.082262
197506 26.659645
197507 26.298243
197508 26.029030
197509 26.042666
197510 26.175191
197511 26.274361
197512 26.157845
197601 26.193785
197602 26.493680
197603 26.809172
197604 27.153009
197605 27.081506
197606 26.807629
197607 26.396894
197608 26.255619
197609 26.374992
197610 26.746586
197611 26.900209
197612 26.831769
197701 26.901106
197702 27.038862
197703 27.262655
197704 27.454529
197705 27.423727
197706 27.087612
197707 26.604650
197708 26.370612
197709 26.503354
197710 26.737752
197711 26.871318
197712 26.839145
197801 26.907285
197802 27.001433
197803 27.291060
197804 27.430834
197805 27.321493
197806 26.942231
197807 26.581144
197808 26.245987
197809 26.372073
197810 26.524216
197811 26.718894
197812 26.783813
197901 26.880739
197902 27.008705
197903 27.354333
197904 27.662677
197905 27.535833
197906 27.164429
197907 26.644846
197908 26.421884
197909 26.572575
197910 26.785814
197911 27.026608
197912 27.038694
198001 27.045601
198002 27.151246
198003 27.474582
198004 27.688778
198005 27.656738
198006 27.160164
198007 26.680600
198008 26.453300
198009 26.565493
198010 26.721909
198011 26.912640
198012 26.873468
198101 26.753879
198102 26.872493
198103 27.306949
198104 27.481805
198105 27.477498
198106 27.052443
198107 26.589399
198108 26.337092
198109 26.556215
198110 26.853191
198111 26.929002
198112 26.947937
198201 26.958552
198202 27.021808
198203 27.320398
198204 27.632914
198205 27.625620
198206 27.216110
198207 26.681796
198208 26.495151
198209 26.701111
198210 27.009726
198211 27.151007
198212 27.235206
198301 27.284433
198302 27.453867
198303 27.691885
198304 27.867558
198305 27.788353
198306 27.432112
198307 26.865615
198308 26.642658
198309 26.660074
198310 26.795536
198311 26.865449
198312 26.928893
198401 26.905559
198402 27.098629
198403 27.420486
198404 27.603700
198405 27.411339
198406 26.958843
198407 26.547754
198408 26.360375
198409 26.612575
198410 26.666052
198411 26.753120
198412 26.658001
198501 26.708692
198502 26.907732
198503 27.137534
198504 27.355185
198505 27.337392
198506 26.903386
198507 26.533935
198508 26.309685
198509 26.449366
198510 26.648485
198511 26.816193
198512 26.814523
198601 26.745524
198602 27.033813
198603 27.324824
198604 27.528362
198605 27.514521
198606 27.151716
198607 26.723651
198608 26.469723
198609 26.622328
198610 26.881335
198611 27.079942
198612 26.988088
198701 27.002847
198702 27.191346
198703 27.636408
198704 27.822981
198705 27.873243
198706 27.438647
198707 27.050902
198708 26.891756
198709 27.018151
198710 27.246108
198711 27.436392
198712 27.262534
198801 27.269391
198802 27.418072
198803 27.732217
198804 27.846240
198805 27.636086
198806 27.180169
198807 26.722413
198808 26.549955
198809 26.596941
198810 26.690789
198811 26.720176
198812 26.662921
198901 26.659171
198902 26.845138
198903 27.160656
198904 27.424602
198905 27.388929
198906 26.998115
198907 26.711001
198908 26.450890
198909 26.587466
198910 26.777180
198911 26.897459
198912 26.903397
199001 26.831984
199002 27.195288
199003 27.436606
199004 27.745185
199005 27.628897
199006 27.177429
199007 26.779187
199008 26.560732
199009 26.658227
199010 26.927342
199011 27.019717
199012 27.001374
199101 27.006725
199102 27.113394
199103 27.441298
199104 27.757669
199105 27.715557
199106 27.334993
199107 26.933739
199108 26.628657
199109 26.700820
199110 26.853705
199111 26.965911
199112 26.985209
199201 26.978561
199202 27.166784
199203 27.479637
199204 27.754214
199205 27.713262
199206 27.256006
199207 26.773570
199208 26.485153
199209 26.549561
199210 26.735465
199211 26.802389
199212 26.763781
199301 26.857386
199302 27.037020
199303 27.396033
199304 27.702280
199305 27.712774
199306 27.242487
199307 26.700400
199308 26.493487
199309 26.625789
199310 26.835055
199311 27.023470
199312 26.989162
199401 26.965663
199402 27.058013
199403 27.436352
199404 27.693868
199405 27.630570
199406 27.159023
199407 26.681595
199408 26.479252
199409 26.573000
199410 26.934121
199411 27.087214
199412 27.064919
199501 27.055844
199502 27.309273
199503 27.577956
199504 27.798813
199505 27.698739
199506 27.368976
199507 26.907280
199508 26.604443
199509 26.621233
199510 26.808281
199511 26.962739
199512 26.906154
199601 26.896619
199602 27.152561
199603 27.472127
199604 27.646116
199605 27.575529
199606 27.239618
199607 26.785645
199608 26.563348
199609 26.663224
199610 26.822700
199611 26.933818
199612 26.893208
199701 26.823761
199702 26.967087
199703 27.378531
199704 27.676768
199705 27.729991
199706 27.463905
199707 27.039075
199708 26.897174
199709 27.077806
199710 27.403874
199711 27.578837
199712 27.618784
199801 27.560511
199802 27.755750
199803 27.983879
199804 28.150223
199805 28.066045
199806 27.534498
199807 27.087268
199808 26.835955
199809 26.748154
199810 26.899956
199811 27.048256
199812 26.891118
199901 26.742710
199902 26.962666
199903 27.398084
199904 27.573712
199905 27.481304
199906 27.025766
199907 26.678034
199908 26.418676
199909 26.545938
199910 26.681795
199911 26.796060
199912 26.805528
200001 26.795210
200002 27.003619
200003 27.333496
200004 27.615689
200005 27.490686
200006 27.033063
200007 26.622804
200008 26.539390
200009 26.689686
200010 26.860259
200011 26.985566
200012 26.879776
200101 26.884521
200102 27.078794
200103 27.534940
200104 27.784175
200105 27.717553
200106 27.328437
200107 26.834583
200108 26.636547
200109 26.723979
200110 26.977247
200111 27.070536
200112 27.037265
200201 27.047197
200202 27.201537
200203 27.627383
200204 27.893105
200205 27.820494
200206 27.452379
200207 26.938519
200208 26.695100
200209 26.791760
200210 27.110836
200211 27.257009
200212 27.341607
200301 27.236316
200302 27.407503
200303 27.725355
200304 27.925503
200305 27.745659
200306 27.334999
200307 26.977477
200308 26.851234
200309 26.901574
200310 27.188219
200311 27.272649
200312 27.194179
200401 27.219178
200402 27.400286
200403 27.609404
200404 27.854139
200405 27.645729
200406 27.226926
200407 26.860675
200408 26.696130
200409 26.866227
200410 27.081035
200411 27.254085
200412 27.268015
200501 27.277153
200502 27.361922
200503 27.770121
200504 27.922855
200505 27.854388
200506 27.375766
200507 26.887071
200508 26.731396
200509 26.779489
200510 26.947745
200511 26.987366
200512 26.971481
200601 26.992917
200602 27.179231
200603 27.495454
200604 27.782004
200605 27.785570
200606 27.395164
200607 26.932902
200608 26.771551
200609 26.917253
200610 27.130952
200611 27.336113
200612 27.326999
200701 27.240400
200702 27.380673
200703 27.571144
200704 27.817394
200705 27.704520
200706 27.362472
200707 26.918379
200708 26.633054
200709 26.667485
200710 26.752400
200711 26.778647
200712 26.745383
200801 26.735495
200802 26.917383
200803 27.300255
200804 27.603441
200805 27.571407
200806 27.176452
200807 26.825792
200808 26.699394
200809 26.830301
200810 26.994072
200811 27.077823
200812 27.040597
200901 27.016154
200902 27.127391
200903 27.529148
200904 27.827502
200905 27.884261
200906 27.583041
200907 27.151012
200908 26.973809
200909 27.023954
200910 27.267307
200911 27.395117
200912 27.453374
201001 27.432864
201002 27.628556
201003 27.986297
201004 28.213969
201005 28.033833
201006 27.545568
201007 26.979998
201008 26.666983
201009 26.643493
201010 26.835760
201011 26.892714
201012 26.867696
201101 26.825470
201102 27.046110
201103 27.404822
201104 27.632473
201105 27.606728
201106 27.264878
201107 26.788968
201108 26.576523
201109 26.610817
201110 26.784105
201111 26.934957
201112 26.877054
201201 26.883263
201202 27.110875
201203 27.394655
201204 27.753730
201205 27.762171
201206 27.343064
201207 26.910711
201208 26.741727
201209 26.864896
201210 27.077875
201211 27.274381
201212 27.260793
201301 27.149960
201302 27.313498
201303 27.669528
201304 27.906950
201305 27.816484
201306 27.286649
201307 26.877401
201308 26.678957
201309 26.817646
201310 27.012824
201311 27.202739
201312 27.138359
201401 27.099028
201402 27.226003
201403 27.606942
201404 27.935535
201405 27.990068
201406 27.612227
201407 27.057568
201408 26.879669
201409 26.971686
201410 27.235070
201411 27.367913
201412 27.334989
201501 27.283709
201502 27.428062
201503 27.778338
201504 28.106703
201505 28.107607
201506 27.705250
201507 27.296336
201508 27.115989
201509 27.333502
201510 27.617962
201511 27.775673
201512 27.770106
201601 27.841172
201602 27.892791
201603 28.271684
201604 28.384684
201605 28.225581
201606 27.812901
201607 27.305434
201608 27.067168
201609 27.083237
201610 27.265465
201611 27.366149
201612 27.364567
201701 27.397445
201702 27.586574
201703 27.927770
201704 28.162127
201705 28.105725
201706 27.670280
201707 27.260812
201708 27.073053
201709 27.071356
201710 27.223206
201711 27.307386
201712 27.161494
201801 27.140085
201802 27.293291
201803 27.618573
201804 27.944771
201805 27.914022
201806 27.480112
201807 27.047241
201808 26.883978
201809 27.011872
201810 27.330097
201811 27.478322
201812 27.470911
201901 27.424232
201902 27.605464
201903 27.949624
201904 28.220847
201905 28.157753
201906 27.776890
201907 27.291805
201908 27.025476
201909 27.071815
201910 27.403561
201911 27.594463
201912 27.605580
202001 27.626339
202002 27.692607
202003 28.063209
202004 28.344044
202005 28.181110
202006 27.707054
202007 27.283965
202008 27.014222
202009 26.972424
202010 27.101959
202011 27.193574
202012 27.113137
202101 27.009918
202102 27.211110
202103 27.603131
202104 27.846608
202105 27.830444
202106 27.464037
202107 27.103478
202108 26.907237
202109 26.947140
202110 27.099163
202111 27.224584
202112 27.119990
202201 27.234264
202202 27.323488
202203 27.673452
202204 27.840147
202205 27.728184
202206 27.405417
202207 26.917367
202208 26.751958
202209 26.810979
202210 26.986575
202211 27.135410
202212 27.147507
202301 27.119298
202302 27.293885
202303 27.832194
202304 28.236442
202305 28.186321
202306 27.841977
202307 27.462262
202308 27.314660
202309 27.429879
202310 27.647077
202311 27.849953
202312 27.865939
202401 27.940224
202402 28.114942
202403 28.311379
202404 28.580114
202405 28.345268
202406 27.855107
202407 27.396141
202408 27.156049
202409 27.193654
202410 27.455976
202411 27.548527
202412 27.391555
