time(yyyymm) ts_sst
187001 26.677811
187002 26.666515
187003 27.140976
187004 27.294478
187005 27.131828
187006 26.659737
187007 26.274348
187008 26.160642
187009 26.297971
187010 26.478227
187011 26.665761
187012 26.533798
187101 26.621566
187102 26.764478
187103 27.130148
187104 27.447244
187105 27.308528
187106 26.856238
187107 26.422507
187108 26.211480
187109 26.224930
187110 26.412170
187111 26.722258
187112 26.575359
187201 26.516459
187202 26.674572
187203 27.061458
187204 27.229676
187205 27.227813
187206 26.817082
187207 26.412079
187208 26.162386
187209 26.262335
187210 26.394140
187211 26.630101
187212 26.487419
187301 26.575030
187302 26.625841
187303 26.897631
187304 27.356118
187305 27.201901
187306 26.703782
187307 26.320192
187308 26.155638
187309 26.298995
187310 26.338313
187311 26.488821
187312 26.386929
187401 26.477115
187402 26.560692
187403 26.885275
187404 27.153294
187405 27.101672
187406 26.722579
187407 26.302952
187408 25.924404
187409 26.042905
187410 26.133688
187411 26.316562
187412 26.368841
187501 26.551408
187502 26.808594
187503 27.129983
187504 27.273917
187505 27.236273
187506 26.696201
187507 26.099950
187508 26.018450
187509 26.162229
187510 26.453019
187511 26.748057
187512 26.505802
187601 26.495067
187602 26.638202
187603 27.084914
187604 27.180216
187605 27.073784
187606 26.608360
187607 26.246785
187608 26.103042
187609 26.154608
187610 26.454480
187611 26.601455
187612 26.627486
187701 26.632900
187702 27.010451
187703 27.315006
187704 27.497788
187705 27.442591
187706 27.112158
187707 26.774879
187708 26.569280
187709 26.901296
187710 27.145843
187711 27.286940
187712 27.344321
187801 27.356982
187802 27.593894
187803 27.759291
187804 27.973392
187805 27.852488
187806 27.376602
187807 26.817573
187808 26.473841
187809 26.465804
187810 26.642982
187811 26.751470
187812 26.766395
187901 26.813988
187902 26.900230
187903 27.214735
187904 27.340641
187905 27.269187
187906 26.853898
187907 26.410732
187908 26.097832
187909 26.294455
187910 26.387744
187911 26.524401
187912 26.540206
188001 26.567061
188002 26.860302
188003 27.129339
188004 27.347913
188005 27.135882
188006 26.605692
188007 26.272768
188008 26.143851
188009 26.261926
188010 26.561498
188011 26.805153
188012 26.818532
188101 26.761220
188102 26.938556
188103 27.449257
188104 27.720136
188105 27.651045
188106 27.100268
188107 26.641682
188108 26.348768
188109 26.377301
188110 26.573579
188111 26.650245
188112 26.643087
188201 26.642947
188202 26.860325
188203 27.220750
188204 27.518972
188205 27.351684
188206 26.810820
188207 26.330165
188208 26.176111
188209 26.242973
188210 26.471325
188211 26.562137
188212 26.489703
188301 26.662995
188302 26.847840
188303 27.136251
188304 27.448585
188305 27.317745
188306 27.002529
188307 26.486529
188308 26.180107
188309 26.251061
188310 26.381612
188311 26.650876
188312 26.531686
188401 26.572705
188402 26.766996
188403 27.184048
188404 27.497376
188405 27.462228
188406 26.968807
188407 26.481422
188408 26.352636
188409 26.402311
188410 26.548907
188411 26.677049
188412 26.725555
188501 26.719423
188502 26.872751
188503 27.248358
188504 27.462211
188505 27.460044
188506 26.858363
188507 26.378750
188508 26.309878
188509 26.482729
188510 26.681114
188511 26.886842
188512 26.875332
188601 26.825161
188602 26.926136
188603 27.422678
188604 27.659980
188605 27.413327
188606 26.815870
188607 26.417060
188608 26.190517
188609 26.293636
188610 26.401758
188611 26.524015
188612 26.366688
188701 26.433932
188702 26.687126
188703 26.990414
188704 27.185044
188705 27.134202
188706 26.782992
188707 26.399753
188708 26.111614
188709 26.219418
188710 26.498730
188711 26.691289
188712 26.649511
188801 26.620071
188802 26.923841
188803 27.282551
188804 27.498067
188805 27.481474
188806 26.987623
188807 26.505307
188808 26.362892
188809 26.501944
188810 26.911747
188811 27.148025
188812 27.084391
188901 27.081058
188902 27.216307
188903 27.523191
188904 27.689408
188905 27.640161
188906 27.042277
188907 26.531215
188908 26.236412
188909 26.409656
188910 26.435467
188911 26.616411
188912 26.525813
189001 26.330253
189002 26.549853
189003 27.024611
189004 27.217781
189005 27.087606
189006 26.549008
189007 26.122939
189008 25.817682
189009 25.928091
189010 26.200230
189011 26.358128
189012 26.472965
189101 26.486925
189102 26.711576
189103 27.184844
189104 27.507785
189105 27.480807
189106 26.994419
189107 26.475375
189108 26.224377
189109 26.321656
189110 26.561998
189111 26.708045
189112 26.693569
189201 26.655695
189202 26.938413
189203 27.138860
189204 27.286414
189205 27.235805
189206 26.779897
189207 26.210738
189208 25.994559
189209 26.089896
189210 26.065504
189211 26.340764
189212 26.306309
189301 26.376113
189302 26.533934
189303 26.956210
189304 27.094011
189305 27.052351
189306 26.670654
189307 26.258737
189308 25.997387
189309 26.086042
189310 26.305156
189311 26.489101
189312 26.427983
189401 26.408615
189402 26.562705
189403 26.859155
189404 27.165102
189405 27.077368
189406 26.596369
189407 26.267114
189408 25.974306
189409 26.063903
189410 26.314642
189411 26.473694
189412 26.528915
189501 26.518669
189502 26.778762
189503 27.080082
189504 27.316039
189505 27.256091
189506 26.890165
189507 26.421979
189508 26.398807
189509 26.507971
189510 26.731698
189511 26.923539
189512 26.845185
189601 26.872208
189602 27.004594
189603 27.338462
189604 27.623964
189605 27.587777
189606 27.040989
189607 26.654414
189608 26.469573
189609 26.604095
189610 26.771798
189611 27.126124
189612 27.073831
189701 27.017766
189702 27.231870
189703 27.565748
189704 27.760169
189705 27.647440
189706 27.159653
189707 26.726063
189708 26.545711
189709 26.529526
189710 26.799949
189711 26.740650
189712 26.678538
189801 26.603666
189802 26.777757
189803 27.050842
189804 27.369375
189805 27.285619
189806 26.807128
189807 26.341141
189808 26.084788
189809 26.239288
189810 26.592514
189811 26.673398
189812 26.613949
189901 26.586911
189902 26.763862
189903 27.146358
189904 27.424389
189905 27.451214
189906 26.981662
189907 26.545325
189908 26.498255
189909 26.423593
189910 26.800714
189911 27.000746
189912 27.000602
190001 26.991059
190002 27.228993
190003 27.469920
190004 27.737037
190005 27.619686
190006 27.204184
190007 26.730601
190008 26.463423
190009 26.638171
190010 26.736968
190011 26.884024
190012 26.986193
190101 26.994902
190102 27.068184
190103 27.340016
190104 27.623115
190105 27.505879
190106 26.953356
190107 26.454613
190108 26.302357
190109 26.272133
190110 26.553782
190111 26.663022
190112 26.676132
190201 26.717808
190202 26.929356
190203 27.230784
190204 27.601351
190205 27.521944
190206 27.071436
190207 26.654077
190208 26.421846
190209 26.460603
190210 26.765602
190211 26.854417
190212 26.850214
190301 26.837737
190302 27.064136
190303 27.254856
190304 27.470046
190305 27.371140
190306 26.926111
190307 26.374376
190308 26.161175
190309 26.191094
190310 26.332866
190311 26.460928
190312 26.410650
190401 26.359355
190402 26.588941
190403 26.927041
190404 27.183060
190405 27.164214
190406 26.753516
190407 26.434106
190408 26.170060
190409 26.255948
190410 26.568740
190411 26.704123
190412 26.794425
190501 26.750510
190502 26.945252
190503 27.295498
190504 27.426213
190505 27.513709
190506 27.051365
190507 26.608799
190508 26.429138
190509 26.540284
190510 26.660152
190511 26.898555
190512 26.818738
190601 26.840872
190602 27.102414
190603 27.404974
190604 27.576949
190605 27.433073
190606 27.026846
190607 26.436555
190608 26.278353
190609 26.240615
190610 26.438122
190611 26.619093
190612 26.590891
190701 26.487069
190702 26.657099
190703 27.022216
190704 27.273692
190705 27.194824
190706 26.829312
190707 26.311335
190708 26.073790
190709 26.315388
190710 26.486383
190711 26.685019
190712 26.603708
190801 26.519075
190802 26.683629
190803 26.979248
190804 27.214091
190805 27.156342
190806 26.740781
190807 26.259259
190808 26.034449
190809 26.173755
190810 26.408733
190811 26.479207
190812 26.372881
190901 26.577481
190902 26.638531
190903 27.039975
190904 27.290155
190905 27.348223
190906 26.659212
190907 26.219093
190908 25.988352
190909 26.121121
190910 26.322650
190911 26.379625
190912 26.463696
191001 26.414475
191002 26.657515
191003 26.898496
191004 27.135717
191005 27.041120
191006 26.645457
191007 26.290772
191008 26.028870
191009 26.075495
191010 26.273713
191011 26.458918
191012 26.401331
191101 26.441300
191102 26.545429
191103 26.900515
191104 27.056924
191105 26.988393
191106 26.543850
191107 26.197266
191108 25.990884
191109 26.232026
191110 26.475095
191111 26.744285
191112 26.848630
191201 26.881952
191202 27.055850
191203 27.361606
191204 27.665807
191205 27.437950
191206 26.994342
191207 26.453010
191208 26.198845
191209 26.362721
191210 26.521652
191211 26.698356
191212 26.579621
191301 26.528232
191302 26.919073
191303 27.111087
191304 27.178247
191305 27.277726
191306 26.828586
191307 26.365074
191308 26.126024
191309 26.270045
191310 26.528857
191311 26.768919
191312 26.781259
191401 26.734083
191402 26.933867
191403 27.205330
191404 27.500580
191405 27.378409
191406 26.887776
191407 26.466389
191408 26.339860
191409 26.462560
191410 26.701193
191411 26.848751
191412 26.807561
191501 26.831805
191502 27.026087
191503 27.415666
191504 27.675157
191505 27.649568
191506 27.382100
191507 26.742871
191508 26.454386
191509 26.579273
191510 26.702411
191511 26.734681
191512 26.709046
191601 26.677407
191602 26.807517
191603 27.126024
191604 27.439441
191605 27.310644
191606 26.838084
191607 26.208575
191608 26.021191
191609 26.103842
191610 26.327031
191611 26.263829
191612 26.340136
191701 26.283502
191702 26.477953
191703 26.814792
191704 27.168905
191705 27.055684
191706 26.706148
191707 26.363311
191708 26.200183
191709 26.316877
191710 26.440750
191711 26.476972
191712 26.438536
191801 26.444077
191802 26.550220
191803 26.933981
191804 27.168927
191805 27.213131
191806 26.914462
191807 26.415454
191808 26.178409
191809 26.381579
191810 26.786549
191811 26.983064
191812 26.892454
191901 27.009122
191902 27.134263
191903 27.434688
191904 27.662447
191905 27.661880
191906 27.138150
191907 26.502757
191908 26.336476
191909 26.499846
191910 26.560020
191911 26.602203
191912 26.708669
192001 26.787208
192002 26.964459
192003 27.338215
192004 27.515006
192005 27.485780
192006 26.956392
192007 26.325279
192008 26.236650
192009 26.403876
192010 26.657040
192011 26.729320
192012 26.650135
192101 26.691732
192102 26.818799
192103 26.938861
192104 27.424516
192105 27.224227
192106 26.911232
192107 26.549821
192108 26.214632
192109 26.359480
192110 26.687188
192111 26.657276
192112 26.665438
192201 26.589166
192202 26.892590
192203 27.188649
192204 27.353280
192205 27.344799
192206 26.764727
192207 26.323405
192208 26.067388
192209 26.129340
192210 26.512038
192211 26.609850
192212 26.493065
192301 26.541309
192302 26.701182
192303 27.002714
192304 27.351758
192305 27.288163
192306 26.860912
192307 26.347590
192308 26.108056
192309 26.290503
192310 26.647510
192311 26.912843
192312 26.882081
192401 26.800548
192402 27.027702
192403 27.409893
192404 27.642086
192405 27.417298
192406 26.929470
192407 26.445924
192408 26.159055
192409 26.235783
192410 26.478208
192411 26.491934
192412 26.446536
192501 26.419432
192502 26.636776
192503 27.063831
192504 27.399515
192505 27.367971
192506 26.833210
192507 26.534770
192508 26.382785
192509 26.494940
192510 26.722439
192511 26.966408
192512 27.049485
192601 27.052826
192602 27.274106
192603 27.662202
192604 27.888157
192605 27.841279
192606 27.312580
192607 26.813807
192608 26.552283
192609 26.588203
192610 26.787366
192611 26.800138
192612 26.851954
192701 26.817085
192702 27.102148
192703 27.299664
192704 27.571903
192705 27.343033
192706 27.033455
192707 26.503608
192708 26.339306
192709 26.483999
192710 26.729580
192711 26.884674
192712 26.874267
192801 26.940363
192802 27.043471
192803 27.339767
192804 27.527184
192805 27.494522
192806 26.970636
192807 26.477873
192808 26.249370
192809 26.418423
192810 26.605275
192811 26.787403
192812 26.713412
192901 26.678642
192902 26.920643
192903 27.234212
192904 27.542212
192905 27.326957
192906 26.875242
192907 26.408300
192908 26.260794
192909 26.410051
192910 26.650562
192911 26.858079
192912 26.848948
193001 26.783130
193002 26.938306
193003 27.270783
193004 27.578833
193005 27.345087
193006 26.986366
193007 26.588283
193008 26.494715
193009 26.634331
193010 26.973337
193011 27.222392
193012 27.102826
193101 27.208575
193102 27.414855
193103 27.749154
193104 27.926043
193105 27.816662
193106 27.298759
193107 26.832497
193108 26.450460
193109 26.474174
193110 26.730348
193111 26.805813
193112 26.807774
193201 26.700779
193202 26.975290
193203 27.363071
193204 27.533862
193205 27.499776
193206 27.054189
193207 26.467235
193208 26.357635
193209 26.412101
193210 26.647421
193211 26.747421
193212 26.680921
193301 26.795765
193302 26.995849
193303 27.325485
193304 27.581189
193305 27.410219
193306 26.894943
193307 26.434479
193308 26.200533
193309 26.241009
193310 26.408912
193311 26.559922
193312 26.538458
193401 26.593926
193402 26.690055
193403 27.051364
193404 27.465251
193405 27.306042
193406 26.996503
193407 26.532424
193408 26.352293
193409 26.464021
193410 26.675986
193411 26.844557
193412 26.736821
193501 26.729701
193502 26.968102
193503 27.229334
193504 27.535595
193505 27.403591
193506 26.968649
193507 26.414305
193508 26.349310
193509 26.458264
193510 26.722535
193511 26.863394
193512 26.853345
193601 26.909834
193602 27.129019
193603 27.401907
193604 27.667434
193605 27.562622
193606 26.992941
193607 26.609579
193608 26.386801
193609 26.557321
193610 26.819743
193611 26.913131
193612 27.018953
193701 26.896821
193702 27.232445
193703 27.580904
193704 27.756831
193705 27.561231
193706 27.145547
193707 26.762075
193708 26.476803
193709 26.672740
193710 26.810479
193711 27.065092
193712 26.964991
193801 26.939034
193802 27.112648
193803 27.462827
193804 27.602930
193805 27.514926
193806 26.913946
193807 26.515735
193808 26.317483
193809 26.501919
193810 26.651610
193811 26.769458
193812 26.666619
193901 26.615910
193902 26.772604
193903 27.107587
193904 27.494303
193905 27.428114
193906 27.109603
193907 26.748365
193908 26.437585
193909 26.592356
193910 26.565217
193911 26.902034
193912 26.929806
194001 27.033613
194002 27.230364
194003 27.622727
194004 27.826249
194005 27.640577
194006 27.162489
194007 26.781431
194008 26.515926
194009 26.667533
194010 26.907148
194011 27.118351
194012 27.104695
194101 27.246261
194102 27.433162
194103 27.827151
194104 28.132502
194105 27.894740
194106 27.319179
194107 26.844977
194108 26.646216
194109 26.697349
194110 27.086934
194111 27.329643
194112 27.396479
194201 27.073168
194202 27.132688
194203 27.483831
194204 27.751589
194205 27.630386
194206 27.014578
194207 26.460918
194208 26.308685
194209 26.418359
194210 26.537100
194211 26.622104
194212 26.605888
194301 26.579897
194302 26.813992
194303 27.084147
194304 27.424699
194305 27.529822
194306 27.018606
194307 26.579289
194308 26.372244
194309 26.458448
194310 26.750735
194311 26.936931
194312 26.816361
194401 26.824743
194402 27.075688
194403 27.524712
194404 27.809749
194405 27.813731
194406 27.338840
194407 26.941036
194408 26.540728
194409 26.662727
194410 26.845099
194411 26.989441
194412 27.012570
194501 27.053634
194502 27.405644
194503 27.413721
194504 27.697061
194505 27.604079
194506 27.127613
194507 26.717720
194508 26.348237
194509 26.402248
194510 26.611184
194511 26.975628
194512 26.864148
194601 26.830747
194602 27.089253
194603 27.295197
194604 27.506695
194605 27.341710
194606 26.929044
194607 26.426081
194608 26.168060
194609 26.431602
194610 26.629428
194611 26.767292
194612 26.840223
194701 26.843731
194702 26.957179
194703 27.409864
194704 27.454249
194705 27.447757
194706 27.148143
194707 26.505826
194708 26.288533
194709 26.291219
194710 26.496632
194711 26.674969
194712 26.732417
194801 26.721213
194802 26.921974
194803 27.419867
194804 27.514862
194805 27.455234
194806 27.021320
194807 26.441024
194808 26.250731
194809 26.286249
194810 26.516657
194811 26.732003
194812 26.723310
194901 26.648244
194902 26.963620
194903 27.176203
194904 27.585733
194905 27.387380
194906 26.883650
194907 26.525190
194908 26.303266
194909 26.291727
194910 26.501349
194911 26.550526
194912 26.585075
195001 26.598191
195002 26.696126
195003 27.098407
195004 27.341103
195005 27.186638
195006 26.802230
195007 26.310118
195008 26.107895
195009 26.172527
195010 26.372087
195011 26.474999
195012 26.469774
195101 26.433547
195102 26.680501
195103 26.959871
195104 27.351627
195105 27.344111
195106 27.014846
195107 26.690773
195108 26.478911
195109 26.634300
195110 26.896688
195111 27.012648
195112 26.957841
195201 26.942193
195202 27.143160
195203 27.411009
195204 27.755330
195205 27.565984
195206 27.088662
195207 26.533744
195208 26.344395
195209 26.517623
195210 26.715870
195211 26.799715
195212 26.793454
195301 26.854548
195302 27.055909
195303 27.420249
195304 27.703606
195305 27.583438
195306 27.113572
195307 26.657778
195308 26.414672
195309 26.590791
195310 26.735976
195311 26.894746
195312 26.902162
195401 26.842475
195402 26.957431
195403 27.292448
195404 27.416287
195405 27.294881
195406 26.825148
195407 26.258037
195408 26.124989
195409 26.194572
195410 26.377356
195411 26.537181
195412 26.466241
195501 26.592089
195502 26.671695
195503 27.073822
195504 27.191136
195505 27.121312
195506 26.640303
195507 26.277934
195508 26.142555
195509 26.213670
195510 26.290640
195511 26.468195
195512 26.404407
195601 26.478120
195602 26.670944
195603 27.038613
195604 27.275590
195605 27.142554
195606 26.647650
195607 26.243472
195608 26.134218
195609 26.193631
195610 26.448582
195611 26.586630
195612 26.664472
195701 26.685983
195702 26.939005
195703 27.379500
195704 27.667589
195705 27.706281
195706 27.176635
195707 26.764907
195708 26.603188
195709 26.602628
195710 26.847271
195711 27.059188
195712 27.063208
195801 27.185433
195802 27.386541
195803 27.650290
195804 27.809334
195805 27.675545
195806 27.176436
195807 26.741553
195808 26.542856
195809 26.576994
195810 26.752439
195811 26.901840
195812 26.963453
195901 26.958941
195902 27.180963
195903 27.473659
195904 27.754881
195905 27.658026
195906 27.086166
195907 26.612429
195908 26.376876
195909 26.515043
195910 26.753517
195911 26.841127
195912 26.828801
196001 26.812638
196002 26.988900
196003 27.427529
196004 27.668795
196005 27.650336
196006 27.045742
196007 26.670531
196008 26.418412
196009 26.570044
196010 26.687661
196011 26.836524
196012 26.909410
196101 26.816484
196102 27.093524
196103 27.383917
196104 27.668404
196105 27.543938
196106 27.046443
196107 26.459878
196108 26.292552
196109 26.349755
196110 26.544899
196111 26.741664
196112 26.728355
196201 26.736524
196202 26.931957
196203 27.293681
196204 27.540593
196205 27.459338
196206 26.982826
196207 26.586255
196208 26.407504
196209 26.429520
196210 26.632986
196211 26.822986
196212 26.737322
196301 26.810145
196302 27.015206
196303 27.443994
196304 27.721435
196305 27.672738
196306 27.165434
196307 26.760504
196308 26.610084
196309 26.683399
196310 26.893153
196311 27.127483
196312 27.094160
196401 27.075446
196402 27.164917
196403 27.377997
196404 27.543511
196405 27.363372
196406 26.914625
196407 26.459203
196408 26.090467
196409 26.172824
196410 26.383440
196411 26.486447
196412 26.386710
196501 26.471790
196502 26.787914
196503 27.162548
196504 27.538513
196505 27.510972
196506 26.992961
196507 26.515259
196508 26.446448
196509 26.601831
196510 26.854681
196511 27.039884
196512 26.994944
196601 26.981740
196602 27.154225
196603 27.481444
196604 27.727008
196605 27.530702
196606 27.165232
196607 26.739534
196608 26.460338
196609 26.573638
196610 26.730729
196611 26.921900
196612 26.885209
196701 26.761402
196702 26.898569
196703 27.262882
196704 27.539928
196705 27.491395
196706 27.007045
196707 26.456687
196708 26.197739
196709 26.332889
196710 26.498548
196711 26.642373
196712 26.623066
196801 26.554858
196802 26.776252
196803 27.083028
196804 27.408173
196805 27.361922
196806 27.095978
196807 26.683154
196808 26.483165
196809 26.602691
196810 26.893469
196811 27.065878
196812 27.097493
196901 27.197883
196902 27.422954
196903 27.805086
196904 28.052688
196905 27.936887
196906 27.374018
196907 26.829112
196908 26.612361
196909 26.782569
196910 27.032113
196911 27.171018
196912 27.146224
197001 27.175880
197002 27.239220
197003 27.614070
197004 27.740350
197005 27.625114
197006 27.040094
197007 26.511052
197008 26.264131
197009 26.400715
197010 26.554048
197011 26.709154
197012 26.541509
197101 26.518344
197102 26.620915
197103 26.953442
197104 27.317263
197105 27.250792
197106 26.727695
197107 26.301030
197108 26.117352
197109 26.243295
197110 26.402694
197111 26.527603
197112 26.409557
197201 26.658505
197202 26.922203
197203 27.195414
197204 27.607362
197205 27.582441
197206 27.195937
197207 26.797527
197208 26.660231
197209 26.754227
197210 27.122732
197211 27.287831
197212 27.351187
197301 27.298492
197302 27.331960
197303 27.597272
197304 27.765038
197305 27.671974
197306 27.105136
197307 26.662175
197308 26.394548
197309 26.480041
197310 26.625768
197311 26.695959
197312 26.531198
197401 26.413059
197402 26.613200
197403 26.963111
197404 27.301001
197405 27.288994
197406 26.868385
197407 26.488298
197408 26.338871
197409 26.358485
197410 26.521596
197411 26.642420
197412 26.571910
197501 26.553774
197502 26.753209
197503 27.074799
197504 27.344750
197505 27.252350
197506 26.764091
197507 26.373472
197508 26.148329
197509 26.153012
197510 26.281049
197511 26.390112
197512 26.286939
197601 26.277147
197602 26.553777
197603 26.962142
197604 27.293865
197605 27.217710
197606 26.925108
197607 26.496465
197608 26.340191
197609 26.496270
197610 26.827576
197611 27.023091
197612 26.915242
197701 26.961597
197702 27.107420
197703 27.386562
197704 27.576838
197705 27.571131
197706 27.150414
197707 26.662732
197708 26.439955
197709 26.585667
197710 26.817243
197711 27.006182
197712 26.969556
197801 27.008513
197802 27.075985
197803 27.396481
197804 27.551083
197805 27.429011
197806 26.955705
197807 26.579982
197808 26.320554
197809 26.391187
197810 26.611746
197811 26.802946
197812 26.787092
197901 26.901840
197902 27.061483
197903 27.401663
197904 27.736575
197905 27.639055
197906 27.243952
197907 26.695264
197908 26.510059
197909 26.684856
197910 26.938163
197911 27.078000
197912 27.095944
198001 27.104347
198002 27.226129
198003 27.549087
198004 27.780450
198005 27.772961
198006 27.225049
198007 26.715685
198008 26.483994
198009 26.627070
198010 26.832779
198011 26.989493
198012 26.894882
198101 26.812291
198102 26.952006
198103 27.421433
198104 27.583709
198105 27.577425
198106 27.077771
198107 26.619802
198108 26.419851
198109 26.659219
198110 26.899709
198111 27.002466
198112 26.993033
198201 26.974267
198202 27.028855
198203 27.401163
198204 27.693597
198205 27.669200
198206 27.183601
198207 26.642816
198208 26.464009
198209 26.712752
198210 27.074711
198211 27.216695
198212 27.282511
198301 27.388797
198302 27.591600
198303 27.883155
198304 28.063986
198305 27.935645
198306 27.559930
198307 27.014665
198308 26.748758
198309 26.746098
198310 26.886277
198311 27.049720
198312 27.044281
198401 27.053867
198402 27.169944
198403 27.530184
198404 27.706905
198405 27.512364
198406 27.009859
198407 26.635130
198408 26.454199
198409 26.670048
198410 26.684991
198411 26.784132
198412 26.685114
198501 26.715979
198502 26.948523
198503 27.224052
198504 27.470807
198505 27.377859
198506 26.912468
198507 26.586198
198508 26.352569
198509 26.484616
198510 26.721267
198511 26.915106
198512 26.910540
198601 26.797313
198602 27.088704
198603 27.391707
198604 27.625729
198605 27.582428
198606 27.204801
198607 26.765632
198608 26.507832
198609 26.710622
198610 26.972144
198611 27.107688
198612 27.053609
198701 27.088448
198702 27.264746
198703 27.747151
198704 27.958175
198705 27.995030
198706 27.559538
198707 27.152577
198708 26.958188
198709 27.112147
198710 27.357869
198711 27.535611
198712 27.386591
198801 27.359298
198802 27.528008
198803 27.909988
198804 27.973849
198805 27.794215
198806 27.245602
198807 26.753089
198808 26.541758
198809 26.620219
198810 26.715415
198811 26.781826
198812 26.709808
198901 26.671944
198902 26.873816
198903 27.219652
198904 27.498122
198905 27.450679
198906 27.038698
198907 26.734602
198908 26.526268
198909 26.652295
198910 26.888385
198911 27.040968
198912 26.979194
199001 26.932291
199002 27.263305
199003 27.582592
199004 27.847760
199005 27.741236
199006 27.234829
199007 26.832211
199008 26.648292
199009 26.734388
199010 27.024347
199011 27.134102
199012 27.113014
199101 27.095149
199102 27.228033
199103 27.566647
199104 27.878369
199105 27.844457
199106 27.424062
199107 26.935648
199108 26.604304
199109 26.669850
199110 26.926260
199111 27.098261
199112 27.100277
199201 27.061935
199202 27.258981
199203 27.564085
199204 27.865791
199205 27.835678
199206 27.321144
199207 26.846292
199208 26.542422
199209 26.655543
199210 26.838357
199211 26.918461
199212 26.905100
199301 26.961660
199302 27.193991
199303 27.518359
199304 27.876713
199305 27.824901
199306 27.339272
199307 26.816279
199308 26.596786
199309 26.755237
199310 26.995965
199311 27.194528
199312 27.096589
199401 27.082300
199402 27.179908
199403 27.553143
199404 27.802619
199405 27.732429
199406 27.210565
199407 26.752450
199408 26.559814
199409 26.663705
199410 27.039837
199411 27.206486
199412 27.171540
199501 27.209404
199502 27.424505
199503 27.746275
199504 27.965276
199505 27.879665
199506 27.488744
199507 27.048553
199508 26.751285
199509 26.786846
199510 26.958853
199511 27.151407
199512 27.099067
199601 27.078189
199602 27.294672
199603 27.656461
199604 27.889794
199605 27.766211
199606 27.380303
199607 26.903752
199608 26.620908
199609 26.729028
199610 26.914178
199611 27.088610
199612 26.974585
199701 26.942759
199702 27.083042
199703 27.516011
199704 27.826738
199705 27.874748
199706 27.475870
199707 27.099690
199708 26.952168
199709 27.157653
199710 27.500447
199711 27.696896
199712 27.713311
199801 27.660684
199802 27.869455
199803 28.187007
199804 28.299107
199805 28.201556
199806 27.639990
199807 27.175156
199808 26.947919
199809 26.929191
199810 27.010824
199811 27.148895
199812 26.970547
199901 26.892882
199902 27.024045
199903 27.500392
199904 27.694643
199905 27.583104
199906 27.139763
199907 26.736613
199908 26.491954
199909 26.614565
199910 26.741043
199911 26.867869
199912 26.819876
200001 26.767569
200002 27.007283
200003 27.368195
200004 27.672620
200005 27.541271
200006 27.029999
200007 26.620666
200008 26.538678
200009 26.666270
200010 26.873206
200011 27.018917
200012 26.913956
200101 26.906098
200102 27.094653
200103 27.563002
200104 27.855521
200105 27.759752
200106 27.326108
200107 26.861426
200108 26.664441
200109 26.756932
200110 26.976038
200111 27.156085
200112 27.095955
200201 27.148534
200202 27.253062
200203 27.755038
200204 28.009959
200205 27.896942
200206 27.461267
200207 27.001772
200208 26.689851
200209 26.834806
200210 27.181640
200211 27.326901
200212 27.374569
200301 27.327329
200302 27.439875
200303 27.790605
200304 27.966350
200305 27.773350
200306 27.359596
200307 27.021904
200308 26.866311
200309 26.973372
200310 27.244043
200311 27.350843
200312 27.262935
200401 27.276792
200402 27.428235
200403 27.675478
200404 27.934536
200405 27.758824
200406 27.267201
200407 26.877515
200408 26.735992
200409 26.907068
200410 27.110424
200411 27.291078
200412 27.301045
200501 27.298544
200502 27.401567
200503 27.792257
200504 28.007787
200505 27.932941
200506 27.410660
200507 26.946788
200508 26.751913
200509 26.804351
200510 26.974754
200511 27.009454
200512 26.922394
200601 26.937070
200602 27.192778
200603 27.555492
200604 27.845455
200605 27.822855
200606 27.396172
200607 26.916244
200608 26.784275
200609 26.964152
200610 27.169507
200611 27.376252
200612 27.351050
200701 27.235240
200702 27.398236
200703 27.627277
200704 27.899819
200705 27.760625
200706 27.392264
200707 26.876344
200708 26.609252
200709 26.670751
200710 26.779379
200711 26.830274
200712 26.780979
200801 26.756084
200802 26.951549
200803 27.354517
200804 27.658490
200805 27.628182
200806 27.220499
200807 26.860735
200808 26.737806
200809 26.841960
200810 27.037707
200811 27.131281
200812 27.061871
200901 27.042860
200902 27.149705
200903 27.533166
200904 27.850956
200905 27.895964
200906 27.561985
200907 27.147905
200908 26.926078
200909 26.996014
200910 27.297626
200911 27.451868
200912 27.513856
201001 27.487259
201002 27.638615
201003 28.002516
201004 28.294091
201005 28.107419
201006 27.545631
201007 26.994389
201008 26.642545
201009 26.623101
201010 26.835118
201011 26.912277
201012 26.871590
201101 26.810829
201102 27.059220
201103 27.433550
201104 27.693099
201105 27.647236
201106 27.239693
201107 26.751825
201108 26.539143
201109 26.611572
201110 26.843760
201111 26.956126
201112 26.883919
201201 26.869381
201202 27.127864
201203 27.477739
201204 27.770356
201205 27.770262
201206 27.357397
201207 26.910324
201208 26.774164
201209 26.918501
201210 27.144947
201211 27.311442
201212 27.257234
201301 27.161230
201302 27.361333
201303 27.714237
201304 27.969247
201305 27.837368
201306 27.276231
201307 26.859951
201308 26.702698
201309 26.825263
201310 27.055711
201311 27.207121
201312 27.146618
201401 27.094501
201402 27.247115
201403 27.627477
201404 27.960484
201405 27.972042
201406 27.569687
201407 27.057759
201408 26.871603
201409 26.971489
201410 27.246517
201411 27.393838
201412 27.345126
201501 27.320165
201502 27.461015
201503 27.792447
201504 28.114255
201505 28.123561
201506 27.730043
201507 27.316664
201508 27.116607
201509 27.356023
201510 27.625546
201511 27.780032
201512 27.787791
201601 27.828033
201602 27.819660
201603 28.251603
201604 28.366564
201605 28.218764
201606 27.755814
201607 27.230931
201608 26.984772
201609 27.027324
201610 27.224654
201611 27.353894
201612 27.325789
201701 27.358787
201702 27.477858
201703 27.824751
201704 28.124859
201705 28.048174
201706 27.552153
201707 27.097205
201708 26.932675
201709 26.880601
201710 27.109141
201711 27.161699
201712 27.034867
201801 27.033039
201802 27.193738
201803 27.569112
201804 27.908622
201805 27.845654
201806 27.360882
201807 26.954722
201808 26.782446
201809 26.990251
201810 27.272747
201811 27.409826
201812 27.376828
201901 27.326024
201902 27.493180
201903 27.883746
201904 28.168295
201905 28.046806
201906 27.661995
201907 27.186423
201908 26.941197
201909 26.980763
201910 27.313967
201911 27.565220
201912 27.519549
202001 27.543496
202002 27.648233
202003 27.968019
202004 28.302298
202005 28.116244
202006 27.610176
202007 27.156319
202008 26.909277
202009 26.908629
202010 27.041216
202011 27.168356
202012 27.063517
202101 27.014312
202102 27.175142
202103 27.584908
202104 27.871446
202105 27.830050
202106 27.443368
202107 27.040850
202108 26.809953
202109 26.912463
202110 27.038438
202111 27.123903
202112 27.081043
202201 27.186822
202202 27.315911
202203 27.626612
202204 27.830481
202205 27.697507
202206 27.347459
202207 26.853584
202208 26.664911
202209 26.766280
202210 26.947346
202211 27.168317
202212 27.144006
202301 27.094346
202302 27.248251
202303 27.798917
202304 28.226594
202305 28.191937
202306 27.835427
202307 27.447214
202308 27.322427
202309 27.422145
202310 27.642440
202311 27.849243
202312 27.837950
202401 27.946758
202402 28.113851
202403 28.317799
202404 28.556879
202405 28.367829
202406 27.797622
202407 27.365973
202408 27.086929
202409 27.189886
202410 27.387115
202411 27.547834
202412 27.342361
202501 27.311897
202502 27.544558
202503 27.917754
202504 28.097585
202505 28.031998
202506 27.569640
