time(yyyymm) ts_sst
185001 -0.378228
185002 -0.390816
185003 -0.820404
185004 -0.388761
185005 -0.045346
185006 -0.098356
185007 -0.140483
185008 -0.293815
185009 -0.215387
185010 -0.412669
185011 -0.070929
185012 -0.098862
185101 -0.344632
185102 -0.368761
185103 -0.334391
185104 -0.578522
185105 -0.301084
185106 -0.188838
185107 -0.026718
185108 -0.033336
185109 0.116041
185110 -0.156816
185111 0.046352
185112 -0.008882
185201 -0.451894
185202 -0.580347
185203 -0.463875
185204 -0.258176
185205 -0.150422
185206 0.145026
185207 0.196669
185208 -0.121148
185209 -0.092366
185210 0.033795
185211 -0.076164
185212 0.007773
185301 -0.115799
185302 -0.026949
185303 0.038725
185304 -0.244987
185305 -0.224431
185306 -0.202678
185307 0.057910
185308 -0.287075
185309 -0.287599
185310 -0.170694
185311 0.064405
185312 -0.051660
185401 -0.213748
185402 -0.271859
185403 -0.096743
185404 -0.121740
185405 -0.023825
185406 -0.050726
185407 -0.327933
185408 -0.200123
185409 -0.268778
185410 -0.051310
185411 -0.310087
185412 -0.447374
185501 -0.082821
185502 -0.159249
185503 -0.236110
185504 -0.329705
185505 -0.381526
185506 -0.338244
185507 -0.291595
185508 -0.195259
185509 -0.230217
185510 -0.043718
185511 0.001916
185512 -0.135023
185601 -0.248838
185602 -0.081399
185603 -0.322171
185604 -0.319381
185605 -0.087972
185606 -0.373390
185607 -0.372172
185608 -0.381232
185609 -0.246921
185610 -0.300899
185611 -0.489987
185612 -0.564842
185701 -0.418357
185702 -0.461434
185703 -0.828591
185704 -0.549634
185705 -0.490819
185706 -0.366376
185707 -0.514248
185708 -0.385820
185709 -0.248092
185710 -0.429917
185711 -0.592091
185712 -0.519992
185801 -0.517034
185802 -0.348228
185803 -0.497342
185804 -0.583101
185805 -0.802425
185806 -0.444473
185807 -0.217515
185808 -0.068291
185809 -0.322052
185810 -0.123392
185811 0.005648
185812 -0.194710
185901 -0.289238
185902 -0.245576
185903 -0.158999
185904 -0.050680
185905 -0.055626
185906 -0.052987
185907 -0.225308
185908 -0.107761
185909 -0.566981
185910 -0.253950
185911 -0.310235
185912 -0.235225
186001 -0.343258
186002 -0.491170
186003 -0.089781
186004 -0.260405
186005 -0.410554
186006 -0.339893
186007 -0.449256
186008 -0.173187
186009 -0.062960
186010 -0.412447
186011 -0.460919
186012 -0.248056
186101 -0.246405
186102 -0.998632
186103 -0.585880
186104 -0.243569
186105 -0.711086
186106 -0.488164
186107 -0.242151
186108 -0.227125
186109 -0.389824
186110 -0.359632
186111 -0.163157
186112 -0.197328
186201 -0.480076
186202 -0.645700
186203 -0.373397
186204 -0.195305
186205 -0.145309
186206 -0.268652
186207 -0.114006
186208 -0.428928
186209 -0.361327
186210 -0.123335
186211 -0.782220
186212 -0.365922
186301 -0.734103
186302 -0.444423
186303 -0.620686
186304 -0.346449
186305 -0.443364
186306 -0.296400
186307 -0.539102
186308 -0.355599
186309 -0.252003
186310 -0.357106
186311 -0.552472
186312 -0.318730
186401 -0.973705
186402 -0.944369
186403 -0.768458
186404 -0.761558
186405 -0.275100
186406 -0.303787
186407 -0.147562
186408 -0.562656
186409 -0.483016
186410 -0.399185
186411 -0.016372
186412 -0.385526
186501 -0.047905
186502 -0.050130
186503 -0.166486
186504 0.107570
186505 -0.232018
186506 0.010682
186507 -0.106889
186508 -0.187530
186509 -0.105167
186510 -0.183297
186511 -0.023058
186512 -0.206040
186601 -0.045210
186602 0.005818
186603 -0.328237
186604 -0.025973
186605 -0.358073
186606 0.252187
186607 0.017376
186608 -0.142948
186609 -0.285410
186610 -0.071293
186611 0.047579
186612 -0.567161
186701 -0.226542
186702 -0.076752
186703 0.182557
186704 -0.163747
186705 -0.047170
186706 -0.133520
186707 -0.089579
186708 -0.041299
186709 -0.099403
186710 0.023513
186711 -0.128176
186712 -0.251130
186801 -0.144806
186802 -0.203586
186803 0.189117
186804 -0.045541
186805 -0.069350
186806 -0.372759
186807 -0.365450
186808 -0.227454
186809 0.105183
186810 -0.138200
186811 -0.000590
186812 -0.192316
186901 -0.383889
186902 -0.230886
186903 -0.222545
186904 -0.073208
186905 -0.085698
186906 -0.284500
186907 -0.245920
186908 -0.087633
186909 -0.368452
186910 -0.235275
186911 -0.195672
186912 -0.154222
187001 -0.166474
187002 -0.091991
187003 -0.270945
187004 -0.213441
187005 -0.354213
187006 -0.401049
187007 -0.266415
187008 -0.120767
187009 -0.212341
187010 -0.270538
187011 -0.590643
187012 -0.171402
187101 -0.421789
187102 -0.387553
187103 -0.059034
187104 -0.148244
187105 -0.167625
187106 -0.173141
187107 0.066999
187108 -0.213478
187109 -0.403687
187110 -0.281798
187111 -0.234280
187112 -0.079498
187201 -0.353604
187202 -0.354765
187203 -0.528696
187204 -0.382996
187205 -0.357911
187206 -0.280788
187207 -0.142102
187208 0.079160
187209 -0.359365
187210 -0.285009
187211 -0.349383
187212 -0.480240
187301 -0.303620
187302 -0.374456
187303 -0.350589
187304 -0.140540
187305 -0.279550
187306 -0.556047
187307 -0.440503
187308 -0.318121
187309 -0.212406
187310 -0.307100
187311 -0.446247
187312 -0.313827
187401 -0.225734
187402 -0.650551
187403 -0.629721
187404 -0.873033
187405 -0.402316
187406 -0.727101
187407 -0.190872
187408 -0.648378
187409 -0.400316
187410 -0.796684
187411 -0.656863
187412 -0.470863
187501 -0.294632
187502 -0.151577
187503 -0.333537
187504 -0.538157
187505 -0.290469
187506 -0.458753
187507 -0.416907
187508 -0.415166
187509 0.009873
187510 -0.088472
187511 0.070298
187512 -0.238571
187601 -0.281157
187602 -0.254337
187603 -0.155806
187604 -0.259588
187605 -0.360095
187606 -0.416573
187607 -0.315042
187608 -0.470070
187609 -0.787775
187610 -0.453605
187611 -0.256456
187612 -0.232394
187701 -0.445448
187702 -0.000301
187703 -0.277159
187704 0.029296
187705 -0.302087
187706 0.053641
187707 0.211566
187708 0.294220
187709 0.512891
187710 0.565947
187711 0.262128
187712 0.511843
187801 0.884469
187802 0.717985
187803 0.313117
187804 0.563956
187805 0.438043
187806 0.394782
187807 0.164632
187808 0.058804
187809 -0.092030
187810 -0.083801
187811 -0.040118
187812 -0.228899
187901 -0.177561
187902 -0.080528
187903 -0.245223
187904 -0.305915
187905 -0.189619
187906 -0.245927
187907 -0.435413
187908 -0.135072
187909 -0.312985
187910 -0.389412
187911 -0.390192
187912 -0.498551
188001 -0.419423
188002 -0.076521
188003 0.141051
188004 -0.213920
188005 -0.332604
188006 -0.521400
188007 -0.535419
188008 -0.213655
188009 -0.378097
188010 -0.214338
188011 -0.177464
188012 -0.083449
188101 -0.136685
188102 -0.048572
188103 0.149818
188104 0.085025
188105 0.151646
188106 -0.029907
188107 -0.007726
188108 -0.039794
188109 -0.136572
188110 -0.193135
188111 -0.158806
188112 -0.141200
188201 -0.202897
188202 -0.184998
188203 -0.168767
188204 -0.100405
188205 -0.374622
188206 -0.473881
188207 -0.394548
188208 -0.384080
188209 -0.338161
188210 -0.420546
188211 -0.206370
188212 -0.374396
188301 -0.219765
188302 -0.376404
188303 -0.260344
188304 -0.442828
188305 -0.182372
188306 -0.240893
188307 -0.344024
188308 -0.501370
188309 -0.363512
188310 -0.553003
188311 -0.438994
188312 -0.449257
188401 -0.556234
188402 -0.303832
188403 -0.476868
188404 -0.474647
188405 -0.430688
188406 -0.410677
188407 -0.466098
188408 -0.430890
188409 -0.295987
188410 -0.317696
188411 -0.510180
188412 -0.265564
188501 -0.269114
188502 -0.239504
188503 -0.358613
188504 -0.338796
188505 -0.363670
188506 -0.466974
188507 -0.526170
188508 -0.641076
188509 -0.277480
188510 0.077316
188511 -0.041035
188512 -0.053366
188601 -0.152751
188602 -0.206851
188603 -0.135061
188604 -0.167395
188605 -0.025989
188606 -0.337039
188607 -0.346044
188608 -0.407232
188609 -0.526885
188610 -0.520461
188611 -0.471270
188612 -0.650859
188701 -0.577730
188702 -0.599696
188703 -0.550408
188704 -0.575460
188705 -0.651096
188706 -0.586839
188707 -0.409792
188708 -0.431968
188709 -0.404082
188710 -0.281459
188711 -0.289914
188712 -0.231357
188801 -0.357671
188802 -0.280947
188803 -0.038522
188804 -0.088547
188805 -0.111823
188806 -0.170340
188807 -0.068772
188808 -0.160275
188809 -0.018818
188810 0.181784
188811 0.263066
188812 0.346151
188901 0.471801
188902 0.316028
188903 0.238185
188904 0.224236
188905 0.034263
188906 -0.058744
188907 -0.109483
188908 -0.265760
188909 -0.277221
188910 -0.335232
188911 -0.380217
188912 -0.357337
189001 -0.541647
189002 -0.480063
189003 -0.431530
189004 -0.564290
189005 -0.422080
189006 -0.610392
189007 -0.638280
189008 -0.745573
189009 -0.830752
189010 -0.776457
189011 -0.782516
189012 -0.486780
189101 -0.465374
189102 -0.315912
189103 -0.234075
189104 -0.117916
189105 -0.057167
189106 -0.209009
189107 -0.308630
189108 -0.312536
189109 -0.371210
189110 -0.168298
189111 -0.286787
189112 -0.168472
189201 -0.274743
189202 -0.142896
189203 -0.282518
189204 -0.524007
189205 -0.470690
189206 -0.656235
189207 -0.710125
189208 -0.810033
189209 -0.747338
189210 -0.793041
189211 -0.853228
189212 -0.569896
189301 -0.581250
189302 -0.679720
189303 -0.575548
189304 -0.639720
189305 -0.622473
189306 -0.599407
189307 -0.475286
189308 -0.498879
189309 -0.644743
189310 -0.432778
189311 -0.526553
189312 -0.483431
189401 -0.551604
189402 -0.632397
189403 -0.610957
189404 -0.616314
189405 -0.638256
189406 -0.528504
189407 -0.549158
189408 -0.620687
189409 -0.514853
189410 -0.535325
189411 -0.533501
189412 -0.484125
189501 -0.142150
189502 -0.243763
189503 -0.341776
189504 -0.402834
189505 -0.289808
189506 -0.377548
189507 -0.432023
189508 -0.192520
189509 -0.196978
189510 -0.156035
189511 0.010580
189512 -0.116439
189601 -0.132067
189602 -0.136859
189603 -0.024727
189604 0.031553
189605 -0.115226
189606 -0.096735
189607 -0.042150
189608 0.015552
189609 0.052763
189610 -0.023751
189611 0.382542
189612 0.419276
189701 0.287539
189702 0.173450
189703 0.332898
189704 0.230043
189705 0.104500
189706 -0.026497
189707 -0.002075
189708 0.080240
189709 -0.041240
189710 -0.018834
189711 -0.246013
189712 -0.418093
189801 -0.276865
189802 -0.437271
189803 -0.532146
189804 -0.577522
189805 -0.472134
189806 -0.461925
189807 -0.591226
189808 -0.642447
189809 -0.423724
189810 -0.468184
189811 -0.408983
189812 -0.462386
189901 -0.463048
189902 -0.520008
189903 -0.507286
189904 -0.488761
189905 -0.253258
189906 -0.372629
189907 -0.417911
189908 -0.166484
189909 -0.213745
189910 -0.044121
189911 -0.003072
189912 0.051228
190001 -0.024531
190002 0.106673
190003 -0.055459
190004 0.104370
190005 -0.107673
190006 -0.103059
190007 -0.055015
190008 -0.183408
190009 -0.149053
190010 -0.032599
190011 -0.074016
190012 0.056360
190101 -0.048515
190102 -0.126700
190103 -0.102593
190104 -0.123156
190105 -0.212003
190106 -0.356305
190107 -0.424657
190108 -0.222532
190109 -0.488029
190110 -0.302071
190111 -0.155841
190112 -0.310247
190201 -0.380101
190202 -0.343261
190203 -0.452374
190204 -0.305746
190205 -0.300048
190206 -0.361061
190207 -0.204178
190208 -0.319275
190209 -0.343168
190210 -0.337263
190211 -0.308183
190212 -0.135045
190301 -0.195871
190302 -0.167796
190303 -0.342442
190304 -0.399747
190305 -0.369564
190306 -0.429699
190307 -0.485842
190308 -0.632322
190309 -0.688988
190310 -0.624620
190311 -0.708729
190312 -0.745910
190401 -0.919561
190402 -0.953488
190403 -0.788992
190404 -0.772273
190405 -0.770616
190406 -0.741508
190407 -0.627041
190408 -0.576598
190409 -0.487440
190410 -0.528981
190411 -0.455949
190412 -0.262305
190501 -0.435352
190502 -0.378422
190503 -0.441186
190504 -0.531001
190505 -0.214163
190506 -0.272978
190507 -0.325368
190508 -0.230710
190509 -0.393932
190510 -0.289942
190511 -0.207382
190512 -0.186098
190601 -0.114653
190602 -0.027419
190603 -0.180002
190604 -0.235120
190605 -0.465690
190606 -0.401903
190607 -0.413942
190608 -0.444793
190609 -0.430313
190610 -0.610617
190611 -0.546749
190612 -0.455287
190701 -0.446494
190702 -0.458090
190703 -0.439545
190704 -0.455224
190705 -0.476323
190706 -0.466810
190707 -0.466393
190708 -0.523829
190709 -0.456918
190710 -0.443723
190711 -0.386194
190712 -0.411212
190801 -0.405544
190802 -0.495296
190803 -0.629506
190804 -0.546321
190805 -0.587511
190806 -0.677454
190807 -0.700055
190808 -0.665989
190809 -0.587681
190810 -0.657448
190811 -0.687616
190812 -0.679029
190901 -0.585388
190902 -0.564497
190903 -0.578384
190904 -0.507123
190905 -0.499798
190906 -0.550938
190907 -0.684160
190908 -0.513138
190909 -0.559582
190910 -0.610982
190911 -0.622176
190912 -0.616506
191001 -0.508961
191002 -0.530543
191003 -0.577063
191004 -0.544471
191005 -0.537359
191006 -0.458936
191007 -0.523059
191008 -0.600330
191009 -0.482564
191010 -0.477840
191011 -0.559288
191012 -0.614089
191101 -0.488229
191102 -0.656913
191103 -0.585316
191104 -0.761766
191105 -0.693725
191106 -0.665642
191107 -0.622846
191108 -0.587894
191109 -0.571004
191110 -0.440496
191111 -0.335161
191112 -0.293908
191201 -0.171639
191202 -0.268532
191203 -0.174108
191204 -0.037384
191205 -0.289867
191206 -0.204103
191207 -0.284996
191208 -0.415501
191209 -0.331775
191210 -0.403386
191211 -0.508273
191212 -0.422743
191301 -0.471423
191302 -0.280754
191303 -0.478762
191304 -0.629721
191305 -0.321489
191306 -0.358862
191307 -0.325894
191308 -0.382619
191309 -0.415085
191310 -0.323912
191311 -0.265447
191312 -0.142714
191401 -0.175620
191402 -0.175369
191403 -0.240038
191404 -0.242994
191405 -0.338278
191406 -0.323189
191407 -0.423130
191408 -0.318661
191409 -0.227592
191410 -0.213005
191411 0.056790
191412 -0.095157
191501 -0.163497
191502 -0.154273
191503 0.084751
191504 -0.024853
191505 -0.017975
191506 -0.116061
191507 -0.016652
191508 0.046922
191509 -0.083711
191510 -0.308453
191511 -0.249350
191512 -0.298978
191601 -0.199004
191602 -0.298045
191603 -0.325235
191604 -0.337601
191605 -0.327549
191606 -0.467008
191607 -0.400744
191608 -0.526922
191609 -0.648459
191610 -0.611966
191611 -0.817591
191612 -0.753524
191701 -0.935874
191702 -0.670545
191703 -0.948964
191704 -0.666705
191705 -0.655972
191706 -0.423460
191707 -0.260130
191708 -0.252289
191709 -0.397682
191710 -0.595828
191711 -0.652600
191712 -0.441836
191801 -0.533984
191802 -0.674752
191803 -0.673799
191804 -0.673939
191805 -0.572331
191806 -0.484040
191807 -0.384457
191808 -0.404144
191809 -0.323785
191810 -0.186723
191811 0.048728
191812 0.071847
191901 -0.021729
191902 0.135114
191903 -0.164249
191904 -0.202137
191905 -0.231650
191906 -0.302879
191907 -0.433252
191908 -0.426677
191909 -0.403480
191910 -0.434105
191911 -0.486902
191912 -0.548453
192001 -0.350535
192002 -0.386127
192003 -0.109481
192004 -0.458997
192005 -0.317810
192006 -0.168402
192007 -0.366829
192008 -0.360770
192009 -0.330254
192010 -0.239923
192011 -0.360434
192012 -0.260381
192101 -0.243972
192102 -0.265162
192103 -0.579006
192104 -0.355821
192105 -0.416153
192106 -0.319910
192107 -0.219303
192108 -0.289611
192109 -0.200927
192110 -0.182800
192111 -0.169016
192112 0.014551
192201 -0.375289
192202 -0.159378
192203 -0.149788
192204 -0.299789
192205 -0.420188
192206 -0.412176
192207 -0.352917
192208 -0.471825
192209 -0.430072
192210 -0.425895
192211 -0.354558
192212 -0.422558
192301 -0.366786
192302 -0.422315
192303 -0.573227
192304 -0.291929
192305 -0.236471
192306 -0.293260
192307 -0.288084
192308 -0.340003
192309 -0.324935
192310 -0.243526
192311 -0.070812
192312 0.106066
192401 -0.221410
192402 0.038888
192403 -0.094456
192404 -0.021039
192405 -0.034567
192406 -0.196784
192407 -0.191578
192408 -0.401311
192409 -0.400627
192410 -0.420472
192411 -0.572371
192412 -0.640682
192501 -0.583502
192502 -0.620667
192503 -0.310399
192504 -0.487286
192505 -0.221193
192506 -0.221784
192507 -0.101641
192508 -0.063823
192509 -0.137110
192510 -0.181961
192511 0.109650
192512 0.119700
192601 0.218234
192602 0.066127
192603 0.171733
192604 0.150534
192605 0.108236
192606 0.185525
192607 0.108073
192608 0.061415
192609 0.008659
192610 -0.072021
192611 -0.088132
192612 -0.095813
192701 -0.192288
192702 -0.027373
192703 -0.202002
192704 -0.217451
192705 -0.214641
192706 -0.211185
192707 -0.181825
192708 -0.159305
192709 -0.118930
192710 -0.039417
192711 0.032924
192712 0.072563
192801 0.100996
192802 0.022485
192803 -0.165444
192804 -0.099660
192805 -0.192087
192806 -0.261251
192807 -0.247936
192808 -0.235718
192809 -0.297940
192810 -0.301089
192811 -0.263273
192812 -0.252868
192901 -0.328668
192902 -0.330843
192903 -0.323353
192904 -0.231587
192905 -0.375007
192906 -0.308818
192907 -0.367617
192908 -0.216800
192909 -0.160868
192910 -0.248989
192911 -0.106389
192912 -0.148008
193001 -0.226079
193002 -0.191948
193003 -0.146389
193004 -0.066982
193005 -0.137425
193006 -0.223578
193007 -0.181510
193008 -0.017848
193009 0.073816
193010 0.155539
193011 0.231687
193012 0.135676
193101 0.270319
193102 0.191674
193103 0.292839
193104 0.169889
193105 0.248301
193106 0.186485
193107 0.148223
193108 -0.027781
193109 0.032725
193110 -0.051216
193111 -0.135166
193112 -0.116334
193201 -0.166877
193202 -0.173882
193203 -0.011827
193204 -0.065316
193205 -0.045083
193206 -0.099166
193207 -0.204105
193208 -0.148430
193209 -0.069253
193210 -0.358890
193211 -0.259393
193212 -0.156793
193301 -0.141353
193302 -0.091629
193303 -0.119443
193304 -0.186577
193305 -0.118417
193306 -0.213750
193307 -0.311382
193308 -0.301196
193309 -0.352015
193310 -0.355130
193311 -0.420032
193312 -0.316068
193401 -0.437864
193402 -0.461937
193403 -0.482210
193404 -0.272788
193405 -0.360189
193406 -0.148910
193407 -0.154421
193408 -0.080513
193409 -0.065090
193410 -0.172102
193411 -0.112191
193412 -0.206638
193501 -0.182017
193502 -0.181928
193503 -0.305522
193504 -0.156329
193505 -0.130828
193506 -0.164714
193507 -0.216419
193508 -0.157354
193509 -0.213075
193510 -0.211898
193511 -0.131805
193512 -0.147000
193601 -0.164402
193602 -0.098672
193603 -0.093468
193604 -0.003206
193605 -0.077273
193606 -0.276727
193607 -0.168512
193608 -0.082286
193609 -0.070039
193610 -0.066524
193611 -0.163086
193612 -0.095706
193701 -0.139267
193702 0.029387
193703 0.068798
193704 0.023512
193705 -0.031807
193706 0.004316
193707 0.050537
193708 0.002935
193709 0.062841
193710 -0.060405
193711 0.042879
193712 0.154418
193801 -0.056749
193802 0.063125
193803 -0.079782
193804 -0.229356
193805 -0.273872
193806 -0.301238
193807 -0.255040
193808 -0.314808
193809 -0.240902
193810 -0.191427
193811 -0.329496
193812 -0.392230
193901 -0.296788
193902 -0.250654
193903 -0.371105
193904 -0.199464
193905 -0.141679
193906 -0.076277
193907 -0.049614
193908 -0.042852
193909 -0.036884
193910 -0.453922
193911 -0.226420
193912 0.006630
194001 0.289208
194002 0.234278
194003 0.155552
194004 0.085606
194005 0.293454
194006 0.163087
194007 0.064815
194008 0.237220
194009 0.127239
194010 0.174446
194011 0.074462
194012 0.202630
194101 0.191557
194102 0.054317
194103 0.195015
194104 0.131632
194105 -0.060609
194106 0.221682
194107 0.155201
194108 0.166835
194109 0.055600
194110 0.355409
194111 0.285778
194112 0.405771
194201 0.354816
194202 0.229296
194203 0.102668
194204 0.009744
194205 0.055494
194206 -0.012286
194207 -0.048985
194208 -0.189708
194209 -0.140182
194210 -0.284515
194211 -0.294870
194212 -0.305092
194301 -0.134898
194302 -0.226655
194303 -0.301580
194304 -0.326471
194305 -0.156062
194306 -0.079106
194307 -0.151843
194308 0.062105
194309 -0.022619
194310 0.038505
194311 -0.099689
194312 -0.004453
194401 -0.087066
194402 -0.016100
194403 0.119884
194404 0.152746
194405 0.186755
194406 0.245984
194407 0.385004
194408 0.276353
194409 0.207538
194410 0.136280
194411 -0.109213
194412 0.196569
194501 0.280148
194502 0.247098
194503 0.014986
194504 0.187456
194505 0.100151
194506 0.221906
194507 0.067911
194508 0.129220
194509 0.142645
194510 0.105658
194511 0.100567
194512 0.266417
194601 0.083718
194602 0.050095
194603 0.251641
194604 0.061371
194605 -0.178227
194606 -0.170601
194607 -0.277315
194608 -0.253695
194609 -0.291169
194610 -0.182277
194611 -0.208941
194612 -0.076733
194701 0.082619
194702 -0.021670
194703 0.034404
194704 -0.126945
194705 -0.187573
194706 -0.063728
194707 -0.119800
194708 -0.187164
194709 -0.255465
194710 -0.313101
194711 -0.167960
194712 -0.136834
194801 -0.176472
194802 -0.066239
194803 0.072175
194804 -0.081536
194805 -0.059084
194806 -0.039569
194807 -0.266357
194808 -0.104381
194809 -0.313252
194810 -0.253090
194811 -0.289040
194812 -0.173633
194901 -0.227866
194902 -0.065833
194903 -0.247776
194904 -0.113752
194905 -0.183311
194906 -0.362307
194907 -0.168134
194908 -0.152585
194909 -0.328979
194910 -0.292482
194911 -0.344955
194912 -0.289996
195001 -0.226872
195002 -0.358784
195003 -0.286022
195004 -0.308669
195005 -0.299984
195006 -0.353722
195007 -0.280267
195008 -0.310267
195009 -0.381768
195010 -0.344045
195011 -0.352651
195012 -0.419293
195101 -0.344021
195102 -0.362745
195103 -0.329299
195104 -0.252388
195105 -0.117335
195106 0.016059
195107 0.071593
195108 0.075731
195109 0.097416
195110 0.247431
195111 0.136020
195112 0.138099
195201 0.142280
195202 0.127212
195203 0.112913
195204 0.133059
195205 0.110977
195206 -0.019888
195207 -0.074802
195208 -0.108126
195209 -0.044990
195210 -0.038880
195211 -0.094188
195212 0.026501
195301 0.087905
195302 0.112393
195303 0.135090
195304 0.149049
195305 0.201008
195306 0.202060
195307 0.074535
195308 0.095086
195309 0.059828
195310 -0.021285
195311 0.015463
195312 0.111781
195401 -0.007873
195402 0.000724
195403 -0.045977
195404 -0.196886
195405 -0.225909
195406 -0.234026
195407 -0.367071
195408 -0.243423
195409 -0.324392
195410 -0.360497
195411 -0.386347
195412 -0.439798
195501 -0.129214
195502 -0.340912
195503 -0.282825
195504 -0.422927
195505 -0.535979
195506 -0.491899
195507 -0.382359
195508 -0.324045
195509 -0.339201
195510 -0.496765
195511 -0.502964
195512 -0.438279
195601 -0.370056
195602 -0.366035
195603 -0.334875
195604 -0.372675
195605 -0.425463
195606 -0.479809
195607 -0.420397
195608 -0.359394
195609 -0.449752
195610 -0.404037
195611 -0.379099
195612 -0.221162
195701 -0.208999
195702 -0.157351
195703 -0.068007
195704 -0.004849
195705 0.188410
195706 0.107728
195707 0.127238
195708 0.123081
195709 -0.047534
195710 0.031567
195711 0.062115
195712 0.209559
195801 0.237900
195802 0.374402
195803 0.234077
195804 0.196092
195805 0.105098
195806 0.052344
195807 0.032491
195808 0.063966
195809 -0.004774
195810 -0.042241
195811 -0.076152
195812 0.018185
195901 0.084604
195902 0.074806
195903 0.047420
195904 0.052628
195905 0.065821
195906 -0.071579
195907 -0.071710
195908 -0.135128
195909 -0.092280
195910 -0.079160
195911 -0.108487
195912 -0.107344
196001 -0.105651
196002 -0.172697
196003 -0.006486
196004 -0.094281
196005 -0.008919
196006 -0.144601
196007 -0.064902
196008 -0.116107
196009 -0.059695
196010 -0.175130
196011 -0.175419
196012 -0.048362
196101 0.001710
196102 0.069764
196103 -0.040648
196104 -0.053319
196105 -0.070303
196106 -0.058297
196107 -0.208044
196108 -0.204933
196109 -0.308420
196110 -0.260062
196111 -0.269167
196112 -0.172211
196201 -0.164413
196202 -0.170568
196203 -0.141704
196204 -0.162393
196205 -0.180092
196206 -0.163706
196207 -0.153352
196208 -0.113334
196209 -0.201227
196210 -0.220903
196211 -0.207675
196212 -0.226455
196301 -0.105304
196302 -0.056325
196303 -0.057518
196304 -0.005861
196305 0.045237
196306 -0.005398
196307 0.094839
196308 0.159461
196309 0.117144
196310 0.112203
196311 0.173383
196312 0.183385
196401 0.200597
196402 0.088475
196403 -0.049487
196404 -0.114425
196405 -0.273418
196406 -0.225376
196407 -0.214025
196408 -0.372918
196409 -0.444427
196410 -0.384529
196411 -0.527882
196412 -0.567778
196501 -0.419230
196502 -0.281959
196503 -0.289086
196504 -0.157397
196505 -0.123438
196506 -0.159445
196507 -0.209293
196508 -0.082438
196509 -0.016764
196510 0.020765
196511 0.044768
196512 0.059415
196601 0.073252
196602 0.084755
196603 0.077665
196604 0.040062
196605 -0.136598
196606 -0.029063
196607 0.047496
196608 -0.053641
196609 -0.083518
196610 -0.098656
196611 -0.057268
196612 -0.046113
196701 -0.210476
196702 -0.234656
196703 -0.233390
196704 -0.173224
196705 -0.127498
196706 -0.142294
196707 -0.267740
196708 -0.326924
196709 -0.329448
196710 -0.424787
196711 -0.443788
196712 -0.371286
196801 -0.448694
196802 -0.409222
196803 -0.415136
196804 -0.338465
196805 -0.345499
196806 -0.076356
196807 -0.115326
196808 -0.070228
196809 -0.064253
196810 -0.004595
196811 0.024817
196812 0.103481
196901 0.220725
196902 0.227333
196903 0.277875
196904 0.317639
196905 0.340684
196906 0.116460
196907 0.021756
196908 0.044326
196909 0.085185
196910 0.165475
196911 0.121536
196912 0.187730
197001 0.220872
197002 0.088029
197003 0.132745
197004 0.060673
197005 -0.025696
197006 -0.172154
197007 -0.191215
197008 -0.292391
197009 -0.260448
197010 -0.303452
197011 -0.309136
197012 -0.429750
197101 -0.432807
197102 -0.504589
197103 -0.483343
197104 -0.342575
197105 -0.376559
197106 -0.434855
197107 -0.407414
197108 -0.403574
197109 -0.377996
197110 -0.437033
197111 -0.449114
197112 -0.523424
197201 -0.300867
197202 -0.155365
197203 -0.205631
197204 -0.078301
197205 -0.038765
197206 0.050743
197207 0.107728
197208 0.185393
197209 0.171197
197210 0.309309
197211 0.373153
197212 0.477632
197301 0.437207
197302 0.308931
197303 0.228624
197304 0.126135
197305 0.048791
197306 -0.022291
197307 -0.025158
197308 -0.060533
197309 -0.073249
197310 -0.214043
197311 -0.266824
197312 -0.370273
197401 -0.500869
197402 -0.481045
197403 -0.416085
197404 -0.369440
197405 -0.277808
197406 -0.262319
197407 -0.214701
197408 -0.084257
197409 -0.197217
197410 -0.289307
197411 -0.304839
197412 -0.273643
197501 -0.306076
197502 -0.252375
197503 -0.318189
197504 -0.300998
197505 -0.309982
197506 -0.350162
197507 -0.252239
197508 -0.294168
197509 -0.441960
197510 -0.476191
197511 -0.542824
197512 -0.634427
197601 -0.585951
197602 -0.474928
197603 -0.403393
197604 -0.334005
197605 -0.310470
197606 -0.184481
197607 -0.118151
197608 -0.080805
197609 -0.043866
197610 0.125219
197611 0.146854
197612 0.074994
197701 0.147303
197702 0.114191
197703 0.073285
197704 0.010081
197705 0.100031
197706 0.137227
197707 0.083540
197708 0.045418
197709 0.114527
197710 0.108515
197711 0.136620
197712 0.129117
197801 0.190457
197802 0.091277
197803 0.079432
197804 -0.040019
197805 -0.043955
197806 -0.011568
197807 -0.016832
197808 -0.076260
197809 -0.068776
197810 -0.115225
197811 -0.022403
197812 0.056186
197901 0.163497
197902 0.081596
197903 0.155364
197904 0.199174
197905 0.130873
197906 0.183848
197907 0.085364
197908 0.100332
197909 0.154672
197910 0.151407
197911 0.229507
197912 0.306981
198001 0.318330
198002 0.245108
198003 0.246922
198004 0.254199
198005 0.271502
198006 0.201425
198007 0.142501
198008 0.136786
198009 0.124414
198010 0.069363
198011 0.114015
198012 0.111939
198101 0.006787
198102 -0.073256
198103 0.098141
198104 0.002758
198105 0.079521
198106 0.071255
198107 0.041613
198108 0.019619
198109 0.142204
198110 0.235265
198111 0.162706
198112 0.219412
198201 0.186819
198202 0.112394
198203 0.096788
198204 0.159566
198205 0.241109
198206 0.218453
198207 0.118706
198208 0.162966
198209 0.257053
198210 0.390375
198211 0.415305
198212 0.478730
198301 0.566094
198302 0.552734
198303 0.494013
198304 0.436523
198305 0.412391
198306 0.495467
198307 0.361341
198308 0.330318
198309 0.235916
198310 0.133388
198311 0.077727
198312 0.201707
198401 0.181748
198402 0.165190
198403 0.224630
198404 0.167880
198405 0.011655
198406 -0.034977
198407 0.025149
198408 0.047065
198409 0.195278
198410 -0.043456
198411 -0.036333
198412 -0.142024
198501 -0.082011
198502 -0.081434
198503 -0.094910
198504 -0.123346
198505 -0.097462
198506 -0.144562
198507 -0.035819
198508 -0.024346
198509 -0.017418
198510 -0.036162
198511 0.033693
198512 0.043818
198601 -0.032061
198602 0.093393
198603 0.037098
198604 0.055388
198605 0.070881
198606 0.142582
198607 0.144959
198608 0.091576
198609 0.184542
198610 0.239793
198611 0.254055
198612 0.182990
198701 0.239429
198702 0.191249
198703 0.396391
198704 0.336922
198705 0.488253
198706 0.491507
198707 0.522381
198708 0.579529
198709 0.592261
198710 0.623872
198711 0.693307
198712 0.553204
198801 0.579275
198802 0.498088
198803 0.528776
198804 0.421604
198805 0.295470
198806 0.191913
198807 0.154462
198808 0.222764
198809 0.184945
198810 0.033905
198811 -0.055823
198812 -0.072635
198901 -0.104609
198902 -0.065999
198903 -0.058531
198904 -0.032173
198905 0.004631
198906 -0.024652
198907 0.165122
198908 0.140135
198909 0.178825
198910 0.175868
198911 0.156598
198912 0.178543
199001 0.142432
199002 0.330503
199003 0.271340
199004 0.302158
199005 0.289060
199006 0.240036
199007 0.247585
199008 0.285718
199009 0.274555
199010 0.352132
199011 0.281836
199012 0.342109
199101 0.330033
199102 0.278466
199103 0.266869
199104 0.314041
199105 0.409889
199106 0.390942
199107 0.432610
199108 0.391624
199109 0.310362
199110 0.280392
199111 0.250233
199112 0.324993
199201 0.295216
199202 0.324238
199203 0.286753
199204 0.353323
199205 0.424861
199206 0.349220
199207 0.306125
199208 0.207079
199209 0.198953
199210 0.131587
199211 0.085785
199212 0.099087
199301 0.147286
199302 0.174665
199303 0.246045
199304 0.294934
199305 0.381320
199306 0.321350
199307 0.305205
199308 0.225845
199309 0.267259
199310 0.260555
199311 0.349500
199312 0.290738
199401 0.340963
199402 0.231263
199403 0.301601
199404 0.295350
199405 0.307672
199406 0.255011
199407 0.201347
199408 0.211674
199409 0.213920
199410 0.394546
199411 0.371601
199412 0.358947
199501 0.389651
199502 0.479001
199503 0.426041
199504 0.413835
199505 0.388058
199506 0.465659
199507 0.489682
199508 0.357939
199509 0.316412
199510 0.223007
199511 0.289693
199512 0.266735
199601 0.230942
199602 0.305772
199603 0.313131
199604 0.274766
199605 0.217844
199606 0.276553
199607 0.317182
199608 0.281337
199609 0.306204
199610 0.253371
199611 0.204774
199612 0.171898
199701 0.109932
199702 0.078451
199703 0.197265
199704 0.245802
199705 0.399547
199706 0.472561
199707 0.569626
199708 0.619318
199709 0.721137
199710 0.842886
199711 0.933365
199712 0.973440
199801 0.948467
199802 0.995542
199803 0.908558
199804 0.842932
199805 0.807420
199806 0.621153
199807 0.637814
199808 0.536091
199809 0.384776
199810 0.308317
199811 0.277918
199812 0.221878
199901 0.007550
199902 0.080844
199903 0.165027
199904 0.127835
199905 0.125426
199906 0.063488
199907 0.199010
199908 0.120421
199909 0.125663
199910 0.088580
199911 0.036563
199912 0.079388
200001 0.055596
200002 0.089111
200003 0.133374
200004 0.161326
200005 0.128962
200006 0.066371
200007 0.098355
200008 0.299666
200009 0.304238
200010 0.238381
200011 0.239615
200012 0.079798
200101 0.209228
200102 0.179645
200103 0.346870
200104 0.355602
200105 0.400413
200106 0.390327
200107 0.367966
200108 0.376545
200109 0.357517
200110 0.354992
200111 0.303696
200112 0.298333
200201 0.379649
200202 0.325236
200203 0.484146
200204 0.504639
200205 0.519825
200206 0.539781
200207 0.465131
200208 0.433191
200209 0.416566
200210 0.523890
200211 0.518978
200212 0.662239
200301 0.628763
200302 0.584011
200303 0.559387
200304 0.503411
200305 0.352922
200306 0.390729
200307 0.501752
200308 0.578792
200309 0.565741
200310 0.617937
200311 0.540490
200312 0.466067
200401 0.530194
200402 0.503393
200403 0.414909
200404 0.459514
200405 0.279818
200406 0.240168
200407 0.298807
200408 0.393824
200409 0.551158
200410 0.493225
200411 0.541030
200412 0.585239
200501 0.570225
200502 0.459068
200503 0.592218
200504 0.510285
200505 0.581649
200506 0.456224
200507 0.391206
200508 0.449490
200509 0.367727
200510 0.344297
200511 0.301434
200512 0.282422
200601 0.290577
200602 0.324574
200603 0.311797
200604 0.349286
200605 0.414723
200606 0.468478
200607 0.390824
200608 0.475204
200609 0.501016
200610 0.513388
200611 0.594575
200612 0.615355
200701 0.585850
200702 0.521740
200703 0.392827
200704 0.429772
200705 0.326637
200706 0.425707
200707 0.376851
200708 0.293188
200709 0.235043
200710 0.135169
200711 0.048032
200712 0.027647
200801 0.013561
200802 0.008917
200803 0.101828
200804 0.145869
200805 0.192198
200806 0.206981
200807 0.276494
200808 0.386376
200809 0.478264
200810 0.370509
200811 0.314696
200812 0.278432
200901 0.306597
200902 0.247408
200903 0.312933
200904 0.398451
200905 0.549619
200906 0.637819
200907 0.685605
200908 0.714507
200909 0.614533
200910 0.667289
200911 0.670256
200912 0.758182
201001 0.741076
201002 0.748915
201003 0.754693
201004 0.810118
201005 0.724606
201006 0.589201
201007 0.499535
201008 0.373975
201009 0.246227
201010 0.229003
201011 0.124936
201012 0.164007
201101 0.089865
201102 0.178748
201103 0.208548
201104 0.218451
201105 0.266328
201106 0.274973
201107 0.333039
201108 0.288857
201109 0.193316
201110 0.135224
201111 0.153393
201112 0.172227
201201 0.154221
201202 0.201330
201203 0.204111
201204 0.367417
201205 0.402404
201206 0.400205
201207 0.364857
201208 0.422996
201209 0.497375
201210 0.467816
201211 0.569829
201212 0.487976
201301 0.374471
201302 0.427785
201303 0.409806
201304 0.454313
201305 0.475932
201306 0.292638
201307 0.330971
201308 0.416108
201309 0.439085
201310 0.391533
201311 0.464933
201312 0.441995
201401 0.398699
201402 0.332765
201403 0.385121
201404 0.500637
201405 0.642950
201406 0.671800
201407 0.540706
201408 0.569154
201409 0.585878
201410 0.609832
201411 0.607517
201412 0.633610
201501 0.589206
201502 0.570816
201503 0.599655
201504 0.697386
201505 0.706969
201506 0.730307
201507 0.859598
201508 0.842728
201509 0.998028
201510 0.981084
201511 1.014201
201512 1.104092
201601 1.159150
201602 1.000728
201603 1.095264
201604 0.932658
201605 0.839326
201606 0.844709
201607 0.778863
201608 0.722770
201609 0.637947
201610 0.646114
201611 0.633896
201612 0.640128
201701 0.615878
201702 0.623995
201703 0.676291
201704 0.785114
201705 0.744024
201706 0.677982
201707 0.658435
201708 0.721389
201709 0.611690
201710 0.573277
201711 0.530316
201712 0.393006
201801 0.376084
201802 0.306672
201803 0.367633
201804 0.468958
201805 0.457556
201806 0.421645
201807 0.431005
201808 0.529983
201809 0.580638
201810 0.653097
201811 0.670421
201812 0.709459
201901 0.626474
201902 0.608519
201903 0.698377
201904 0.745321
201905 0.684729
201906 0.671767
201907 0.681653
201908 0.669082
201909 0.625149
201910 0.712908
201911 0.800447
201912 0.796380
202001 0.897989
202002 0.804150
202003 0.882820
202004 0.953732
202005 0.774482
202006 0.671804
202007 0.709917
202008 0.703279
202009 0.500568
202010 0.456513
202011 0.421199
202012 0.382928
202101 0.309952
202102 0.262223
202103 0.296818
202104 0.376420
202105 0.451064
202106 0.479301
202107 0.572673
202108 0.615734
202109 0.575253
202110 0.552982
202111 0.491111
202112 0.289103
202201 0.490749
202202 0.433791
202203 0.501429
202204 0.466032
202205 0.394947
202206 0.498961
202207 0.351246
202208 0.461779
202209 0.408332
202210 0.374956
202211 0.360651
202212 0.443515
202301 0.445588
202302 0.414583
202303 0.581310
202304 0.822994
202305 0.872358
202306 0.888393
202307 0.944602
202308 1.047964
202309 1.043635
202310 1.030006
202311 1.118791
202312 1.102875
202401 1.289720
202402 1.227977
202403 1.159968
202404 1.132149
202405 0.991821
202406 0.843513
202407 0.852355
202408 0.871692
202409 0.798999
202410 0.815436
202411 0.821274
202412 0.653235
202501 0.621467
202502 0.707213
202503 0.725947
202504 0.667762
202505 0.673354
202506 0.627145
