time(yyyymm) ts_cwv
198801 41.964218
198802 41.821567
198803 42.630951
198804 44.045712
198805 43.243072
198806 41.044483
198807 40.185414
198808 40.036036
198809 40.173948
198810 40.285151
198811 40.196448
198812 39.471871
198901 39.732259
198902 39.354577
198903 39.990648
198904 42.425228
198905 42.000104
198906 40.363540
198907 39.753033
198908 39.341556
198909 40.289489
198910 40.785212
198911 41.209745
198912 40.071356
199001 40.733885
199002 41.120395
199003 42.748513
199004 43.239225
199005 43.838774
199006 41.727170
199007 40.039866
199008 40.351339
199009 40.880745
199010 41.205470
199011 41.961265
199012 41.308538
199101 40.717931
199102 40.794781
199103 41.498584
199104 43.455642
199105 42.934241
199106 41.930981
199107 41.323761
199108 41.832706
199109 40.585388
199110 40.573818
199111 41.633818
199112 40.994743
199201 40.658028
199202 40.901153
199203 42.584533
199204 43.705854
199205 44.194803
199206 41.937990
199207 40.801814
199208 40.387291
199209 40.112403
199210 40.573701
199211 40.546350
199212 39.962357
199301 39.534368
199302 39.772728
199303 41.548818
199304 43.357603
199305 43.705309
199306 42.064396
199307 40.984295
199308 40.230327
199309 40.829935
199310 41.841354
199311 42.274172
199312 42.317304
199401 40.735607
199402 41.144900
199403 42.239174
199404 43.362887
199405 43.351167
199406 41.665427
199407 40.814796
199408 40.790320
199409 40.438686
199410 41.172718
199411 42.033516
199412 41.839202
199501 41.347400
199502 41.266209
199503 42.264404
199504 43.695769
199505 43.426085
199506 42.007488
199507 41.692377
199508 41.397836
199509 41.027358
199510 40.987298
199511 41.027087
199512 40.235097
199601 40.467284
199602 41.010311
199603 42.124515
199604 43.750462
199605 42.662791
199606 42.012992
199607 40.294133
199608 40.131315
199609 40.601475
199610 41.224110
199611 40.826944
199612 41.000213
199701 40.050628
199702 41.078906
199703 42.378346
199704 43.023669
199705 43.591743
199706 42.337676
199707 42.947837
199708 41.700963
199709 42.118408
199710 43.132444
199711 43.225655
199712 43.840517
199801 43.486162
199802 43.102266
199803 44.253689
199804 45.935454
199805 45.808675
199806 43.374734
199807 42.261197
199808 41.869976
199809 41.598114
199810 41.870845
199811 41.655354
199812 41.106038
199901 40.324357
199902 41.408579
199903 42.857761
199904 43.372575
199905 42.403625
199906 40.895950
199907 40.717559
199908 39.998094
199909 40.232333
199910 40.783229
199911 41.070064
199912 40.611872
200001 39.827759
200002 40.586575
200003 41.896314
200004 44.055597
200005 43.308990
200006 41.374946
200007 40.613246
200008 40.721438
200009 40.879118
200010 42.062349
200011 41.449217
200012 41.086686
200101 40.695131
200102 41.683878
200103 42.459771
200104 44.403764
200105 43.357700
200106 42.342373
200107 41.089818
200108 41.452922
200109 41.193297
200110 41.718380
200111 42.306184
200112 42.066415
200201 41.537787
200202 41.926104
200203 43.810035
200204 45.141537
200205 44.582980
200206 43.060696
200207 41.746587
200208 41.507146
200209 41.587873
200210 42.978639
200211 43.479862
200212 42.596683
200301 42.066799
200302 42.361624
200303 42.855704
200304 44.272608
200305 44.227913
200306 41.890678
200307 42.504074
200308 40.972672
200309 41.522030
200310 41.948166
200311 43.253618
200312 42.909080
200401 41.494570
200402 42.270978
200403 43.637625
200404 44.671811
200405 44.039593
200406 42.381097
200407 41.249797
200408 40.670231
200409 41.634891
200410 42.372691
200411 42.897198
200412 42.730385
200501 42.142895
200502 42.290149
200503 42.853429
200504 45.111156
200505 43.889525
200506 42.499130
200507 42.118938
200508 41.145656
200509 42.061188
200510 42.274380
200511 42.226978
200512 41.479653
200601 41.752220
200602 42.327231
200603 42.722473
200604 44.048430
200605 43.342894
200606 42.852509
200607 41.686289
200608 41.340456
200609 42.232797
200610 42.864236
200611 42.744818
200612 43.341246
200701 42.423610
200702 41.868589
200703 43.190499
200704 44.523702
200705 44.278784
200706 43.006323
200707 41.116389
200708 41.505293
200709 41.852947
200710 41.300676
200711 41.624470
200712 40.981556
200801 40.813511
200802 40.466061
200803 41.877379
200804 42.913773
200805 41.928438
200806 41.739018
200807 40.660168
200808 41.366008
200809 41.904119
200810 42.563603
200811 42.575505
200812 41.349915
200901 41.243917
200902 42.094129
200903 42.847376
200904 44.287155
200905 43.915107
200906 42.508459
200907 42.569003
200908 42.247216
200909 43.039633
200910 42.543542
200911 43.290373
200912 42.515965
201001 42.554268
201002 43.131795
201003 44.727430
201004 46.187936
201005 45.521492
201006 43.450389
201007 42.479176
201008 41.952892
201009 41.755472
201010 41.689430
201011 41.530081
201012 40.709976
201101 41.059957
201102 40.681915
201103 42.591853
201104 44.090333
201105 43.951283
201106 42.333951
201107 41.063048
201108 40.926472
201109 41.620842
201110 41.222255
201111 42.429148
201112 42.080223
201201 40.525488
201202 41.458830
201203 43.283695
201204 44.467025
201205 44.182996
201206 42.029247
201207 42.306909
201208 41.284969
201209 42.250628
201210 42.449000
201211 42.856522
201212 42.768146
201301 42.202507
201302 42.712276
201303 44.463028
201304 44.567630
201305 44.316781
201306 42.686904
201307 41.856048
201308 41.063804
201309 41.768710
201310 42.318654
201311 42.417538
201312 41.874807
201401 41.627341
201402 41.467998
201403 43.362896
201404 45.018715
201405 44.691125
201406 44.381728
201407 42.106257
201408 41.912285
201409 41.886368
201410 42.966004
201411 42.898535
201412 43.307629
201501 41.753477
201502 42.425366
201503 43.548464
201504 45.246819
201505 45.548658
201506 44.426115
201507 43.082300
201508 43.017785
201509 43.668513
201510 44.500910
201511 45.647180
201512 45.566115
201601 43.709955
201602 45.208607
201603 45.971911
201604 46.500572
201605 46.440437
201606 44.213986
201607 42.898657
201608 42.619530
201609 42.837864
201610 42.555617
201611 43.053673
201612 42.791118
201701 42.043983
201702 42.451771
201703 44.222947
201704 45.014671
201705 45.516203
201706 44.025555
201707 43.299009
201708 42.831326
201709 43.029675
201710 43.539121
201711 42.728202
201712 42.374181
201801 41.833875
201802 42.121473
201803 42.971019
201804 44.656029
201805 44.529236
201806 42.589397
201807 42.937401
201808 41.809509
201809 42.583927
201810 42.858847
201811 43.540910
201812 43.781094
201901 43.002208
201902 42.595082
201903 44.030626
201904 45.214511
201905 45.485917
201906 44.849217
201907 43.180603
201908 42.729339
201909 42.634558
201910 43.061378
201911 43.553233
201912 43.242567
202001 43.773907
202002 44.289428
202003 44.373519
202004 45.598901
202005 45.440907
202006 44.105988
202007 43.434359
202008 42.276314
202009 42.873849
202010 43.318986
202011 42.710368
202012 42.549659
202101 41.975700
202102 41.593162
202103 43.352682
202104 44.521254
202105 44.513099
202106 42.911512
202107 43.071307
202108 42.194654
202109 43.199304
202110 42.875999
202111 42.627281
202112 42.527646
202201 41.122282
202202 41.652785
202203 43.308603
202204 44.600889
202205 43.414133
202206 42.199172
202207 42.531952
202208 41.603753
202209 41.766600
202210 42.263272
202211 41.911234
202212 41.864378
202301 41.652292
202302 42.846896
202303 43.004498
202304 45.753597
202305 47.002830
202306 44.395124
202307 44.774862
202308 43.801372
202309 44.870639
202310 44.716070
202311 45.520470
202312 45.932710
202401 44.575408
202402 45.541250
202403 46.814563
202404 48.108164
202405 47.895932
202406 44.909473
202407 43.928459
202408 43.553476
202409 44.300814
202410 44.259397
202411 44.173900
202412 44.693304
