time(yyyymm) ts_tmt
198101 -0.361855
198102 -0.294840
198103 -0.245004
198104 -0.205864
198105 -0.187107
198106 -0.288979
198107 -0.414613
198108 -0.285333
198109 -0.296072
198110 -0.171907
198111 -0.309813
198112 -0.378947
198201 -0.285061
198202 -0.364166
198203 -0.212270
198204 -0.376154
198205 -0.245465
198206 -0.139296
198207 -0.431114
198208 -0.409742
198209 -0.431964
198210 -0.584022
198211 -0.276682
198212 -0.172268
198301 0.655832
198302 0.548559
198303 0.727309
198304 0.454114
198305 0.279242
198306 0.118339
198307 0.137302
198308 0.009115
198309 -0.196465
198310 -0.326407
198311 -0.448979
198312 -0.677541
198401 -0.734555
198402 -0.483200
198403 -0.227841
198404 -0.355687
198405 -0.557270
198406 -0.526003
198407 -0.834512
198408 -0.513954
198409 -0.869435
198410 -0.474342
198411 -0.685644
198412 -0.563910
198501 -0.479051
198502 -0.454021
198503 -0.468650
198504 -0.618984
198505 -0.505547
198506 -0.580712
198507 -1.114237
198508 -0.696000
198509 -0.678543
198510 -0.522109
198511 -0.530943
198512 -0.584211
198601 -0.212939
198602 -0.604519
198603 -0.441341
198604 -0.333816
198605 -0.372880
198606 -0.342838
198607 -0.545031
198608 -0.272866
198609 -0.314369
198610 -0.187863
198611 -0.172416
198612 -0.063631
198701 0.173351
198702 0.240376
198703 0.168262
198704 0.342356
198705 0.053345
198706 0.514186
198707 0.272582
198708 0.254895
198709 0.266255
198710 0.417936
198711 0.450363
198712 0.604939
198801 0.328822
198802 0.230748
198803 0.539638
198804 0.074902
198805 0.175099
198806 -0.225147
198807 -0.161764
198808 -0.123286
198809 -0.108863
198810 -0.252271
198811 -0.513372
198812 -0.977678
198901 -0.710569
198902 -0.859484
198903 -0.872762
198904 -0.652442
198905 -0.646971
198906 -0.672287
198907 -0.531709
198908 -0.477286
198909 -0.437544
198910 -0.347421
198911 -0.231719
198912 -0.419967
199001 -0.288132
199002 -0.326847
199003 -0.134308
199004 -0.075885
199005 -0.004592
199006 0.015201
199007 -0.337700
199008 -0.143449
199009 -0.203732
199010 -0.085045
199011 0.005008
199012 -0.114167
199101 0.173854
199102 0.205350
199103 0.237949
199104 -0.020981
199105 0.177244
199106 0.329362
199107 -0.033334
199108 -0.132696
199109 -0.059426
199110 -0.562844
199111 -0.479262
199112 -0.370955
199201 -0.271188
199202 -0.024078
199203 0.127461
199204 0.100540
199205 -0.113352
199206 0.001935
199207 -0.492506
199208 -0.408518
199209 -0.473179
199210 -0.353719
199211 -0.607384
199212 -0.549678
199301 -0.440219
199302 -0.554213
199303 -0.511607
199304 -0.215466
199305 -0.147588
199306 0.047651
199307 -0.133990
199308 -0.298881
199309 -0.453213
199310 -0.062146
199311 -0.007737
199312 0.160929
199401 -0.075177
199402 -0.150085
199403 -0.197625
199404 -0.162609
199405 -0.094577
199406 -0.114345
199407 -0.180449
199408 -0.266723
199409 -0.047691
199410 -0.325908
199411 -0.180956
199412 0.133361
199501 0.118340
199502 -0.065356
199503 -0.000270
199504 0.217527
199505 0.011950
199506 0.229174
199507 -0.150007
199508 0.101196
199509 0.098571
199510 -0.036258
199511 -0.231956
199512 -0.465010
199601 -0.511242
199602 -0.240274
199603 -0.017795
199604 -0.177063
199605 -0.201304
199606 -0.107187
199607 -0.171170
199608 -0.325557
199609 -0.024433
199610 -0.126058
199611 -0.345304
199612 -0.457977
199701 -0.443086
199702 -0.437815
199703 -0.389709
199704 -0.512423
199705 -0.246067
199706 -0.190287
199707 0.274704
199708 0.191011
199709 0.247223
199710 0.216531
199711 0.165685
199712 0.626858
199801 1.180976
199802 1.355547
199803 1.260577
199804 1.209773
199805 0.944480
199806 0.497384
199807 0.173041
199808 0.190536
199809 0.120200
199810 0.196833
199811 -0.204829
199812 -0.290544
199901 -0.394478
199902 -0.520651
199903 -0.405750
199904 -0.466281
199905 -0.706229
199906 -0.671882
199907 -0.611460
199908 -0.546702
199909 -0.582578
199910 -0.514492
199911 -0.618902
199912 -0.663364
200001 -0.605935
200002 -0.689661
200003 -0.610116
200004 -0.523795
200005 -0.440379
200006 -0.536077
200007 -0.550883
200008 -0.407524
200009 -0.405699
200010 -0.126766
200011 -0.132229
200012 -0.204666
200101 -0.500580
200102 -0.232925
200103 -0.325211
200104 -0.121432
200105 -0.193858
200106 -0.370663
200107 -0.305278
200108 0.031034
200109 -0.322772
200110 0.011617
200111 -0.103146
200112 -0.123889
200201 -0.096270
200202 -0.073486
200203 0.000646
200204 -0.105692
200205 0.112708
200206 0.016306
200207 0.168895
200208 0.048497
200209 -0.009948
200210 -0.017941
200211 0.074565
200212 0.225740
200301 0.318860
200302 0.357583
200303 0.149975
200304 0.108740
200305 0.046461
200306 -0.229186
200307 -0.087357
200308 -0.049958
200309 -0.083833
200310 0.134325
200311 0.095182
200312 0.071290
200401 0.200568
200402 0.140019
200403 0.168779
200404 -0.023945
200405 -0.075915
200406 -0.294650
200407 -0.517089
200408 -0.104370
200409 -0.329911
200410 -0.067484
200411 -0.016754
200412 0.001549
200501 0.175419
200502 0.411272
200503 0.389575
200504 0.357503
200505 0.049067
200506 0.162921
200507 0.121880
200508 0.000109
200509 0.101061
200510 -0.110351
200511 -0.020195
200512 -0.130060
200601 -0.162178
200602 0.040286
200603 -0.185907
200604 -0.242098
200605 -0.317909
200606 -0.133280
200607 0.030783
200608 -0.040191
200609 -0.130934
200610 0.121859
200611 -0.106725
200612 0.210748
200701 0.519413
200702 0.172099
200703 0.065878
200704 -0.053928
200705 -0.014834
200706 -0.001923
200707 0.005736
200708 -0.166912
200709 -0.114091
200710 -0.327042
200711 -0.365978
200712 -0.540866
200801 -0.467109
200802 -0.605904
200803 -0.814024
200804 -0.738644
200805 -0.750086
200806 -0.515199
200807 -0.449259
200808 -0.494918
200809 -0.250898
200810 -0.197854
200811 -0.228213
200812 -0.397462
200901 -0.364097
200902 -0.275777
200903 -0.391567
200904 -0.110218
200905 -0.214897
200906 -0.129800
200907 0.224611
200908 0.198296
200909 0.337172
200910 0.163175
200911 0.260187
200912 0.289751
201001 0.558419
201002 0.772491
201003 0.766171
201004 0.619665
201005 0.761338
201006 0.337076
201007 0.126940
201008 0.057616
201009 -0.115131
201010 -0.246077
201011 -0.489800
201012 -0.702472
201101 -0.694313
201102 -0.636563
201103 -0.591633
201104 -0.474071
201105 -0.270736
201106 -0.066996
201107 -0.111060
201108 -0.077432
201109 -0.133716
201110 -0.401943
201111 -0.316247
201112 -0.313266
201201 -0.411256
201202 -0.576322
201203 -0.356835
201204 -0.447599
201205 -0.315262
201206 -0.271369
201207 -0.096476
201208 -0.110310
201209 -0.037795
201210 -0.013711
201211 0.079645
201212 0.035990
201301 0.374274
201302 0.130361
201303 0.144076
201304 0.092504
201305 -0.054826
201306 -0.010182
201307 -0.257336
201308 -0.203927
201309 -0.035239
201310 -0.186226
201311 -0.232279
201312 -0.158808
201401 -0.189561
201402 -0.203815
201403 -0.070712
201404 0.051259
201405 0.099175
201406 0.391721
201407 0.301824
201408 -0.133513
201409 -0.015992
201410 0.009376
201411 0.102548
201412 0.152640
201501 0.130075
201502 -0.206351
201503 0.038340
201504 0.040205
201505 0.227375
201506 0.402553
201507 0.330291
201508 0.401189
201509 0.441607
201510 0.443320
201511 0.433830
201512 0.650037
201601 0.950088
201602 1.064801
201603 1.181872
201604 1.005118
201605 0.716004
201606 0.330388
201607 0.296697
201608 0.398757
201609 0.265962
201610 0.332227
201611 0.247168
201612 0.140239
201701 0.061788
201702 0.044233
201703 0.043188
201704 0.203546
201705 0.378411
201706 0.281176
201707 0.355670
201708 0.314889
201709 0.396388
201710 0.295765
201711 0.088042
201712 0.107757
201801 -0.186073
201802 -0.055347
201803 0.006257
201804 -0.165318
201805 -0.070607
201806 0.025217
201807 0.132557
201808 -0.020766
201809 0.043166
201810 0.134808
201811 0.324016
201812 0.248510
201901 0.388468
201902 0.423006
201903 0.391248
201904 0.528201
201905 0.328771
201906 0.611964
201907 0.278855
201908 0.359434
201909 0.400603
201910 0.048925
201911 0.306381
201912 0.437239
202001 0.602507
202002 0.682796
202003 0.540937
202004 0.440887
202005 0.707914
202006 0.390723
202007 0.308237
202008 0.453196
202009 0.274026
202010 0.119976
202011 0.063100
202012 -0.132470
202101 -0.096957
202102 -0.109573
202103 -0.297668
202104 -0.218233
202105 0.176333
202106 -0.089205
202107 0.204724
202108 0.091162
202109 0.104257
202110 0.235282
202111 0.020157
202112 -0.025952
202201 -0.169459
202202 -0.176033
202203 -0.042927
202204 -0.033151
202205 0.058217
202206 -0.337620
202207 0.135598
202208 -0.051999
202209 -0.026024
202210 -0.094401
202211 -0.325540
202212 -0.456281
202301 -0.358535
202302 -0.100891
202303 -0.101828
202304 -0.045453
202305 0.432991
202306 0.621690
202307 0.907999
202308 0.856391
202309 0.880431
202310 0.857287
202311 0.927279
202312 1.068432
202401 1.397610
202402 1.403271
202403 1.434458
202404 1.322774
202405 1.370625
202406 0.934485
202407 1.047183
202408 0.817280
202409 0.884985
202410 0.648355
202411 0.544185
202412 0.509978
