time(yyyymm) ts_cwv ts_sst
200206 39.614648 -0.088800
200207 38.738865 -0.375486
200208 38.397535 -0.732005
200209 38.756135 -0.694185
200210 40.109636 -0.235336
200211 40.199494 -0.107934
200212 39.531299 -0.165008
200301 39.220698 -0.210149
200302 39.556088 -0.041975
200303 40.322782 0.270360
200304 41.453449 0.467230
200305 41.186586 0.337294
200306 38.953928 -0.002284
200307 39.259176 -0.250765
200308 38.057906 -0.498598
200309 38.824641 -0.411516
200310 39.137549 -0.215253
200311 40.260080 -0.095514
200312 39.495413 -0.181701
200401 38.552633 -0.382026
200402 39.422151 -0.101236
200403 40.864467 0.198667
200404 41.835078 0.539442
200405 40.936616 0.333015
200406 39.401763 -0.188696
200407 38.161217 -0.525330
200408 37.801519 -0.671294
200409 38.745683 -0.493076
200410 39.511235 -0.246650
200411 39.929425 -0.177959
200412 39.623887 -0.170328
200501 39.180679 -0.249475
200502 39.459442 -0.160807
200503 40.239698 0.263827
200504 42.347558 0.580723
200505 41.115848 0.467533
200506 39.512878 0.026637
200507 38.846248 -0.289251
200508 38.218813 -0.537459
200509 38.910274 -0.550968
200510 39.481419 -0.333940
200511 39.211314 -0.346255
200512 38.481385 -0.490864
200601 38.549562 -0.508395
200602 39.573290 -0.217549
200603 40.262907 0.181274
200604 41.689276 0.454350
200605 41.150899 0.398979
200606 39.973496 -0.057126
200607 38.732025 -0.338208
200608 38.523552 -0.480106
200609 39.241636 -0.325908
200610 39.933324 -0.162812
200611 39.910994 -0.006407
200612 39.992296 -0.168036
200701 39.086808 -0.293572
200702 39.259659 -0.076311
200703 40.586164 0.180275
200704 41.815873 0.441739
200705 41.448119 0.288501
200706 39.638743 -0.029628
200707 38.161754 -0.418754
200708 38.194975 -0.653818
200709 38.849913 -0.747796
200710 38.339204 -0.689790
200711 38.390316 -0.705179
200712 37.925329 -0.821562
200801 37.898939 -0.812679
200802 37.614316 -0.671349
200803 39.516046 -0.094141
200804 40.476159 0.246867
200805 39.600297 0.116876
200806 38.811747 -0.230060
200807 37.355548 -0.564371
200808 38.105745 -0.641396
200809 38.740669 -0.522980
200810 39.459619 -0.379197
200811 39.608071 -0.285445
200812 38.477476 -0.433197
200901 38.324562 -0.452544
200902 39.269269 -0.233564
200903 40.501826 0.182589
200904 41.696400 0.490074
200905 41.166237 0.535695
200906 39.682279 0.272248
200907 39.377170 -0.097346
200908 39.271399 -0.257546
200909 40.091945 -0.208020
200910 39.652495 0.022281
200911 40.113029 0.178282
200912 39.637092 0.171678
201001 39.483664 0.066109
201002 40.466193 0.093929
201003 41.891033 0.434916
201004 43.460978 0.707885
201005 42.228009 0.490841
201006 39.923916 0.126567
201007 38.675333 -0.355876
201008 38.481294 -0.711124
201009 38.209925 -0.823380
201010 38.455996 -0.780731
201011 38.572922 -0.668671
201012 37.565451 -0.806021
201101 38.035357 -0.742248
201102 37.996528 -0.513818
201103 39.912104 -0.028288
201104 41.248784 0.287240
201105 41.325875 0.206767
201106 39.460727 -0.203871
201107 37.850861 -0.605117
201108 38.120917 -0.772995
201109 38.598033 -0.891703
201110 38.284614 -0.613088
201111 39.564836 -0.573076
201112 38.855759 -0.510840
201201 37.669618 -0.539951
201202 38.730791 -0.298777
201203 40.656020 0.062263
201204 41.922937 0.508688
201205 41.540416 0.366894
201206 39.217123 0.071800
201207 39.113095 -0.427015
201208 38.294259 -0.545201
201209 39.025275 -0.518436
201210 39.326885 -0.375140
201211 39.719282 -0.144123
201212 39.523790 -0.155934
201301 38.866784 -0.342278
201302 39.552273 -0.076743
201303 41.522298 0.280658
201304 41.819217 0.478545
201305 41.249366 0.344511
201306 39.511223 -0.110329
201307 38.500052 -0.448413
201308 38.074763 -0.625261
201309 38.683911 -0.526066
201310 39.248590 -0.358106
201311 39.437114 -0.227918
201312 38.778440 -0.336170
201401 38.594125 -0.391590
201402 38.810684 -0.232926
201403 40.709704 0.208081
201404 42.193991 0.617046
201405 41.647789 0.523713
201406 41.137318 0.173414
201407 38.916265 -0.347148
201408 38.851486 -0.503623
201409 38.896175 -0.459304
201410 40.083106 -0.081071
201411 39.882772 -0.032331
201412 39.950630 -0.134673
201501 38.755926 -0.262514
201502 39.669661 -0.053761
201503 40.495307 0.358737
201504 42.295446 0.701035
201505 42.435427 0.636398
201506 41.128766 0.341199
201507 39.674063 0.093689
201508 39.921744 -0.119592
201509 40.799308 0.046596
201510 41.354063 0.269498
201511 42.047593 0.430937
201512 41.772798 0.344992
201601 40.430850 0.225147
201602 41.683545 0.282701
201603 43.275948 0.610753
201604 43.470949 0.790578
201605 43.298765 0.735991
201606 40.812775 0.361810
201607 39.547480 -0.108093
201608 39.369812 -0.394133
201609 39.580241 -0.382292
201610 39.413411 -0.226823
201611 39.703783 -0.088138
201612 39.318836 -0.146925
201701 38.741155 -0.151332
201702 39.450269 0.105865
201703 41.286837 0.441356
201704 42.244768 0.672962
201705 42.307938 0.537051
201706 40.707222 0.188618
201707 40.019421 -0.192785
201708 39.485313 -0.427139
201709 39.659688 -0.491407
201710 40.095896 -0.289584
201711 39.610980 -0.282387
201712 39.148167 -0.404318
201801 38.529273 -0.424020
201802 39.193824 -0.195088
201803 40.195221 0.122491
201804 41.624044 0.467217
201805 41.607020 0.366313
201806 39.744781 0.030660
201807 39.923968 -0.317645
201808 38.899144 -0.509119
201809 39.473780 -0.351799
201810 39.946334 -0.024462
201811 40.324064 0.041058
201812 40.180441 -0.019505
201901 39.826869 -0.164457
201902 39.796964 0.136142
201903 41.489460 0.473827
201904 42.519302 0.737028
201905 42.577304 0.669071
201906 41.530916 0.295411
201907 40.139557 -0.022509
201908 39.686938 -0.322810
201909 39.522209 -0.328820
201910 40.135908 0.002213
201911 40.553186 0.097046
201912 40.179481 0.074479
202001 40.441685 0.019682
202002 41.008581 0.075593
202003 41.616654 0.515752
202004 42.784712 0.814573
202005 42.161670 0.584453
202006 40.656272 0.199601
202007 39.881437 -0.206508
202008 38.958199 -0.495430
202009 39.469634 -0.575828
202010 39.981616 -0.404408
202011 39.468776 -0.345324
202012 39.281635 -0.442891
202101 38.627528 -0.596925
202102 38.906226 -0.379574
202103 40.659812 0.150774
202104 41.879635 0.446269
202105 41.484243 0.295868
202106 39.819179 0.011049
202107 39.649927 -0.338327
202108 38.700942 -0.535361
202109 39.815135 -0.488005
202110 39.443704 -0.370077
202111 39.465150 -0.322662
202112 39.550710 -0.415390
202201 38.371743 -0.373731
202202 38.804339 -0.268489
202203 40.444870 0.091700
202204 41.665269 0.422714
202205 40.413947 0.183321
202206 38.956837 -0.085125
202207 38.928847 -0.553876
202208 38.069458 -0.773316
202209 38.355700 -0.729758
202210 39.140733 -0.561302
202211 38.763520 -0.358589
202212 38.643374 -0.332853
202301 38.493841 -0.382172
202302 39.834572 -0.116045
202303 40.331708 0.490665
202304 42.905620 0.922386
202305 43.429811 0.745707
202306 41.032482 0.466971
202307 40.784710 0.107357
202308 40.273290 0.013965
202309 41.222056 0.063756
202310 41.175541 0.311550
202311 41.948285 0.450632
202312 42.090840 0.465486
202401 41.062167 0.437601
202402 41.924289 0.502053
202403 43.551036 0.795615
202404 44.732486 1.003565
202405 43.970247 0.808549
202406 41.053876 0.452252
202407 40.149848 -0.008594
202408 39.884477 -0.242924
202409 40.539955 -0.192842
202410 40.582654 0.017392
202411 40.557762 0.054067
202412 40.590011 -0.126375
